start_date: 1960-10-01 24:00
start_date: 2013-09-30 24:00
data_date: 1960-10-01 24:00
timestep: 1 DAY
units: cfs
scale: 1.000000
#Series Slot: Clear Lake.Inflow [1 cfs]
45.86
46.72
45.86
45.86
45.86
46.72
48.11
47.41
47.41
48.11
49.84
49.84
49.84
50.53
50.53
49.84
50.53
51.22
51.22
50.53
50.53
50.53
50.53
48.97
48.11
48.97
48.97
50.53
51.22
56.24
63.16
20.68
19.72
19.47
18.83
18.83
18.83
18.83
18.83
19.15
19.47
19.72
20.04
20.36
20.99
20.68
20.68
20.68
20.68
20.36
20.68
20.99
20.04
20.36
20.99
22.27
22.58
23.54
23.54
21.63
21.95
78.63
94.81
113.5
114.87
100.97
86.61
68.37
66.1
68.37
70.65
71.79
72.93
75.21
77.49
74.07
76.35
77.49
79.77
90.03
108.49
128.09
117.15
100.97
94.81
88.89
86.61
84.33
84.33
80.91
72.93
70.65
0
0
0
0
0
0
0
0
0
0
0
0
0
0
0
0
0
0
0
0
0
0
0
0
0
0
0
0
0
0
0
53.73
61.9
83.96
89.98
95.71
86.54
75.37
70.49
72.93
84.82
103.74
137.84
161.91
161.91
138.84
113.77
107.75
109.75
98.72
83.1
74.51
71.35
69.78
75.37
75.37
70.49
67.34
63.47
65.69
64.78
62.35
62.35
62.35
62.35
62.35
62.35
60.07
59.3
61.59
63.26
69.04
74.05
77.4
91.85
111.16
120.74
110.09
95.5
86.37
83.64
82.72
83.64
94.58
104.77
111.16
111.16
113.29
109.03
107.97
33.61
31.97
31.32
31.65
33.61
35.91
36.57
35.58
34.27
31.97
30.99
30.66
29.16
29.72
31.32
30
29.16
29.44
30.66
32.96
33.94
32.63
30
28.6
27.47
26.63
25.22
23.86
23.35
23.35
70.45
73.57
76.96
82.9
86.3
89.69
88.84
87.15
88
91.53
92.52
91.53
93.51
98.47
99.46
99.46
97.47
92.52
88.84
88.84
86.3
87.15
87.15
88.84
92.52
93.51
92.52
91.53
91.53
92.52
93.51
44.48
49.05
50.87
50.42
50.42
50.42
48.59
46.77
44.94
43.11
40.57
36.66
36.26
34.31
35.09
34.31
29.61
28.89
28.18
27.46
24.79
25.11
24.13
23.81
23.15
22.83
21.52
20.22
19.31
18.46
0
0
0
0
0
0
0
0
0
0
0
0
0
0
0
0
0
0
0
0
0
0
0
0
0
0
0
0
0
0
0
58.25
58.25
58.25
57.13
58.25
57.13
58.25
56.02
54.9
54.9
56.02
58.25
58.25
59.36
58.25
59.36
58.25
59.36
58.25
58.25
59.36
60.48
59.36
58.25
59.36
59.36
60.48
60.48
61.59
63.82
62.71
3.96
3.96
3.89
3.89
3.96
3.96
3.96
4.03
4.03
4.03
3.96
3.96
3.96
3.96
4.03
4.16
4.23
4.23
4.16
4.3
4.5
4.59
4.59
4.5
4.43
4.5
4.43
4.5
4.59
4.5
39.8
39.2
39.8
39.8
39.8
39.8
39.8
39.2
39.2
49.56
60.83
51.06
45.21
45.21
45.21
44.46
45.21
44.46
31.39
31.39
31.99
34.39
42.5
43.85
57.07
54.82
54.07
53.32
54.82
56.32
50.31
46.47
45.74
46.47
46.47
45.15
44.41
44.41
44.41
44.41
44.41
44.41
44.41
44.41
42.79
42.79
39.83
38.36
39.83
41.31
44.26
45.74
47.21
47.21
48.69
50.16
51.64
54.59
56.06
54.59
56.06
40.2
45.23
43.22
40.2
38.19
36.18
35.18
33.67
30.66
28.14
26.13
27.14
30.15
33.17
32.67
35.18
33.67
32.67
33.17
34.17
36.18
38.7
46.23
47.24
41.81
37.19
34.68
35.68
33.17
33.17
32.67
0
0
0
0
0
0
0
0
0
0
0
0
0
0
0
0
0
0
0
0
0
0
0
0
0
0
0
0
0
0
0
140.1
142.9
142.9
142.9
142.9
144.77
149.44
163.45
201.74
338.1
499.68
602.42
597.75
481
449.24
439.44
419.82
360.98
279.26
245.64
240.03
225.09
204.54
194.27
184.46
126.09
135.43
142.9
138.93
124.83
132.71
163.81
157.59
153.45
161.74
197.41
238.05
250.49
223.12
185.79
161.74
151.37
151.37
155.52
165.89
174.6
185.79
197.41
209.02
220.63
223.12
215.65
215.65
235.56
268.32
320.58
367.03
404.76
439.6
372.04
406.72
441.4
469.78
495
507.61
523.38
539.14
554.91
573.82
586.44
570.67
507.61
450.86
422.49
422.49
435.1
447.71
457.17
450.86
444.56
435.1
425.64
406.72
381.5
372.04
375.19
375.19
359.43
362.58
45.38
45
40.88
38.25
37.43
36.34
35.03
33.98
32.93
30.83
30.3
29.78
29.51
28.99
27.41
25.84
25.31
24.53
23.55
21.98
22.43
23.33
24.26
24.53
26.63
29.51
30.56
32.4
32.14
31.35
28.46
28.32
26.93
24.33
22.42
22.42
22.66
20.98
17.23
14.76
16.79
16.79
16.16
15.56
15.16
14.96
14.76
14.76
14.36
13.76
13.16
12.37
11.65
11.49
10.25
8.18
8.5
8.5
8.98
8.98
8.98
2.15
2.07
2.07
1.99
2.07
2.11
2.07
2.07
2.07
2.07
2.11
2.19
2.19
2.27
2.35
2.35
2.39
2.35
2.35
2.39
2.39
2.19
2.15
2.15
2.15
2.07
1.95
1.91
1.91
1.95
1.87
27.78
27.78
27.19
27.78
28.37
28.37
29.55
30.72
31.31
31.31
31.9
32.49
32.49
31.31
31.31
31.31
31.9
30.72
30.72
30.72
30.72
30.13
30.13
30.13
29.55
29.55
30.72
29.55
29.55
28.96
29.55
48.05
48.05
48.98
47.11
48.05
48.05
48.05
48.05
47.11
47.11
48.05
48.05
47.11
47.11
48.05
48.05
48.05
48.98
48.05
48.98
48.98
49.92
51.8
50.86
50.86
51.8
62.11
60.23
60.23
58.36
199.99
209.26
203.08
196.9
194.59
196.9
219.29
244.78
237.83
272.57
320.45
457.89
669.47
895.71
1413.06
2293.33
2486.37
1992.18
1382.17
911.15
648.62
568.31
521.98
494.18
475.65
457.89
435.5
435.5
431.64
418.51
410.02
77.99
77.1
75.47
73.84
70.72
67.61
65.98
65.98
65.24
65.24
65.24
69.09
71.47
76.21
82.88
81.25
77.1
74.73
72.21
70.72
70.72
72.21
73.84
74.73
76.21
76.21
76.21
79.47
102.9
117.87
123.77
121.65
139.33
153.3
203.34
244
244
194.49
152.06
132.61
122.71
111.04
104.85
101.84
103.79
113.16
135.97
187.42
244
286.44
298.81
272.29
221.02
174.34
106.09
91.94
95.48
96.89
96.89
98.84
100.78
0
0
0
0
0
0
0
0
0
0
0
0
0
0
0
0
0
0
0
0
0
0
0
0
0
0
0
0
0
0
0
148.76
210.23
361.58
637.93
733.49
668.92
630.18
539.79
444.23
377.08
330.59
294.43
268.6
245.62
231.15
223.92
215.4
212.04
210.23
213.85
227.54
251.04
294.43
309.93
291.85
260.85
243.81
240.19
225.46
216.98
203.64
186.43
175.52
163.88
163.88
166.79
159.52
152.25
146.43
142.31
141.1
138.19
131.4
134.06
135.52
132.85
132.85
135.52
139.64
143.76
147.88
145.22
142.31
141.1
139.64
145.22
153.7
191.04
220.37
93.53
97
103.04
94.91
86.59
91.45
93.53
116.91
163.47
227.87
251.65
242.74
240.75
222.92
197.16
170.41
162.48
166.45
168.43
168.43
169.42
167.44
158.52
149.6
149.6
154.56
152.58
142.67
133.75
126.82
92.53
89.48
90.24
93.3
96.36
100.18
105.54
107.06
109.36
118.54
139.95
164.42
175.89
170.54
156.01
141.48
128.48
120.07
117.01
116.24
117.01
123.12
130.01
131.54
136.89
139.18
136.89
129.24
117.77
110.12
97.89
0
0
0
0
0
0
0
0
0
0
0
0
0
0
0
0
0
0
0
0
0
0
0
0
0
0
0
0
0
0
26.2
27.98
27.66
25.66
24.53
23.14
22.33
21.79
20.77
20.5
20.23
20.23
20.23
18.99
19.75
20.23
20.77
20.5
20.02
20.02
20.23
20.02
19.48
18.02
19.48
21.52
21.52
22.06
20.5
19.48
18.51
14.16
14.16
13.77
13.6
12.51
12.34
14.33
12.68
11.77
11.25
11.6
11.6
12.34
12.34
12.12
11.6
11.25
10.95
10.95
10.77
10.25
9.95
10.12
9.95
9.64
9.47
9.3
9.47
9.47
9.47
9.64
41.63
41.08
40.34
39.6
39.04
39.04
39.6
40.71
41.08
42.56
44.41
46.26
46.26
46.26
46.26
46.63
49.96
51.81
51.81
51.81
51.81
51.81
50.14
49.96
50.88
50.88
51.81
49.96
49.03
47.92
53.82
53.82
53.82
53.82
53.82
55.46
57.1
58.94
62.21
61.39
60.58
63.03
63.03
64.06
64.06
63.03
62.21
62.21
61.39
61.39
61.39
62.21
63.03
64.06
66.72
67.53
67.53
67.53
67.53
67.53
67.53
18.14
17.87
17.87
17.87
17.87
18.36
18.36
19.6
20.36
20.63
22.47
24.69
23.82
23.28
23.28
23.28
25.56
26.37
24.37
23.28
22.2
21.93
21.12
20.63
20.9
20.9
20.63
20.36
20.36
20.14
8.52
8.61
8.61
8.52
8.39
8.39
8.39
8.73
8.73
8.61
8.2
7.48
7.96
8.3
8.39
8.52
8.73
8.39
8.61
8.52
8.61
8.61
8.52
8.3
8.3
8.3
8.52
8.85
9.41
11
10.49
0
0
0
0
0
0
0
0
0
0
0
0
0
0
0
0
0
0
0
0
0
0
0
0
0
0
0
0
0
0
0
0
0
0
0
0
0
0
0
0
0
0
0
0
0
0
0
0
0
0
0
0
0
0
0
0
0
0
0
0
0
0
0
0
0
0
0
0
0
0
0
0
0
0
0
0
0
0
0
0
0
0
0
0
0
0
0
0
0
0
0
999.44
1126.24
1215.74
1260.49
1163.53
999.44
969.61
977.07
947.23
1006.9
1170.99
1297.78
1364.91
1379.83
1349.99
1290.32
1260.49
1253.03
1200.82
1066.57
917.4
805.52
740.63
709.3
688.42
646.65
612.34
592.95
573.56
563.86
72.61
78.55
85.47
91.67
88.61
82.32
77.29
72.61
67.4
62.91
60.75
62.91
66.77
70.82
76.12
81.69
87.35
90.77
90.77
88.61
87.35
84.21
81.06
79.8
77.92
73.15
69.74
67.4
66.14
67.94
69.11
121.66
112.65
105.89
101.06
97.2
96.39
98.16
104.92
121.66
138.39
135.18
126.81
130.03
149.66
164.14
142.9
124.88
122.62
136.3
138.39
127.93
119.57
107.82
92.69
88.19
79.34
77.57
71.61
66.78
65.98
0
0
0
0
0
0
0
0
0
0
0
0
0
0
0
0
0
0
0
0
0
0
0
0
0
0
0
0
0
0
0
270.6
270.6
278.29
245.85
234.75
221.09
195.48
208.29
208.29
208.29
198.9
180.12
189.51
186.09
182.68
180.12
177.56
177.56
177.56
170.73
174.14
177.56
174.14
177.56
174.14
170.73
168.17
168.17
170.73
170.73
168.17
33.48
32.97
34.67
37.72
38.91
38.91
39.59
39.59
39.59
39.59
40.1
39.59
38.91
39.59
40.1
40.1
40.1
40.78
42.14
41.46
42.14
42.14
43.33
42.82
42.82
42.14
42.14
42.82
41.46
39.59
39.99
39.99
41.33
42.49
43.16
43.82
43.16
43.16
43.82
44.49
47.32
47.32
46.49
47.32
47.32
47.99
47.99
47.99
49.99
49.99
49.99
49.99
49.99
49.32
49.99
50.66
57.99
57.32
53.66
53.66
53.66
48.86
48.86
48.26
48.26
48.26
48.26
48.26
48.86
50.21
50.21
51.56
52.91
50.81
50.21
44.96
44.96
44.96
46.46
46.46
46.46
46.46
47.96
47.51
50.21
51.56
53.51
55.75
58.45
56.35
56.35
130.23
139.87
156.6
172.35
165.28
144.7
131.84
125.4
128.62
146.63
196.15
232.8
278.78
281.04
201.93
160.78
128.62
128.62
135.05
141.48
158.2
401.94
797.45
1691.36
3633.53
4662.49
4405.25
3665.68
2791.06
1720.3
1186.52
1502.41
1252.01
1001.61
901.45
961.54
1016.63
986.58
976.57
936.5
936.5
936.5
951.53
986.58
991.59
1006.62
986.58
926.49
841.35
801.29
766.23
756.21
761.22
766.23
781.25
816.31
866.39
971.56
1176.89
1161.86
1226.97
1492.4
1320.45
1644.05
1681.25
1361.37
1112.15
926.18
848.06
833.19
777.39
688.12
628.61
580.25
535.62
513.3
505.86
498.42
487.26
479.83
468.67
464.95
472.39
487.26
498.42
498.42
483.55
453.79
450.07
453.79
154.99
152.43
146.03
135.78
131.94
130.66
128.09
127.2
125.4
125.4
126.3
128.09
128.09
129.38
127.2
122.71
121.82
120.92
118.23
115.54
111.06
109.39
110.16
114.64
117.33
117.33
115.54
114.64
115.54
115.54
112.85
196.26
194.9
202.65
213.84
210.64
207.45
212.24
223.42
235.06
232.78
228.21
232.78
232.78
225.02
220.23
218.63
217.03
225.02
251.04
262.45
273.86
292.11
317.22
351.45
387.96
408.5
415.35
424.48
438.17
449.58
222.38
230.09
238.89
245.5
243.3
232.29
220.18
205.87
191.56
181.65
171.74
160.73
151.92
143.12
138.71
137.61
136.51
134.31
134.31
134.31
135.41
136.51
135.41
135.41
137.61
136.51
132.11
122.2
109.32
100.84
94.02
0
0
0
0
0
0
0
0
0
0
0
0
0
0
0
0
0
0
0
0
0
0
0
0
0
0
0
0
0
0
171.48
163.61
157.14
158.55
157.14
147.87
143.09
135.5
129.59
123.69
120.88
118.07
115.26
112.45
108.51
103.17
103.17
100.36
94.17
90.52
87.99
84.33
84.33
86.58
86.58
85.46
85.46
85.46
85.46
85.46
83.21
0.59
0.56
0.55
0.57
0.61
0.6
0.58
0.56
0.55
0.51
0.52
0.55
0.55
0.59
0.68
0.67
0.63
0.62
0.63
0.66
0.67
0.69
0.68
0.68
0.7
0.68
0.67
0.68
0.68
0.67
0.63
0
0
0
0
0
0
0
0
0
0
0
0
0
0
0
0
0
0
0
0
0
0
0
0
0
0
0
0
0
0
43.87
43.31
43.31
43.87
45.85
43.31
44.58
45.14
45.14
45.85
45.85
44.58
46.41
47.68
47.68
47.12
49.09
50.36
50.36
49.66
49.66
49.09
49.09
49.09
49.09
48.39
47.68
47.68
47.68
48.39
47.68
33.74
33.74
33.74
34.15
34.15
34.15
34.65
35.16
35.16
35.16
35.16
36.47
36.98
39.4
39.91
39.4
39.91
40.82
39.91
39.91
39.91
38.9
38.9
39.4
40.41
41.83
40.82
38.39
35.16
35.16
0
0
0
0
0
0
0
0
0
0
0
0
0
0
0
0
0
0
0
0
0
0
0
0
0
0
0
0
0
0
0
0
0
0
0
0
0
0
0
0
0
0
0
0
0
0
0
0
0
0
0
0
0
0
0
0
0
0
0
0
0
0
0
0
0
0
0
0
0
0
0
0
0
0
0
0
0
0
0
0
0
0
0
0
0
0
0
0
0
0
185.44
185.44
170.66
154.6
148.69
152.49
179.1
224.73
282.6
343.42
376.37
407.63
407.63
370.88
395.8
447.76
468.88
419.46
332.86
316.81
337.93
337.93
274.57
194.31
194.31
274.57
316.81
380.17
422.42
506.9
591.38
191.15
191.15
203.89
216.63
216.63
203.89
191.15
178.4
165.66
152.92
152.92
159.29
168.21
173.31
169.48
151.64
135.08
126.54
124.76
127.43
124.76
115.96
107.81
98.12
89.71
88.95
92.01
94.3
95.06
94.3
105.17
101.62
99.84
98.21
97.47
99.84
100.73
102.51
103.4
105.17
102.51
100.73
99.1
94.95
91.54
87.55
85.03
84.29
82.66
78.81
74.07
68.73
65.77
63.55
62.81
59.25
54.96
52.14
50.07
51.55
54.22
0
0
0
0
0
0
0
0
0
0
0
0
0
0
0
0
0
0
0
0
0
0
0
0
0
0
0
0
0
0
23.34
23.73
23.73
22.95
24.12
25.38
24.51
22.17
22.17
22.56
22.56
22.95
24.9
24.9
24.9
24.9
23.73
22.17
21.1
21.1
20.72
20.33
20.33
19.65
20.03
20.33
19.65
20.03
20.33
20.33
18.87
0
0
0
0
0
0
0
0
0
0
0
0
0
0
0
0
0
0
0
0
0
0
0
0
0
0
0
0
0
0
0
57.38
58.42
54.27
55.31
57.38
53.49
53.49
52.45
52.45
51.41
54.27
55.31
54.27
58.42
61.28
62.32
64.4
63.36
64.4
65.43
65.43
66.47
66.47
64.4
64.4
65.43
64.4
63.36
62.84
60.24
24.91
25.87
25.65
26.18
26.71
27.99
27.99
27.77
28.3
28.09
28.94
29.26
29.15
29.15
29.79
30
31.06
31.06
30.64
32.76
32.97
32.97
33.07
32.54
32.86
32.54
32.23
32.12
32.12
31.7
31.48
54.73
54.73
54.73
54.73
54.73
55.65
55.83
57.48
58.21
57.85
57.85
58.58
61.87
62.97
62.79
63.34
62.06
63.52
65.35
67
68.46
72.31
75.97
71.21
65.53
62.97
61.51
64.99
66.45
68.1
195.06
230.65
246.83
263.47
300.45
321.71
355.92
368.86
312.93
252.84
214.48
209.39
234.35
287.97
365.63
444.21
446.98
347.14
275.49
245.45
224.18
212.63
198.76
185.36
186.74
182.58
178.42
169.18
181.2
159.47
172.87
0
0
0
0
0
0
0
0
0
0
0
0
0
0
0
0
0
0
0
0
0
0
0
0
0
0
0
0
0
0
0
521.24
618.71
610.24
512.77
398.35
341.99
308.93
275.45
251.3
236.04
226.72
223.33
219.94
223.33
222.48
206.38
196.63
201.72
219.09
225.45
215.28
197.06
190.7
197.06
203.41
204.68
206.38
205.95
201.8
211.65
224.36
227.64
209.18
195.24
194.01
200.16
209.18
228.05
257.17
266.61
232.56
229.28
229.28
237.49
276.04
401.55
557.82
734.2
849.04
725.99
574.23
529.11
553.72
590.64
557.82
492.2
430.67
401.55
387.2
206.62
190.67
183.53
184.25
195.67
207.81
225.43
235.43
252.33
283.27
304.7
307.08
302.32
302.32
314.22
321.36
321.36
323.74
304.7
285.65
283.27
280.89
268.99
247.57
242.81
252.33
259.47
264.23
259.47
261.85
92.15
81.62
76.18
76.09
82.5
94.79
107.07
119.36
129.01
143.06
171.14
229.94
287.87
300.16
270.32
227.31
191.33
176.41
178.16
199.23
232.58
261.54
285.24
294.89
302.79
312.44
314.2
306.3
286.11
262.42
245.74
683.42
652.82
617.12
594.17
583.97
568.67
543.17
507.47
474.31
443.71
418.21
395.26
372.31
351.91
334.06
316.21
298.36
283.06
257.56
235.63
223.9
222.37
220.58
222.37
217.27
204.01
190.24
178
167.8
157.85
0
0
0
0
0
0
0
0
0
0
0
0
0
0
0
0
0
0
0
0
0
0
0
0
0
0
0
0
0
0
0
3.31
3.15
3.09
3.2
3
3.04
3.04
2.89
2.95
2.84
2.79
2.84
2.95
2.89
2.84
2.83
2.85
2.68
2.61
2.73
2.8
2.81
2.84
2.79
2.84
2.75
2.6
2.8
2.85
2.95
2.91
10.99
10.99
10.99
10.79
10.89
10.48
10.94
11.34
11.19
11.04
11.14
11.44
11.74
12.05
11.89
11.49
11.69
12.2
12.05
11.64
11.74
12.35
12.4
12.1
12.05
12.2
12.2
12.55
12.65
12.7
26.67
27.93
29.39
31.17
34.2
35.98
33.57
32.42
32.63
32.01
32.11
31.8
31.9
32.01
32.01
31.9
32.01
32.42
32.32
32.21
32.84
33.16
33.36
34.2
34.83
33.57
33.99
34.93
34.52
35.25
36.4
28.68
28.34
28.08
28.08
28.08
28.08
28.34
28.6
28.68
28.6
28.51
28.51
28.51
28.51
28.85
28.85
29.11
28.85
28.51
28.43
28.17
28
27.74
27.32
26.97
27.57
27.4
26.29
26.89
28.34
0
0
0
0
0
0
0
0
0
0
0
0
0
0
0
0
0
0
0
0
0
0
0
0
0
0
0
0
0
0
0
0
0
0
0
0
0
0
0
0
0
0
0
0
0
0
0
0
0
0
0
0
0
0
0
0
0
0
0
0
0
0
119.69
118.52
117.06
116.19
114.14
112.98
113.85
115.6
118.23
122.61
122.61
125.53
128.45
131.37
132.83
124.36
124.07
132.83
163.77
219.24
255.44
318.2
414.54
499.2
598.45
732.74
799.88
671.43
496.28
731.85
590.02
535.56
493.01
450.46
423.23
413.01
399.4
363.66
325.65
304.65
298.98
292.74
295.58
292.74
292.74
287.07
275.15
268.91
266.08
251.89
243.38
240.55
240.55
240.55
240.55
243.38
251.89
249.06
243.38
246.22
0
0
0
0
0
0
0
0
0
0
0
0
0
0
0
0
0
0
0
0
0
0
0
0
0
0
0
0
0
0
17.07
17.3
17.3
17.07
16.41
16.65
16.83
16.83
16.41
15.99
16.23
16.65
17.07
17.07
17.07
17.72
17.95
17.53
17.53
17.95
17.53
18.42
20.24
20.01
20.01
20.7
21.17
20.01
18.65
17.3
16.23
45.11
44.55
45.82
45.82
45.82
45.11
46.38
47.09
48.36
47.09
43.28
42.72
43.85
42.15
40.88
39.05
39.05
37.36
36.8
34.96
32.43
30.59
31.3
32.14
32.14
32
29.89
28.76
27.49
25.8
0
0
0
0
0
0
0
0
0
0
0
0
0
0
0
0
0
0
0
0
0
0
0
0
0
0
0
0
0
0
0
34.13
34.13
32.69
37.83
46.26
43.79
42.35
41.32
40.09
39.88
38.24
41.53
41.53
41.53
39.68
38.85
42.56
47.08
55.1
61.06
62.5
63.94
66.2
65.17
62.09
58.39
54.68
50.98
48.52
47.69
48.52
18.89
19.06
18.48
17.98
17.41
17.49
17.49
17.16
17.49
16.58
16.42
16.83
16.91
17.16
17.57
17.41
17.9
18.31
18.97
19.63
20.13
19.8
19.96
19.8
20.38
20.38
20.62
20.87
20.38
20.13
51.45
52.96
53.61
53.61
53.18
54.48
54.05
54.26
55.99
57.07
55.78
59.23
60.96
64.42
68.1
65.94
62.91
62.48
60.53
60.75
62.26
64.85
66.15
66.15
65.29
64.64
65.07
64.64
64.64
64.64
64.42
59.6
62.53
61.94
61.94
63.9
63.7
63.5
63.5
63.9
63.9
67.8
72.49
69.95
71.32
74.25
69.56
66.44
69.17
69.17
72.49
80.5
81.48
74.84
73.08
75.03
74.64
73.86
71.52
69.17
67.61
207.56
208.77
196.1
212.39
211.18
200.92
211.78
214.8
208.16
228.07
240.74
241.95
325.82
357.2
294.44
271.52
262.47
235.92
236.52
211.78
205.15
217.21
205.15
229.28
217.21
229.28
253.42
241.35
211.18
217.21
217.21
275.02
275.02
286.17
289.89
299.55
328.54
369.42
267.59
267.59
297.32
312.19
279.48
327.05
327.05
327.05
297.32
297.32
282.45
312.19
347.12
329.28
297.32
282.45
282.45
312.19
334.49
356.78
371.65
334.49
371.65
408.82
278.79
268.46
258.14
247.81
237.49
227.16
216.83
209.09
200.83
211.16
243.68
274.14
352.61
467.23
462.06
397.01
350.03
336.61
327.32
316.99
300.99
283.95
275.17
265.36
259.69
242.65
237.49
235.42
290.06
286.25
288.15
282.44
281.81
271.02
274.19
278
272.29
272.29
269.11
257.69
252.61
250.07
252.61
256.42
274.19
321.16
424.61
557.26
599.15
569.96
573.77
698.17
850.49
952.05
990.13
1047.25
1155.15
1301.13
1516.93
1659.91
1819.76
1961.16
2053.37
2065.67
1967.3
1844.35
1795.16
1745.98
1623.03
1561.55
1567.69
1598.43
1647.62
1721.39
1739.83
1684.5
1561.55
1450.89
1438.59
1500.07
1524.66
1463.18
1426.29
1463.18
1549.25
1635.32
1573.84
1414
1266.45
72.77
70.52
70.89
70.89
69.39
67.14
64.89
62.26
61.51
62.26
65.26
69.02
73.52
78.02
81.39
84.39
87.77
88.14
85.14
79.89
75.39
72.02
69.39
65.26
61.14
56.64
52.89
49.89
47.64
46.51
45.01
24.57
21.53
21.12
20.58
19.49
18.4
17.55
17.18
17.04
16.99
18.31
19.93
20.63
20.19
18.47
16.36
15.16
14.37
13.44
12.91
12.38
12.12
12.47
12.12
11.84
12.03
11.98
11.43
11.31
10.89
54.4
51.03
48.02
46.7
45.61
43.33
42.6
41.88
40.8
39.6
37.55
37.19
36.95
36.35
35.99
36.23
34.3
33.58
32.62
32.37
33.1
31.65
30.69
31.29
31.77
32.62
33.46
34.3
33.7
31.29
30.93
0
0
0
0
0
0
0
0
0
0
0
0
0
0
0
0
0
0
0
0
0
0
0
0
0
0
0
0
0
0
0
27.32
26.82
27.07
27.7
26.44
26.06
26.19
28.21
27.83
27.45
28.21
28.71
28.71
29.97
30.47
29.84
30.98
30.98
30.98
31.73
33.62
35
34.38
34.25
34.88
35.38
34.88
35.38
36.14
35.26
11.52
11.68
12.14
12.77
13.06
12.27
13.14
13.56
13.27
13.65
13.94
14.35
14.23
13.6
13.48
13.98
14.35
14.73
15.06
15.06
14.69
14.31
14.31
14.1
14.1
13.94
13.94
13.94
13.73
13.73
13.73
37.33
37.33
37.33
37.33
38.92
39.49
41.53
42.67
40.96
39.49
39.49
38.92
38.92
38.35
38.35
38.35
37.33
35.86
35.63
35.06
35.52
35.86
35.86
36.31
35.74
35.86
35.63
35.29
34.61
33.59
88.25
98.39
100.77
100.48
95.11
98.69
92.43
96
96
97.2
98.69
102.26
110.91
131.18
154.74
152.65
141.92
130.89
125.22
132.67
175.91
234.94
301.13
378.65
441.26
372.68
251.34
218.24
185.15
154.44
143.41
277.7
284.82
251.59
255.15
243.28
255.15
272.95
261.08
255.15
249.21
268.2
291.34
326.35
361.36
469.35
682.37
890.05
990.92
1038.39
1103.66
1151.13
1198.6
1210.47
1435.95
1958.11
3032.11
4011.17
3542.41
2693.89
2237
1797.9
502.25
403.89
343.2
307.63
284.61
269.96
259.5
253.22
263.68
276.24
282.52
282.52
280.42
288.79
301.35
290.89
276.24
269.96
269.96
265.77
249.03
219.73
200.27
193.78
186.88
178.72
172.86
173.07
280.68
290.59
308.45
319.36
320.68
327.62
373.57
409.94
439.69
499.2
542.18
519.04
472.75
446.3
433.08
436.39
459.53
466.14
436.39
396.71
360.35
329.93
312.08
299.19
286.96
281.34
276.05
273.73
269.77
267.45
265.47
8.6
8.44
8.21
8.18
8.12
7.79
7.62
7.85
8.24
8.28
8.26
8.62
9.32
9.53
9.5
9.59
9.46
9.27
9.08
8.6
8.62
8.65
8.33
8.07
7.72
7.34
7.12
7.04
6.91
6.87
5.56
5.39
5.3
5.27
5.26
5.17
5.39
6.22
7.01
7.76
8.5
9.77
10.58
10.77
10.4
9.86
8.93
8.18
7.92
8.01
8.46
9.23
9.86
10.13
10.22
10.22
9.95
9.59
9.01
8.54
8.14
131.23
124.04
115.46
108.88
101.83
97.85
96.01
94.63
93.26
92.34
92.18
96.47
97.24
95.55
93.56
92.64
92.64
89.12
83.76
76.11
69.52
67.07
63.55
60.95
61.1
60.03
58.8
58.65
57.58
56.2
8.8
8.9
8.53
8.26
8.05
8.07
7.92
8.12
8
7.9
7.68
7.56
7.56
7.36
7.36
7.36
7.15
6.83
6.95
7.15
7.15
6.73
6.54
6.34
6.12
6.12
6.12
5.83
5.64
5.74
5.54
15.89
15.61
16.67
17.8
17.23
16.1
16.38
15.89
16.1
16.38
16.67
16.38
16.38
16.38
16.38
15.89
16.38
16.67
16.38
16.03
17.23
17.23
16.95
16.1
16.1
16.38
17.23
16.95
16.38
16.95
18.15
1.3
1.28
1.25
1.25
1.3
1.34
1.36
1.39
1.39
1.34
1.32
1.32
1.32
1.32
1.3
1.34
1.39
1.47
1.5
1.5
1.5
1.5
1.52
1.5
1.5
1.47
1.5
1.52
1.52
1.45
16.18
16.66
16.95
16.66
16.66
16.66
16.42
16.42
16.95
17.19
17.19
17.19
16.95
16.95
16.95
16.95
17.19
17.43
17.72
18.43
18.73
18.97
20.33
21.16
21.69
22.82
22.29
20.86
20.03
19.8
19.8
113.98
113.98
115.71
117.1
118.83
120.56
121.95
128.53
135.11
133.38
141.69
146.89
143.43
146.89
152.09
139.96
133.38
130.26
125.07
123.68
123.68
123.68
130.26
143.43
171.49
193.31
260.52
322.19
322.19
254.29
256.98
256.98
252.29
236.07
213.44
231.8
240.76
295.4
402.98
516.53
601.9
563.48
411.94
315.89
266.37
247.59
238.63
226.67
196.37
187.83
187.83
196.37
223.26
204.9
187.83
179.29
179.29
187.83
196.79
187.83
191.67
236.35
217.33
206.46
206.46
206.46
217.33
217.33
217.33
228.2
242.87
239.61
239.06
228.2
198.86
222.22
246.13
326.54
462.91
586.79
831.29
1184.45
1597.38
1744.07
1548.48
1331.15
961.69
760.66
651.99
581.36
548.76
521.05
253.42
247.94
241.1
234.81
219.48
214.28
213.74
210.18
200.6
195.95
201.15
223.59
265.19
295.56
325.67
344.82
355.77
358.51
331.14
292.83
257.8
230.7
217.84
217.02
212.37
205.25
202.52
176.24
424.02
388.39
428.21
396.08
415.64
414.24
400.97
393.28
414.94
410.75
437.29
482
510.64
552.55
546.26
540.68
512.73
471.52
432.4
433.8
451.96
502.95
740.46
1033.85
1404.08
2116.6
2640.51
2815.14
2640.51
2298.22
1907.03
659.19
648.6
600.95
548
534.76
540.06
553.3
577.12
624.77
675.07
672.43
669.78
680.37
690.96
667.13
630.07
611.54
598.3
595.65
603.6
608.89
585.06
566.53
542.71
529.47
518.88
489.76
455.34
434.17
428.87
102.69
103.32
106.49
111.56
118.54
125.51
138.19
157.84
171.15
176.22
175.59
180.02
187
184.46
181.93
183.83
183.83
181.29
173.05
161.64
150.23
140.09
132.48
126.14
120.44
117.27
112.2
109.66
111.56
115.37
122.34
264.75
277.12
275.88
267.22
257.33
246.19
226.4
206.6
190.52
179.39
168.25
158.35
153.41
149.69
143.51
136.09
129.9
122.85
111.84
104.66
104.66
103.8
95.38
89.07
84.87
82.77
83.51
87.84
92.29
94.89
72.41
66.38
59.48
55.79
54.23
51.8
48.21
46.07
45.29
44.9
44.22
45.48
47.82
47.33
43.15
41.11
39.26
38.68
38
37.13
37.42
38.78
38.58
38.39
37.9
36.93
35.67
35.28
34.99
34.4
34.4
35.48
34.55
33.51
33.82
32.26
31.11
29.34
27.89
26.53
27.05
27.16
25.91
26.95
26.64
26.33
25.39
25.39
25.28
25.49
25.28
26.43
25.81
24.56
24.87
25.28
26.53
26.85
27.78
27.16
27.47
27.26
0
0
0
0
0
0
0
0
0
0
0
0
0
0
0
0
0
0
0
0
0
0
0
0
0
0
0
0
0
0
50.56
54.68
56.75
53.95
54.68
53.95
53.21
53.21
52.62
51.88
51.88
51.88
51.88
51.88
51.88
51.88
51.29
51.88
52.62
53.21
52.62
52.62
53.21
53.95
55.42
56.75
56.75
55.42
54.68
53.95
52.62
64.86
66.43
67.3
68.18
67.3
66.43
67.3
66.43
66.43
68.18
68.18
69.05
69.93
72.37
74.12
72.37
69.93
68.18
67.3
70.62
74.12
71.5
70.62
70.62
70.62
72.37
74.12
76.74
80.24
78.49
0
0
0
0
0
0
0
0
0
0
0
0
0
0
0
0
0
0
0
0
0
0
0
0
0
0
0
0
0
0
0
176.83
172.61
174.72
174.72
173.04
173.04
173.04
168.82
156.58
152.36
150.67
152.36
154.47
156.58
162.49
152.36
150.67
154.47
168.82
197.94
249.43
343.12
493.79
506.45
595.08
679.48
654.16
455.8
309.78
258.71
238.03
432.68
416.95
401.22
385.48
369.75
353.23
349.29
372.89
377.61
372.89
365.03
361.09
377.61
405.94
461
495.62
499.55
549.11
619.92
665.55
670.27
770.18
888.97
951.9
920.43
794.56
742.64
841.77
999.1
702.79
1171.31
1763.36
1848.55
1929.47
2116.88
2074.29
1793.18
1567.43
1392.8
1273.54
1201.13
1171.31
1158.54
1171.31
1209.65
1226.69
1188.35
1128.72
1086.13
1069.09
1069.09
1056.31
1000.94
979.64
971.13
928.53
868.9
796.49
736.86
690.01
236.82
227.47
219.68
219.68
224.35
227.47
227.47
232.14
243.05
246.16
249.28
247.72
243.05
239.93
238.37
235.26
235.26
241.49
235.26
218.12
199.42
186.96
179.17
172.94
169.82
168.26
168.26
166.71
166.71
171.38
16.59
17.31
17.74
18.18
18.32
18.61
19.19
19.91
20.77
21.64
22.07
21.93
21.49
20.77
19.91
19.48
19.48
19.76
20.05
20.34
20.63
20.2
19.76
19.48
19.19
18.47
17.02
15
13.75
13.03
12.55
66.99
67.22
66.68
66.22
64.22
61.68
59.37
58.13
56.83
53.82
51.28
49.05
48.12
46.35
43.35
40.96
37.96
37.34
36.27
34.57
33.65
31.26
30.03
29.41
28.8
29.03
28.72
28.34
27.95
28.03
20.85
20.79
19.75
19.05
19.11
18.71
18.59
17.78
17.78
17.72
17.43
16.91
16.39
16.45
16.74
16.91
16.51
16.04
15.87
15.75
16.22
15.98
15.41
15.52
15.23
14.94
15.17
14.88
14.94
14.19
13.84
14.04
14.1
13.44
13.03
13.74
13.5
13.26
13.21
13.38
13.38
13.15
13.26
12.97
13.26
13.56
13.86
13.8
13.38
13.68
14.4
15.35
15.17
14.99
15.05
14.93
14.4
14.4
14.69
14.22
14.57
14.69
18.12
17.46
18.27
19.08
19.45
19.6
19.67
19.16
19.38
19.9
20.41
20.19
20.34
20.56
21.23
21.15
20.56
20.71
20.78
21.45
21.45
21.45
21.52
22.19
22.41
22.41
22.34
22.34
22.86
23.08
46.59
45.85
45.7
47.04
47.19
46
45.4
45.55
46.44
47.64
49.44
51.24
53.34
55.88
58.28
58.43
56.63
54.98
53.94
53.19
52.74
52.29
51.99
51.54
51.24
50.49
50.64
51.09
51.09
50.64
50.64
60.68
61.03
62.46
64.59
64.77
65.3
66.9
65.66
64.41
65.13
64.59
64.41
64.95
63.88
63.52
64.59
64.59
64.24
64.41
64.24
64.95
65.66
64.06
62.63
61.03
61.92
64.24
65.13
66.01
65.13
100.35
98.98
98.98
100.35
105.56
86.64
82.26
76.77
71.29
71.29
71.29
71.29
71.29
71.29
71.29
76.77
82.26
87.74
98.71
120.64
147.24
172.74
191.38
204.54
199.61
180.41
159.03
144.5
135.72
125.85
110.77
0
0
0
0
0
0
0
0
0
0
0
0
0
0
0
0
0
0
0
0
0
0
0
0
0
0
0
0
0
0
0
104.91
102.22
101.15
103.57
106.26
107.61
116.75
129.13
129.13
130.47
133.16
136.12
133.16
129.13
124.82
123.48
126.17
119.44
115.41
111.37
107.61
106.26
106.26
108.68
111.37
115.41
130.47
151.72
215.27
227.52
248.3
250.16
229.74
213.41
197.45
187.8
181.86
181.86
185.58
189.66
213.41
199.31
181.86
166.65
159.22
159.22
161.08
159.22
157.37
154.4
152.17
154.4
151.43
152.54
158.48
168.13
170.36
169.99
163.68
124.22
125.06
120.01
115.24
113
111.6
116.37
126.46
136.83
137.68
136.27
139.92
146.65
152.26
158.42
160.67
159.83
158.71
163.19
168.8
164.87
153.38
138.52
140.2
149.73
157.3
164.31
166.56
181.98
202.45
48.97
50.38
49.34
48.23
46.56
45.7
45.57
45.02
43.23
41.94
41.38
41.01
39.47
38.98
37.93
37
37.37
37.87
40.27
39.65
37.5
35.34
33.36
34.29
34.41
33.3
35.28
38.24
36.51
33.73
31.2
83.52
78.08
79.35
77.35
71.72
65.19
62.82
60.46
56.83
54.65
55.56
51.57
51.2
49.93
50.48
50.66
50.84
49.57
50.84
49.57
47.75
46.3
44.49
43.03
45.03
44.85
44.12
44.3
44.67
42.31
4.55
4.46
4.44
4.38
4.06
3.87
3.89
3.73
3.81
3.93
3.85
3.65
3.55
3.28
3.12
3.24
3.2
3.41
3.67
3.69
3.77
3.79
4
4.42
4.34
4.24
4.16
4.16
3.98
3.79
3.94
0
0
0
0
0
0
0
0
0
0
0
0
0
0
0
0
0
0
0
0
0
0
0
0
0
0
0
0
0
0
0
44.88
45.88
51.68
53.7
53.45
54.71
55.21
53.45
52.44
54.96
55.21
52.69
51.68
51.93
53.95
54.46
55.97
57.73
58.49
60.76
61.77
63.28
68.07
70.34
69.08
70.09
72.1
75.63
75.38
73.62
12.01
11.62
11.62
11.8
11.8
12.01
12.23
12.23
12.45
12.45
12.62
12.45
12.45
12.45
12.45
12.62
12.45
12.45
12.84
13.05
13.05
13.88
14.53
15.18
15.39
15.18
14.74
14.09
13.66
13.44
13.88
64.85
61.86
63.85
63.85
65.85
69.84
71.84
77.42
82.81
92.79
121.72
150.26
183.58
231.47
303.31
391.11
365.17
287.34
247.44
239.45
225.49
190.57
163.23
145.07
132.1
125.51
122.92
119.13
122.92
142.48
371.51
483.42
601.42
662.33
570.97
445.36
374.18
339.54
374.18
460.58
487.23
433.94
371.51
336.87
298.81
274.07
296.52
328.88
374.18
456.78
483.42
426.33
403.49
403.49
376.84
328.88
323.55
336.87
339.54
374.18
426.33
320.65
258.02
206.42
175.35
172.85
172.85
172.85
172.85
172.85
172.85
172.85
172.85
172.85
175.35
200.4
275.55
513.53
864.24
1212.44
1240
1099.71
971.96
781.57
588.68
490.99
438.38
390.79
355.72
323.15
305.61
288.08
36.67
35.68
33.39
30.12
28.97
28.52
26.13
23.57
24
24
23.57
23.38
23.15
23.15
22.52
23.15
23.15
23.8
24.23
23.8
22.95
20.82
20.17
19.54
18.14
19.54
21.44
24
476.47
476.47
507.25
515.54
449.25
441.55
476.47
519.68
499.56
426.16
422.61
507.25
591.89
662.92
751.7
787.22
893.76
1023.97
1130.51
1390.95
1722.41
1817.11
1639.54
1438.3
1325.84
1242.97
1201.54
1219.3
1237.05
1467.89
1621.78
728.15
1038.92
1111.51
1032.12
945.92
873.33
748.57
700.93
669.17
596.59
530.8
487.7
446.87
424.19
406.04
390.16
378.82
376.55
376.55
383.36
392.43
403.77
401.5
399.24
406.04
419.65
428.73
430.99
424.19
408.31
2.54
2.41
2.38
2.42
2.56
2.71
2.82
2.92
3
3.1
3.25
3.43
3.55
3.54
3.46
3.33
3.18
2.98
2.8
2.65
2.54
2.45
2.32
2.15
2.02
1.88
1.78
1.75
1.75
1.78
1.85
165.15
166.45
165.15
161.25
156.05
150.84
149.54
149.54
149.54
145.64
139.14
130.04
123.28
115.99
108.06
102.08
100.39
97.92
94.54
90.25
85.17
81.79
78.41
76.72
74.38
72.04
68.14
65.02
61.12
58.26
36.63
34.77
32.39
31.97
31.46
30.53
30.1
31.97
32.39
32.9
33.33
35.7
37.57
38.5
37.06
34.77
32.9
31.97
30.53
29.26
29.26
28.83
27.98
27.56
27.56
27.56
27.14
27.56
27.14
26.71
25.86
35.32
35.32
35.32
35.79
36.38
36.38
35.79
35.79
34.74
34.74
34.74
33.68
32.51
31.92
31.45
31.45
31.45
31.92
31.92
31.92
30.86
31.45
31.92
31.92
31.92
32.51
31.45
30.86
30.39
29.81
29.34
3.19
3.25
3.19
3.14
3.14
3.14
3.14
3.25
3.37
3.42
3.42
3.42
3.37
3.42
3.42
3.42
3.37
3.3
3.48
3.48
3.42
3.54
3.54
3.48
3.37
3.3
3.42
3.48
3.48
3.42
15.15
15.7
16.21
16.48
16.76
17.26
17.82
18.1
17.82
18.38
18.66
18.1
18.1
18.1
17.82
17.82
17.26
17.82
18.38
18.66
18.66
18.93
19.49
19.77
19.77
20.05
20.05
20.66
20.66
20.66
21.61
61.44
60.64
60.64
59.67
58.87
58.87
59.67
59.67
60.64
61.44
60.64
60.64
60.64
60.64
59.67
59.67
60.64
61.44
60.64
61.44
62.4
60.64
60.64
60.64
60.64
59.67
60.64
59.67
59.67
60.64
0
0
0
0
0
0
0
0
0
0
0
0
0
0
0
0
0
0
0
0
0
0
0
0
0
0
0
0
0
0
0
0
0
0
0
0
0
0
0
0
0
0
0
0
0
0
0
0
0
0
0
0
0
0
0
0
0
0
0
0
0
0
41.3
37.17
44.49
49.68
47.68
43.19
44.49
47.09
48.97
49.68
52.28
57.59
61.13
70.45
83.43
91.1
75.76
61.13
52.87
50.98
49.68
47.09
47.09
43.78
45.08
47.09
48.97
54.17
418.44
601.17
740.43
842.32
903.46
855.91
733.64
713.26
720.05
787.98
821.94
760.81
653.48
573.32
538
485.02
453.77
444.94
471.43
591.66
794.77
903.46
774.39
529.17
506.75
533.25
686.09
808.36
699.67
520.34
529.17
335.54
351.72
317.44
295.09
285.08
275.06
270.05
262.35
260.04
252.33
260.04
267.36
290.08
320.13
359.81
396.8
404.5
385.24
375.99
373.3
404.5
458.43
512.37
570.15
624.09
674.17
735.81
793.59
766.63
704.99
454.72
464.89
490.29
530.93
574.12
607.14
609.69
558.88
487.75
452.18
452.18
462.34
475.05
482.67
482.67
485.21
492.83
505.53
520.77
530.93
530.93
538.56
541.1
530.93
492.83
464.89
452.18
447.1
436.94
429.32
419.16
0
0
0
0
0
0
0
0
0
0
0
0
0
0
0
0
0
0
0
0
0
0
0
0
0
0
0
0
0
0
72.89
69.43
66.98
63.81
59.06
59.78
59.78
58.19
56.61
55.03
53.44
54.31
55.03
57.47
62.23
66.98
66.98
70.29
73.75
72.02
70.29
67.7
66.12
61.36
55.89
52.72
51.14
52.72
52.72
51.86
50.42
52.37
53.13
51.62
51.62
50.1
47.06
44.18
42.81
42.05
43.57
42.81
39.93
38.56
37.19
37.95
38.56
38.56
39.32
39.93
41.29
42.81
43.57
43.57
42.81
41.29
40.69
40.69
41.29
42.05
41.29
41.29
29.14
29.14
29.58
29.58
28.6
28.17
28.17
28.17
28.17
28.17
27.19
27.62
28.6
30.12
30.12
30.67
32.19
31.65
30.67
31.21
31.21
30.67
30.67
30.67
30.67
30.12
29.14
29.14
30.12
31.21
2.98
2.93
3.03
3.03
3.03
3.17
3.17
3.22
3.48
3.68
3.63
3.58
3.58
3.58
3.68
3.63
3.53
3.48
3.48
3.48
3.53
3.53
3.48
3.53
3.68
3.85
3.85
3.97
4.07
4.02
3.91
55.77
55.77
54.89
54.89
54.89
54.89
54.89
54.89
55.77
57.37
55.77
55.77
54.16
53.43
54.16
54.89
56.64
57.37
56.64
51.82
50.36
52.55
54.16
51.82
51.82
52.55
53.43
54.16
53.43
52.55
0
0
0
0
0
0
0
0
0
0
0
0
0
0
0
0
0
0
0
0
0
0
0
0
0
0
0
0
0
0
0
10.7
9.96
9.8
11.89
11.43
11.16
10.83
10.56
10.56
10.56
10.56
9.96
10.1
10.23
10.1
10.4
10.7
10.7
10.4
10.23
9.66
9.39
9.66
9.66
9.96
9.39
8.98
9.25
9.66
9.53
9.53
0
0
0
0
0
0
0
0
0
0
0
0
0
0
0
0
0
0
0
0
0
0
0
0
0
0
0
0
0
266.94
238.44
178.98
149.56
133.93
135.46
128.72
128.72
130.56
133.93
145.88
175.3
198.6
184.8
167.95
162.43
177.14
192.77
238.44
299.12
330.99
292.68
260.5
271.23
273.37
269.08
271.23
254.37
232.61
212.69
202.89
45.63
54.92
58.54
54.1
53.62
59.01
66.19
71.04
71.04
71.72
73.77
71.72
67.62
63.32
60.45
56.28
55.39
54.51
50.95
49.59
48.29
47.81
49.59
51.36
52.32
54.51
58.54
59.97
58.06
57.17
2.43
2.39
2.51
2.69
2.91
3.05
3.17
3.2
3.2
3.26
3.26
3.26
3.35
3.38
3.32
3.23
3.14
3.05
2.93
2.72
2.59
2.47
2.33
2.19
2.06
2.02
1.98
1.94
1.86
1.82
1.8
19.64
20.05
20.49
19.23
18.21
17.8
17.4
15.97
14.85
15.02
14.85
14.68
14.47
14.27
13.18
12.23
11.04
10.7
10.36
10.53
10.7
10.36
10.23
11.38
12.43
11.55
11.72
11.72
11.89
11.55
44.12
42.83
42.18
43.48
42.83
40.88
38.41
38.41
40.23
41.53
41.53
40.88
40.23
39.06
38.41
37.77
35.3
34.78
34.78
34.78
34.78
35.3
33.61
30.76
28.94
29.59
28.42
27.38
27.38
26.35
26.86
46.42
48.18
51.04
55.88
60.94
67.1
65.12
62.92
62.92
65.12
64.02
60.94
57.86
57.86
56.98
59.84
69.3
75.9
78.1
75.9
72.6
71.5
70.4
66.22
68.2
85.35
85.35
73.7
66.22
62.04
60.94
14.68
13.73
13.25
12.99
13.25
13.25
12.99
12.78
12.99
12.99
13.25
13.25
13.47
13.47
13.25
13.25
12.99
12.99
13.73
14.68
15.16
15.16
14.95
14.95
14.95
14.42
13.94
13.73
13.73
14.42
68.73
67.49
69.97
70.96
73.45
74.69
74.69
72.21
73.45
72.21
72.21
70.96
70.96
72.21
70.96
70.96
70.96
72.21
74.69
73.45
73.45
73.45
73.45
72.21
73.45
73.45
74.69
76.92
78.16
78.16
78.16
50.84
50.84
50.84
50.84
50.02
50.02
50.02
50.02
50.02
50.02
50.02
50.02
50.84
51.66
51.66
51.66
53.3
54.12
54.12
54.12
52.48
52.48
51.66
51.66
50.84
50.84
49.37
45.43
41
47.73
76.22
77.41
78.6
78.6
72.65
76.22
75.03
73.84
75.03
76.22
73.84
69.07
72.65
72.65
78.6
76.22
71.45
70.26
69.07
69.07
70.26
73.84
76.22
76.22
73.84
75.03
71.69
69.07
69.07
72.65
69.07
0
0
0
0
0
0
0
0
0
0
0
0
0
0
0
0
0
0
0
0
0
0
0
0
0
0
0
0
0
0
0
0
0
0
0
0
0
0
0
0
0
0
0
0
0
0
0
0
0
0
0
0
0
0
0
0
0
0
0
0
0
0
0
0
0
0
0
0
0
0
0
0
0
0
0
0
0
0
0
0
0
0
0
0
0
0
0
0
0
0
0
0
0
0
0
0
0
0
0
0
0
0
0
0
0
0
0
0
0
0
0
0
0
0
0
0
0
0
0
0
24.02
25.11
26.08
27.66
29.24
29.24
30.33
30.33
30.81
32.51
34.7
40.64
46.34
45.61
41.25
40.64
38.82
37.61
36.52
35.3
32.51
30.81
31.91
32.51
35.91
41.85
42.46
41.25
40.64
37
34.21
51.7
49.9
48.1
43.71
42.91
41.32
40.52
44.51
45.51
60.08
73.45
71.46
68.66
63.87
61.08
58.28
54.69
53.69
52.89
48.5
45.91
45.11
44.31
40.92
37.72
36.33
39.32
34.73
31.14
29.54
2.18
2.39
2.39
2.55
2.88
2.82
2.55
2.49
2.34
2.28
2.08
2.08
2.08
2.08
2.08
2.18
2.18
2.12
2.02
1.92
2.02
1.88
1.88
1.92
2.02
1.82
1.72
1.72
1.82
2.08
2.02
41.89
45.08
48.6
49.88
46.36
45.08
47.32
48.6
48.6
47.32
48.6
45.08
45.08
46.36
44.12
46.36
49.88
52.12
50.84
49.88
48.6
45.08
47.32
52.12
54.36
54.36
55.64
56.91
60.43
62.99
62.99
121.68
121.68
121.68
116.74
119.21
121.68
114.89
112.42
107.47
105
98.21
93.89
100.68
109.94
109.94
114.89
119.21
129.09
147.01
158.12
163.68
163.68
166.15
169.24
166.15
169.24
182.83
191.48
185.92
180.36
0
0
0
0
0
0
0
0
0
0
0
0
0
0
0
0
0
0
0
0
0
0
0
0
0
0
0
0
0
0
0
44.17
44.17
43.39
43.39
43.39
44.17
44.17
44.17
43.39
43.39
42.76
41.98
42.76
43.39
43.39
43.39
43.39
43.39
43.39
39.95
27.15
39.95
44.79
67.58
63.52
64.45
68.36
85.99
106.28
106.28
100.19
92.88
89.85
83.79
84.86
85.75
81.83
74.52
73.63
68.99
66.5
69.88
73.63
84.86
115.7
154.92
217.49
285.24
267.41
156.88
128.36
101.62
132.99
136.56
128.36
136.56
132.99
111.06
102.33
104.65
109.99
178.71
167.36
137.45
129.97
151.37
172.26
195.99
224.1
215.07
227.45
293.98
368.77
410.03
407.45
404.87
440.97
518.34
587.96
572.49
495.13
410.03
342.98
291.4
249.63
209.91
177.16
167.36
165.56
154.47
146.47
144.93
84.38
82.52
89.8
91.81
100.48
130.21
150.96
176.5
202.82
212.11
187.34
154.36
124.95
108.38
105.44
98.47
94.6
87.94
88.87
93.67
94.6
100.48
106.37
116.59
129.13
136.56
138.73
134.55
196.82
185.54
177.62
177.62
195.38
225.38
261.63
314.43
357.64
372.04
441.64
516.05
499.25
422.44
348.03
304.83
268.83
247.22
237.62
232.34
230.66
230.66
240.02
259.23
285.63
333.63
360.04
345.63
324.03
309.63
312.03
364.81
394.32
447.97
533.81
630.38
665.25
659.88
638.42
633.06
643.79
670.61
616.96
563.31
482.84
429.19
402.37
397
388.96
388.96
380.91
367.5
362.13
362.13
362.13
354.08
343.35
335.31
335.31
348.72
362.13
48.89
48.89
48.55
49.24
49.24
48.55
48.2
47.15
45.4
44.35
43.66
44.35
45.4
46.45
46.8
45.4
44.7
47.15
49.94
50.99
49.24
46.1
42.96
40.86
39.47
39.12
38.42
37.72
35.97
33.81
31.57
0
0
0
0
0
0
0
0
0
0
0
0
0
0
0
0
0
0
0
0
0
0
0
0
0
0
0
0
0
0
58.82
59.55
58.21
54.3
50.5
49.77
49.16
47.33
45.61
45.61
44.39
43.17
41.94
39.13
37.91
37.42
37.42
36.2
35.71
35.1
32.41
30.69
30.21
30.69
29.72
29.72
28.62
27.64
27.15
26.66
26.05
11.73
11.26
11.03
10.85
10.85
10.85
10.62
10.85
11.03
11.03
10.85
10.62
10.85
10.39
10.15
9.92
10.15
10.39
10.85
11.5
12.43
12.96
12.96
12.96
12.96
12.72
13.19
13.19
12.96
12.72
12.43
25
25.46
25.92
26.38
26.84
28.33
28.33
27.3
28.33
29.36
29.82
30.85
32.46
35.55
35.1
35.1
35.55
35.1
33.49
32.46
31.43
31.43
31.43
30.85
31.43
31.88
31.88
30.85
29.36
28.79
41.9
41.24
41.9
41.9
42.74
43.41
43.41
43.41
44.24
44.24
43.41
43.41
44.24
44.91
44.91
44.24
44.24
44.91
44.91
43.41
44.24
45.74
44.91
45.74
44.91
44.91
45.74
45.74
45.74
45.74
45.74
68.8
68.8
69.8
71.06
72.06
72.06
71.06
72.06
72.06
71.06
72.06
56.5
53.99
62.77
69.05
71.56
72.06
69.8
75.58
74.32
73.32
73.32
72.06
71.06
71.06
69.8
69.8
68.8
68.8
74.32
9.42
9.72
9.57
9.15
8.85
8.58
7.47
7.33
8.07
9.27
9
8.46
7.92
7.77
8.22
8.67
9.57
9.42
9.27
9.12
9.42
11.15
11.57
9.99
8.73
8.52
8.37
8.67
8.37
8.07
7.77
0
0
0
0
0
0
0
0
0
0
0
0
0
0
0
0
0
0
0
0
0
0
0
0
0
0
0
0
0
0
0
0
0
0
0
0
0
0
0
0
0
0
0
0
0
0
0
0
0
0
0
0
0
0
0
0
0
0
0
230.55
236.19
236.19
233.68
239.32
265.01
322.65
402.21
488.67
566.35
556.96
513.73
509.97
518.11
505.58
476.14
471.75
501.2
479.9
430.4
410.36
386.55
355.85
341.44
322.65
319.51
326.41
333.92
341.44
341.44
326.41
132.36
126.51
122
122
119.34
118.01
118.01
122
130.77
135.55
140.07
141.66
140.07
135.55
130.77
124.92
124.92
130.77
138.47
138.47
130.77
124.92
123.59
124.92
130.77
138.47
138.47
141.66
143.26
146.45
11.86
12.46
13.62
14.4
15.35
16.71
17.82
19.25
20.81
20.81
20.4
19.8
18.99
18.18
17.58
17.17
16.02
16.02
16.3
16.02
15.47
15.35
15.21
14.67
14.14
13.88
12.97
11.47
10.06
9.39
9.07
93.66
90.45
85.96
82.75
79.76
77.62
75.48
75.48
76.55
74.41
71.42
71.42
70.35
67.36
63.3
61.37
62.44
66.29
67.36
71.42
70.35
63.3
60.52
57.52
52.82
49.18
48.33
46.62
44.69
42.98
0
0
0
0
0
0
0
0
0
0
0
0
0
0
0
0
0
0
0
0
0
0
0
0
0
0
0
0
0
0
0
14.55
14.88
14.55
14.88
14.88
15.32
15.66
15.66
16.43
16.43
16.1
15.66
15.66
16.1
16.1
17.32
19.32
19.76
18.88
18.54
19.32
20.65
22.32
24.21
25.09
24.21
22.76
23.65
23.65
24.21
25.09
61.02
66.76
69.1
67.8
66.76
65.45
64.41
63.37
61.02
61.02
59.98
55.54
53.46
54.5
53.46
49.29
49.29
48.5
49.29
50.33
52.42
52.42
54.5
53.46
52.42
50.33
50.33
51.37
52.42
54.5
13.75
14.25
14.25
14.25
14.76
15.01
14.76
14.25
14.25
14.5
13.75
13.75
14
14.5
15.32
15.83
17.53
19.55
19.86
18.98
18.98
20.49
21.06
21.38
21.63
21.94
23.2
25.35
24.72
23.2
22.57
58.72
56.99
56.99
56.99
56.99
60.28
62.87
62.87
59.41
56.29
53.69
53
52.14
51.27
51.27
53.69
56.99
60.28
71.53
78.64
74.13
64.61
58.72
61.14
63.74
68.76
75
67.03
62.01
62.87
42.9
48.65
49.8
54.75
82.81
104.78
92.01
70.96
58.66
51.64
47.5
43.94
41.18
35.65
39.45
41.75
37.38
37.38
38.42
39.45
37.84
37.38
37.84
37.84
35.19
35.19
36.8
35.19
31.97
33.58
38.42
214.59
230.01
276.88
296.61
279.96
267.01
296.61
346.56
314.49
270.09
238.64
365.67
566.08
857.14
1196.3
1658.79
2158.28
2195.27
1732.79
1288.8
1029.81
690.65
552.52
493.32
447.69
415.62
384.17
283.66
258.99
246.66
240.49
364.81
381.02
408.58
441.82
526.13
659.89
599.9
604.77
583.69
500.19
465.33
455.6
441.82
432.09
422.36
417.5
422.36
480.73
594.23
843.11
1183.59
1540.29
1799.71
1702.42
1329.51
1045.78
883.64
835
859.32
455.81
464.18
443.27
418.18
407.72
418.18
413.99
404.8
395.6
371.76
342.9
320.32
314.89
323.25
320.32
323.25
351.69
326.18
309.45
311.96
309.45
317.81
320.32
298.16
281.85
273.91
260.52
253
242.54
230.42
225.4
86.15
85.19
86.15
86.15
85.19
87.11
92.71
104.69
106.77
105.65
107.73
105.65
98.62
94.78
94.78
100.7
104.69
106.77
113.01
123.55
134.42
148.97
167.83
187.01
199.8
206.19
210.99
217.38
223.77
230.17
115.96
122.18
125.3
126.85
122.96
116.73
112.07
109.73
111.29
112.07
109.73
105.84
105.84
105.06
99.61
94.17
89.5
84.83
79.38
73.62
68.64
64.9
61.71
59.61
57.04
56.03
53.46
51.99
49.5
46.62
44.2
166.58
153.79
146.76
146.76
148.68
150.27
145.16
141.96
136.85
128.53
117.66
111.27
114.46
123.74
128.53
128.53
136.85
135.25
126.93
125.34
128.53
125.34
123.74
125.34
133.65
133.65
132.05
135.25
138.44
130.13
0
0
0
0
0
0
0
0
0
0
0
0
0
0
0
0
0
0
0
0
0
0
0
0
0
0
0
0
0
0
0
0
0
0
0
0
0
0
0
0
0
0
0
0
0
0
0
0
0
0
0
0
0
0
0
0
0
0
0
0
0
0
89.07
89.07
90.51
96.25
98.17
96.25
96.25
90.51
92.42
92.42
94.34
96.25
100.09
102
108.23
113.97
120.2
124.51
120.2
118.28
124.51
124.51
120.2
120.2
120.2
118.28
113.97
116.37
110.14
112.06
0
0
0
0
0
0
0
0
0
0
0
0
0
0
0
0
0
0
0
0
0
0
0
0
0
0
0
0
0
0
0
51.41
51.41
51.41
51.41
51.41
51.41
53.02
53.02
53.02
54.63
54.63
53.82
53.02
53.02
52.22
52.22
51.41
51.41
52.22
53.02
53.02
54.63
53.82
53.82
54.63
55.43
54.63
54.63
54.63
54.63
0
0
0
0
0
0
0
0
0
0
0
0
0
0
0
0
0
0
0
0
0
0
0
0
0
0
0
0
0
0
0
0
0
0
0
0
0
0
0
0
0
0
0
0
0
0
0
0
0
0
0
0
0
0
0
0
0
0
0
0
0
0
55.16
48.43
41.16
41.16
41.16
41.16
41.16
41.16
40.61
40.06
41.3
42.53
45.14
53.79
71.49
109.77
152.3
167.39
170.14
168.77
142.7
136.8
125.96
107.98
97.83
90.69
85.48
80.54
291.95
276.06
276.06
282.42
272.88
267.05
267.05
260.69
260.69
260.69
258.04
249.04
240.56
232.08
232.08
232.08
235.26
237.91
243.21
240.56
240.56
258.04
254.86
240.56
240.56
243.21
285.6
453.03
556.36
497.54
398.99
98.09
93.72
85.1
79.4
76.88
71.45
68.27
67.61
67.61
66.81
65.22
62.3
60.84
60.18
59.52
58.86
60.84
63.76
68.27
70.65
76.09
82.58
90.27
95.44
98.89
106.05
113.34
118.77
121.69
116.92
0
0
0
0
0
0
0
0
0
0
0
0
0
0
0
0
0
0
0
0
0
0
0
0
0
0
0
0
0
0
0
47.26
44.75
42.9
40.4
40.4
40.4
38.55
38.55
37.89
37.36
37.89
40.4
39.74
40.4
40.92
39.08
37.36
34.32
32.61
30.36
30.36
28.78
27.59
24.95
23.5
23.37
24.55
22.44
21.52
21.52
5.14
5.48
5.23
5.36
5.36
5.23
4.9
4.9
5.23
5.73
5.48
4.8
4.68
4.68
4.8
4.68
4.56
4.25
3.91
3.69
3.82
3.82
3.39
3.02
3.02
3.26
3.02
2.92
3.17
3.54
3.54
11.14
10.95
10.1
10.1
9.81
10.48
10.1
11.14
10.67
10.48
10.67
10.38
10.48
10.67
10.95
11.14
11.14
11.14
11.43
11.81
10.95
10.48
10.1
10.48
10.67
10.95
11.43
11.81
11.81
11.14
10.48
35.87
36.49
37.43
38.67
40.86
43.98
43.04
41.79
43.04
43.98
46.16
46.16
45.22
43.98
45.22
47.41
50.84
53.02
48.65
46.16
47.41
49.59
50.84
52.09
55.52
58.01
63.94
67.99
69.24
74.23
51.98
50.96
49.34
47.51
46.7
47.51
51.98
52.79
54.01
59.69
60.71
60.71
62.74
62.13
59.69
58.27
57.26
56.44
55.63
54.62
54.21
53.8
53.8
53.8
53.8
53.8
53.8
55.63
55.63
56.44
58.68
229.53
223.99
223.99
223.99
222.41
223.99
220.83
220.03
218.45
216.87
216.87
227.95
239.82
244.57
254.86
316.6
413.95
539.8
775.66
1005.2
989.37
693.35
542.96
617.36
744
886.47
1005.2
862.73
611.03
453.53
258.92
253.58
259.99
281.34
345.94
396.66
379.04
350.21
410
456.98
397.19
359.82
343.81
327.79
364.63
419.08
533.86
678
784.77
832.82
1014.33
1414.73
2039.35
2242.21
1959.27
1414.73
1121.11
918.24
854.18
822.15
731.39
153.19
128.74
100.65
89.36
84.66
77.94
86
88.69
86
91.38
94.07
88.69
86
86
83.32
81.97
81.97
81.97
80.63
81.97
79.28
77.94
75.25
70.15
74.45
78.34
80.9
92.59
93.26
94.74
74.45
45.77
45.26
42.17
42.86
42.17
36
40.63
39
39.51
36.26
36.34
34.89
36.77
48.17
80.31
138
190.28
245.14
376.28
472.28
492.85
522.85
659.99
741.42
700.28
584.56
470.57
393.42
2968.01
2558.63
2178.49
2010.35
1937.25
1820.28
1652.14
1469.38
1323.18
1235.45
1206.21
1162.35
1162.35
1213.52
1206.21
1198.9
1242.76
1242.76
1169.66
1103.86
1074.62
1038.07
957.66
884.55
833.38
796.83
789.52
789.52
782.21
774.9
782.21
474.48
461.05
446.28
478.95
487.9
487.9
487.9
487.9
492.38
550.57
698.28
859.43
980.28
1271.24
1871.04
2014.28
1844.19
1490.57
1195.14
1060.86
980.28
904.19
846
814.67
810.19
828.09
859.43
904.19
944.47
984.76
11.92
12.33
12.59
12.69
12.8
13.11
13.37
13.52
13.37
13.16
12.95
12.8
12.43
11.71
10.83
10.15
9.84
9.74
9.79
9.95
10.36
10.67
10.52
10.05
9.53
9.17
8.86
8.65
8.6
8.55
8.34
280.78
262.67
246.36
233.68
226.44
213.76
210.13
206.51
195.64
180.97
166.3
155.61
148.72
146.91
147.09
145.83
140.75
134.23
131.51
125.36
126.8
128.25
132.6
134.41
130.07
124.99
120.1
117.2
114.12
115.21
78.77
82.55
83.02
80.07
79.83
81.48
78.18
73.45
70.03
66.84
63.06
59.75
55.86
52.43
49.83
46.88
44.52
43.81
43.93
43.34
41.8
39.92
40.03
38.26
36.37
34.72
34.6
33.18
33.66
34.25
34.48
0
0
0
0
0
0
0
0
0
0
0
0
0
0
0
0
0
0
0
0
0
0
0
0
0
0
0
0
0
0
0
0
0
0
0
0
0
0
0
0
0
0
0
0
0
0
0
0
0
0
0
0
0
0
0
0
0
0
0
0
0
81.87
81.12
81.12
81.62
80.63
81.12
84.62
85.37
87.36
88.36
87.12
85.62
83.62
78.63
75.88
78.63
82.87
83.87
82.37
82.62
83.62
83.87
85.62
86.37
86.37
88.61
90.36
94.1
99.6
97.35
98.85
77.39
73.52
69.83
67.81
66.7
68.18
67.81
67.44
67.44
67.25
66.7
66.33
65.23
63.94
63.38
62.83
63.57
67.44
71.68
75.18
76.84
74.81
71.86
72.04
69.65
63.57
64.67
69.47
74.26
77.76
13.24
13.36
12.77
12.27
12.6
13.59
13.98
15.53
15.47
12.48
12.27
12.65
11.69
11.69
12.16
12.77
16.09
22.96
29.21
29.36
23.17
21.99
23.66
22.26
19.58
14.68
13.21
12.63
12.63
12.33
12.33
239.2
239.2
239.2
245.03
248.53
259.62
287.62
340.13
422.97
507.57
420.06
318.54
286.46
274.79
268.37
267.79
272.45
311.54
361.13
447.48
528.57
452.73
367.55
351.21
376.3
461.48
589.25
624.25
729.27
787.61
711.76
448.13
382.42
330.32
291.35
257.82
240.6
239.24
242.87
246.49
266.88
311.74
404.63
507.48
566.39
602.64
620.76
620.76
679.66
684.19
724.97
802
842.78
802
802
829.19
869.97
897.16
869.97
836.23
779.85
751.67
779.85
822.13
864.42
920.79
925.49
883.21
831.53
855.02
953.68
1132.2
1268.44
1385.88
1531.52
1686.55
1493.93
1207.36
991.26
864.42
775.15
728.18
704.69
699.99
681.2
662.41
648.31
643.61
765.76
878.51
245.58
307.25
383.24
414.07
364.52
297.34
242.28
204.83
182.81
174
171.8
168.49
158.58
149.77
142.06
135.45
131.05
132.15
137.66
146.47
159.68
175.1
189.42
202.63
213.64
226.86
235.67
238.97
232.36
221.35
497.71
490.05
505.36
525.78
538.54
530.89
523.23
528.33
535.99
528.33
513.02
500.26
477.29
449.21
428.79
418.58
416.03
421.14
426.24
428.79
441.56
456.87
479.84
510.47
546.2
587.04
632.98
678.92
724.87
765.7
796.33
13.49
13.66
13.66
13.49
13.06
12.35
11.42
10.49
9.64
8.88
8.29
7.86
7.57
7.36
7.15
6.72
6.26
5.79
5.37
5.03
4.69
4.35
4.07
3.77
3.49
3.33
3.25
3.13
2.98
2.87
0
0
0
0
0
0
0
0
0
0
0
0
0
0
0
0
0
0
0
0
0
0
0
0
0
0
0
0
0
0
0
0
0
0
0
0
0
0
0
0
0
0
0
0
0
0
0
0
0
0
0
0
0
0
0
0
0
0
0
0
0
0
9.71
9.43
9.74
9.9
9.62
9.34
9.48
9.32
8.79
8.73
8.73
8.73
8.56
8.62
8.42
8.42
8.48
8.48
8.42
8.42
8.53
8.73
8.9
9.04
9.65
9.96
9.96
9.65
9.6
9.23
34.93
35.38
36.48
36.48
36.48
36.59
38.25
38.8
39.47
39.47
39.47
39.47
40.46
40.46
40.46
40.46
40.46
40.46
41.23
41.46
41.23
40.57
41.46
42.23
43.11
43.34
42.56
41.57
42.01
42.78
43.45
12.47
12.96
12.96
12.96
12.96
12.96
13.02
12.96
13.18
13.24
13.3
13.61
14.5
14.84
14.75
14.66
14.9
15.27
17.15
19.09
18.16
17.86
17.86
17.55
17.24
17.55
17.86
17.55
17.24
17.24
508.66
508.66
526.82
544.99
554.07
544.99
535.91
544.99
599.49
699.4
762.98
817.48
844.73
862.9
890.15
999.15
1180.81
1453.3
1634.96
1453.3
1226.22
1008.23
608.57
308.83
490.49
653.99
708.48
708.48
899.23
980.98
718.48
80.97
102.27
116.35
104.15
85.01
76.28
70.93
69.25
66.06
64.93
62.96
61.93
63.62
57.52
48.04
45.41
44.85
42.88
45.41
45.41
49.07
47.2
48.04
49.26
47.85
49.82
54.14
52.83
49.92
48.79
47.1
117.06
113.96
112.29
110.14
112.29
115.63
119.44
126.83
133.03
145.19
160.68
155.44
161.88
206.22
262.25
286.09
247.94
223.62
189.29
170.94
176.66
206.7
232.68
216.23
188.82
177.85
166.41
161.4
172.37
266.43
298.46
336.76
379.68
376.37
349.96
340.06
346.66
376.37
419.29
475.42
534.85
597.58
653.7
699.92
775.86
898.02
947.54
901.32
785.76
719.73
713.13
765.96
838.59
848.49
831.99
798.97
765.96
762.65
765.96
752.75
412.31
381.49
356.44
341.03
329.47
331.39
342.95
358.37
350.66
352.59
391.12
427.73
418.09
379.56
344.88
315.98
306.35
315.98
341.03
368
389.19
402.68
404.61
387.27
366.07
356.44
356.44
352.59
342.95
329.47
78.82
76.9
77.86
79.3
80.27
80.75
83.15
84.59
82.67
80.75
81.71
83.63
86.51
92.76
103.34
118.24
129.77
135.54
131.21
119.68
107.18
98.53
93.72
90.36
88.44
87.48
88.92
90.84
90.36
87.96
84.59
83.54
80.04
77.54
76.04
73.54
71.53
71.03
73.04
75.04
77.54
77.54
74.04
69.53
64.53
60.03
55.53
50.02
46.32
43.57
41.72
40.62
40.57
40.67
39.37
38.47
36.97
35.87
35.27
35.02
34.12
43.83
42.78
41.35
40.57
38.28
35.61
35.48
35.35
34.96
33.59
32.61
31.7
30.91
29.35
28.76
28.63
27.52
27.13
27.39
25.44
23.22
22.89
23.35
24.65
24.39
23.54
23.87
22.57
22.57
21.98
22.04
0
0
0
0
0
0
0
0
0
0
0
0
0
0
0
0
0
0
0
0
0
0
0
0
0
0
0
0
0
0
0
9.26
10.88
11.73
10.62
9.61
8.98
8.53
8.38
8.05
7.95
7.95
7.95
7.82
7.82
7.82
7.82
7.82
7.82
8.08
8.33
8.33
8.33
8.33
8.33
8.33
8.33
8.33
8.33
8.33
8.58
365.74
376.18
386.63
397.08
386.63
386.63
386.63
386.63
386.63
386.63
397.08
407.53
417.98
428.43
438.88
452.47
444.11
442.02
446.2
440.97
442.02
444.11
442.02
432.61
427.39
431.57
431.57
438.88
449.33
447.24
446.2
6.9
7.2
7.7
8.41
9.42
9.5
8.63
8.21
8.01
8.19
8.45
9.26
10.61
13.44
14.62
13.51
11.71
10.53
9.98
10.12
10.14
10.3
10.55
9.93
9.17
9.39
9.63
8.98
8.68
8.34
0
0
0
0
0
0
0
0
0
0
0
0
0
0
0
0
0
0
0
0
0
0
0
0
0
0
0
0
0
0
0
0
0
0
0
0
0
0
0
0
0
0
0
0
0
0
0
0
0
0
0
0
0
0
0
0
0
0
0
0
0
0
0
0
0
0
0
0
0
0
0
0
0
0
0
0
0
0
0
0
0
0
0
0
0
0
0
0
0
0
201.68
210.64
218.42
193.5
181.43
184.94
180.66
177.15
173.65
174.04
188.05
230.88
270.2
282.66
289.67
324.71
381.17
420.49
439.96
447.75
447.75
443.85
412.7
367.93
355.47
401.02
432.17
344.57
288.89
281.89
303.3
127.43
165.63
192.35
211.05
225.74
244.44
273.83
311.23
344.62
357.98
352.64
336.61
311.23
289.86
273.83
260.47
252.46
251.12
253.79
251.12
243.11
232.42
215.05
203.03
193.68
181.66
168.3
156.28
144.26
138.92
29.79
29.79
29.5
29.5
29.79
29.79
29.21
28.23
26.67
25.48
24.15
22.96
22.56
21.81
21.2
20.48
19.78
18.92
18.8
18.57
18.6
18.74
18.77
17.53
16.49
16.11
15.85
16.08
16.89
17.96
20.01
0
0
0
0
0
0
0
0
0
0
0
0
0
0
0
0
0
0
0
0
0
0
0
0
0
0
0
0
0
0
0
0
0
0
0
0
0
0
0
0
0
0
0
0
0
0
0
0
0
0
0
0
0
0
0
0
0
0
0
0
0
130.85
129.31
126.23
118.02
114.94
113.4
103.14
96.47
98.01
99.03
103.65
108.78
110.83
103.14
106.73
108.78
112.89
123.15
136.49
142.65
142.13
132.9
130.33
139.06
135.46
131.36
126.23
114.94
115.45
115.45
118.02
0
0
0
0
0
0
0
0
0
0
0
0
0
0
0
0
0
0
0
0
0
0
0
0
0
0
0
0
0
0
92.51
93.06
93.33
93.6
94.7
94.97
97.16
97.44
97.16
95.52
93.6
91.69
94.97
96.07
97.71
96.89
95.52
95.52
95.79
96.89
99.08
102.91
109.48
111.67
114.95
118.51
113.31
108.11
104.28
102.09
99.35
0
0
0
0
0
0
0
0
0
0
0
0
0
0
0
0
0
0
0
0
0
0
0
0
0
0
0
0
0
0
0
0
0
0
0
0
0
0
0
0
0
0
0
0
0
0
0
0
0
0
0
0
0
0
0
0
0
0
0
0
0
17.31
18.19
19.32
20
20.44
21.28
26.36
27.88
22.99
22.16
22.11
21.62
21.03
20.59
21.13
24.55
40.69
52.33
59.67
58.2
52.82
46.66
37.47
34.48
30.72
26.61
24.75
24.65
25.78
29.54
35.31
584.92
644.51
645.16
638.68
627.67
550.59
478.69
402.9
356.26
325.17
319.34
322.58
332.3
351.73
468.33
693.1
952.2
1373.24
1748.93
2228.27
2752.95
3070.35
3044.44
2629.88
2137.58
2008.03
2046.9
1988.6
785.89
719
668.84
627.04
596.38
571.3
574.09
618.68
654.91
771.95
1045.06
1279.16
1304.24
1178.83
1019.98
844.41
721.79
627.04
554.58
498.84
454.25
423.6
409.66
404.09
398.52
401.3
415.24
420.81
415.24
418.03
429.17
0
0
0
0
0
0
0
0
0
0
0
0
0
0
0
0
0
0
0
0
0
0
0
0
0
0
0
0
0
0
0
0
0
0
0
0
0
0
0
0
0
0
0
0
0
0
0
0
0
0
0
0
0
0
0
0
0
0
0
0
0
0
0
0
0
0
0
0
0
0
0
0
0
0
0
0
0
0
0
0
0
0
0
0
0
0
0
0
0
0
0
5.72
5.73
5.6
5.42
5.25
5.09
5.12
5.07
5.14
4.97
4.81
4.59
4.58
4.63
4.59
4.63
4.66
4.76
4.68
4.77
4.74
4.46
4.34
4.08
3.9
3.9
4
4.1
3.95
3.96
3.8
0
0
0
0
0
0
0
0
0
0
0
0
0
0
0
0
0
0
0
0
0
0
0
0
0
0
0
0
0
0
0
7.49
7.46
7.52
6.99
6.72
6.82
6.65
6.89
6.89
7.19
7.89
8.23
8.59
9
9.43
9.7
10.2
10.83
12
13.51
13.81
14.11
13.71
13.38
13.41
14.04
14.65
14.75
14.85
14.25
56.56
55.31
55.03
53.51
52.25
51.28
50.31
49.34
48.64
46.42
46
45.86
45.58
45.72
45.86
45.72
45.45
45.45
45.45
45.17
45.72
45.72
45.31
44.89
43.78
44.19
45.58
46.7
49.34
50.59
48.78
1.25
1.24
1.21
1.2
1.2
1.2
1.2
1.2
1.21
1.21
1.2
1.22
1.23
1.23
1.23
1.23
1.23
1.22
1.22
1.22
1.26
1.31
1.34
1.34
1.33
1.32
1.29
1.29
1.31
1.32
11.62
10.98
10.89
11.33
11.65
11.75
12.19
12.06
11.59
11.01
10.31
11.11
11.36
11.49
11.52
11.17
11.05
11.17
11.11
11.2
11.4
11.33
11.33
11.59
11.55
11.4
11.24
11.59
11.62
11.17
11.33
0
0
0
0
0
0
0
0
0
0
0
0
0
0
0
0
0
0
0
0
0
0
0
0
0
0
0
0
0
0
0
15.99
15.41
15.64
16.15
16.26
16.07
15.8
15.6
15.76
16.11
16.97
18.92
22.89
23.71
28.74
30.93
26.01
22.58
20.94
19.38
17.75
16.97
16.46
16.15
15.72
15.09
14.82
14.78
0
0
0
0
0
0
0
0
0
0
0
0
0
0
0
0
0
0
0
0
0
0
0
0
0
0
0
0
0
0
0
300.12
302.74
317.77
335.43
357.01
364.85
360.27
361.58
363.54
374.66
386.43
400.16
429.58
433.51
418.47
424.35
440.7
456.39
483.2
517.2
516.55
481.89
447.24
420.43
412.58
411.93
408.66
407.35
411.28
405.39
0
0
0
0
0
0
0
0
0
0
0
0
0
0
0
0
0
0
0
0
0
0
0
0
0
0
0
0
0
0
0
63.83
64.28
64.43
61.55
58.82
55.64
52.91
50.48
51.55
55.94
55.03
55.03
53.52
52.15
51.39
54.88
56.7
62.92
68.07
66.86
60.49
55.03
53.06
50.48
48.06
46.39
46.54
46.85
44.27
41.09
0
0
0
0
0
0
0
0
0
0
0
0
0
0
0
0
0
0
0
0
0
0
0
0
0
0
0
0
0
0
0
56.92
54.47
53.25
52.52
51.54
50.56
53.5
51.79
49.1
47.88
48.37
50.81
53.25
51.05
47.63
47.63
48.37
51.05
52.27
50.32
48.12
46.66
48.37
49.59
49.83
50.08
49.34
50.08
52.27
51.54
50.32
39.72
41.49
41.88
40.31
40.31
41.49
41.49
42.08
44.44
45.62
44.24
43.26
43.26
43.85
45.62
46.6
45.82
47.39
48.77
50.93
49.75
47.98
47
46.41
44.83
43.85
45.03
47.19
45.03
46.8
79.96
80.94
78.98
78.33
76.7
76.05
76.37
77.35
78.33
79.96
82.57
82.9
84.53
88.45
83.88
82.9
82.9
84.53
86.82
89.75
92.69
93.02
93.02
93.02
93.02
92.69
93.67
94.32
94.98
94.98
94.65
13.23
13.37
13.37
13.28
13.37
13.23
13.05
13.28
13.37
13.23
13.14
13.37
13.55
13.55
13.87
14.14
13.73
13.73
14.18
13.91
13.5
13.37
13.46
13.41
13.23
13.37
13.05
12.87
12
13.41
20.1
22.96
24.73
27.73
28.34
27.93
26.16
26.43
27.12
28.07
29.16
31.61
29.98
23.16
25.21
17.65
19.76
28.89
27.93
27.25
25.28
23.98
24.8
25.21
26.91
28.27
29.3
30.66
31.07
29.98
27.93
0
0
0
0
0
0
0
0
0
0
0
0
0
0
0
0
0
0
0
0
0
0
0
0
0
0
0
0
0
0
0
197.78
177.32
150.04
145.49
150.04
158.22
162.77
162.32
159.13
209.6
310.54
366.01
343.73
303.72
286.9
257.34
247.34
230.52
210.51
203.24
203.24
211.88
222.33
230.06
238.7
246.88
261.43
275.98
291.9
380.35
412.86
423.16
438.87
406.9
373.85
386.85
396.06
359.76
312.08
307.21
291.49
263.86
245.44
237.31
235.69
231.35
228.64
225.39
224.31
225.94
231.9
240.02
237.86
235.69
232.44
224.85
233.52
244.9
235.15
231.35
36.5
35.26
35.97
36.86
39.25
41.02
38.45
38.98
40.67
39.16
38.54
38.19
36.41
37.3
38.45
42.26
49.26
49.97
49.62
51.56
51.3
52.89
56.17
64.68
71.41
69.55
63.44
58.74
55.46
52.63
109.26
110.04
110.83
108.28
106.13
103.97
104.17
103.19
101.23
101.62
102.41
96.92
89.09
83.02
81.26
79.5
75.78
74.8
78.91
81.45
77.15
71.86
70.49
69.12
69.51
68.92
66.97
70.29
71.86
73.23
83.8
0
0
0
0
0
0
0
0
0
0
0
0
0
0
0
0
0
0
0
0
0
0
0
0
0
0
0
0
0
0
85.67
81.85
79.17
77.64
76.11
79.55
79.93
79.55
81.85
81.46
79.55
73.81
70.75
66.55
63.11
60.43
58.9
58.13
56.6
56.6
56.99
60.43
59.28
53.93
50.87
53.16
54.69
56.99
57.37
53.16
51.63
12.97
12.87
13.17
12.27
11.58
11.19
11.38
12.47
15.05
15.74
14.65
14.75
14.25
12.67
13.07
13.56
13.17
12.97
13.86
14.16
13.86
13.66
13.56
13.76
14.35
13.96
13.76
13.17
12.08
11.68
11.98
2.25
2.17
2.32
2.17
2.1
2.23
2.43
2.48
2.59
2.59
2.59
2.68
2.77
2.7
2.83
2.77
2.68
2.68
2.75
3.04
3.06
3.26
3.28
3.12
3.21
3.48
3.64
3.57
3.64
3.97
127.64
121.23
113.66
114.24
122.98
127.06
130.56
130.56
132.89
135.22
139.88
138.72
141.05
139.3
134.06
127.64
132.31
136.39
132.31
132.31
134.64
132.31
130.56
132.31
138.14
138.72
135.8
132.89
133.47
135.8
138.72
12.39
12.89
13.35
13.55
14.47
15.28
14.26
14.21
14.01
14.06
14.11
14.26
14.57
14.77
15.33
16.04
16.14
15.99
16.24
15.28
15.03
17.41
20.05
23.2
30.66
33.86
26.35
22.34
20.66
21.73
0
0
0
0
0
0
0
0
0
0
0
0
0
0
0
0
0
0
0
0
0
0
0
0
0
0
0
0
0
0
0
0
0
0
0
0
0
0
0
0
0
0
0
0
0
0
0
0
0
0
0
0
0
0
0
0
0
0
0
0
0
0
105.16
110.41
99.9
94.64
94.64
89.38
94.64
99.9
105.16
115.67
120.93
120.93
120.93
120.93
115.67
120.93
131.45
131.45
141.96
157.73
184.02
210.31
237.13
357.53
446.92
520
531.04
521.05
752.8
658.91
587.65
544.06
478.67
500.47
711.72
1014.35
1299.37
1609.55
1911.34
2489.77
3193.94
3730.46
3696.93
3227.48
2355.64
1810.74
1592.78
1341.29
1232.31
1282.61
1332.91
1500.57
1676.61
1676.61
1659.84
1710.14
1676.61
1542.48
1534.1
360.28
362.34
397.33
422.04
430.27
415.86
372.63
339.69
333.51
341.75
356.16
370.57
382.92
387.04
387.04
387.04
389.1
395.27
407.63
417.92
430.27
438.51
454.98
481.74
510.56
498.21
454.98
411.74
380.86
352.04
46.78
41.89
38.52
36.99
36.08
35.77
36.38
37.61
40.97
43.42
45.56
47.39
49.22
48.92
46.47
42.8
38.83
35.16
32.71
30.45
28.37
27.06
26.78
25.71
25.44
25.62
25.1
24.21
22.66
21.59
20.55
152.01
137.91
126.64
119.35
113.71
113.71
117.47
114.65
114.42
112.3
110.89
111.13
107.37
107.61
107.61
104.79
107.61
116.06
114.65
106.43
101.97
96.33
87.4
84.82
74.24
77.3
76.12
75.18
77.06
73.54
0
0
0
0
0
0
0
0
0
0
0
0
0
0
0
0
0
0
0
0
0
0
0
0
0
0
0
0
0
0
0
8.86
9.11
10.26
10.58
10.7
11.15
10.58
10.26
10.89
11.72
13.51
13.63
11.91
10.77
10.32
9.88
10.19
10.64
11.15
11.02
10.83
11.53
12.42
13.38
13.63
15.35
15.67
15.29
15.04
15.1
13.7
43.55
44.15
41.35
41.95
42.55
43.15
43.55
43.15
43.15
40.95
43.35
43.55
43.75
43.55
44.75
46.55
57.93
64.13
70.32
80.31
79.31
72.32
66.12
61.53
56.93
56.13
57.53
58.33
58.33
58.73
140.69
141.17
141.65
139.73
132.5
133.94
134.91
132.5
133.46
134.43
132.98
133.94
142.13
145.03
149.36
147.43
145.51
145.03
146.47
146.95
146.95
150.81
157.07
164.3
174.42
180.68
176.82
169.6
165.74
164.3
159.48
0
0
0
0
0
0
0
0
0
0
0
0
0
0
0
0
0
0
0
0
0
0
0
0
0
0
0
0
0
0
0
0
0
0
0
0
0
0
0
0
0
0
0
0
0
0
0
0
0
0
0
0
0
0
0
0
0
0
0
0
0
78.98
78.98
78.98
85.3
91.62
101.09
108.36
181.33
224.93
314.65
338.03
278.95
198.39
160.48
158.9
154.17
137.11
127.63
116.89
107.41
104.25
104.25
104.25
101.09
101.09
101.09
101.09
101.09
101.09
101.09
101.09
386.39
374.31
374.31
374.31
374.31
374.31
374.31
386.39
386.39
386.39
386.39
386.39
386.39
338.09
326.01
326.01
338.09
338.09
326.01
313.94
350.16
374.31
398.46
429.85
472.12
550.6
632.71
672.55
0
0
0
0
0
0
0
0
0
0
0
0
0
0
0
0
0
0
0
0
0
0
0
0
0
0
0
0
0
0
0
0
0
0
0
0
0
0
0
0
0
0
0
0
0
0
0
0
0
0
0
0
0
0
0
0
0
0
0
0
0
0
0
0
0
0
0
0
0
0
0
0
0
0
0
0
0
0
0
0
0
0
0
0
0
0
0
0
0
0
0
0
0
0
0
0
0
0
0
0
0
0
0
0
0
0
0
0
0
0
0
0
0
0
0
0
0
0
0
0
0
0
228.79
207.73
213.35
224.58
217.56
211.94
216.15
214.75
217.56
216.15
206.33
209.14
216.15
207.73
214.75
207.73
196.5
193.7
185.28
185.28
202.12
224.58
211.94
209.14
195.1
171.24
183.87
193.7
193.7
190.89
179.66
0
0
0
0
0
0
0
0
0
0
0
0
0
0
0
0
0
0
0
0
0
0
0
0
0
0
0
0
0
0
0
54.9
54.9
57.65
56.96
52.5
50.44
51.47
52.84
54.56
55.24
52.16
47.7
44.95
42.21
44.26
51.81
57.99
56.27
53.87
54.9
55.24
51.81
48.38
47.01
48.73
60.39
64.85
67.25
75.49
80.29
7.52
7.48
7.36
7.45
7.36
6.94
7
7.39
7.42
7.29
6.94
6.97
7.26
7.45
7.29
7.26
7.2
6.94
6.75
7.45
7.77
8.12
8.12
8.16
8.19
8.09
8
8.09
8
8.09
8.22
45.95
46.64
47.33
46.81
45.6
45.95
46.29
46.64
45.6
45.43
46.29
45.95
45.25
45.95
46.29
47.51
47.85
46.81
46.81
47.51
47.33
46.64
46.64
46.47
45.77
46.47
47.16
46.81
46.29
45.95
0
0
0
0
0
0
0
0
0
0
0
0
0
0
0
0
0
0
0
0
0
0
0
0
0
0
0
0
0
0
0
228.34
228.34
228.34
228.34
233
233
237.66
242.32
242.32
251.64
260.96
279.6
307.56
316.88
326.2
351.36
341.11
315.95
303.83
297.31
279.6
270.28
260.96
258.16
256.3
256.3
251.64
251.64
246.98
246.98
246.05
0
0
0
0
0
0
0
0
0
0
0
0
0
0
0
0
0
0
0
0
0
0
0
0
0
0
0
0
138.31
144.05
156.02
176.12
202.44
208.66
232.11
186.64
159.84
155.06
151.23
149.32
145.49
146.92
144.53
145.01
143.09
144.05
143.09
156.97
164.63
160.32
154.58
155.06
161.28
172.77
177.55
171.81
162.24
155.54
153.14
0
0
0
0
0
0
0
0
0
0
0
0
0
0
0
0
0
0
0
0
0
0
0
0
0
0
0
0
0
0
0
0
0
0
0
0
0
0
0
0
0
0
0
0
0
0
0
0
0
0
0
0
0
0
0
0
0
0
0
0
0
0
0
0
0
0
0
0
0
0
0
0
0
0
0
0
0
0
0
0
0
0
0
0
0
0
0
0
0
0
0
353.56
360.61
357.79
315.53
284.54
266.23
240.87
212.7
188.76
169.03
156.36
167.63
163.4
167.63
180.3
195.8
202.84
225.38
246.51
232.42
216.93
221.15
223.97
219.75
215.52
205.66
209.88
195.8
188.76
184.53
176.08
88.31
83.67
81.01
84.99
86.32
84.99
86.99
86.99
86.99
81.67
66.4
65.74
65.74
64.41
65.07
66.4
74.37
73.04
77.03
75.03
88.31
83
87.65
79.68
70.39
69.72
74.37
79.68
80.35
83.67
81.01
0
0
0
0
0
0
0
0
0
0
0
0
0
0
0
0
0
0
0
0
0
0
0
0
0
0
0
0
0
0
0
0
0
0
0
0
0
0
0
0
0
0
0
0
0
0
0
0
0
0
0
0
0
0
0
0
0
0
0
0
0
265.42
261.06
259.98
261.06
268.68
268.68
275.21
279.56
269.77
269.77
275.21
280.64
273.03
269.77
267.59
269.77
281.73
277.38
275.21
287.17
285
280.64
274.12
281.73
278.47
285
305.66
305.66
310.01
300.22
0
0
0
0
0
0
0
0
0
0
0
0
0
0
0
0
0
0
0
0
0
0
0
0
0
0
0
0
0
0
0
197.99
194.97
191.95
195.73
201.77
204.79
207.82
202.53
197.24
188.92
188.92
173.81
151.14
170.03
188.92
202.53
199.5
197.24
166.25
158.7
173.81
191.95
204.04
207.82
198.75
194.21
198.75
207.06
225.95
234.27
224.44
0
0
0
0
0
0
0
0
0
0
0
0
0
0
0
0
0
0
0
0
0
0
0
0
0
0
0
0
0
0
0
0
0
0
0
0
0
0
0
0
0
0
0
0
0
0
0
0
0
0
0
0
0
0
0
0
0
0
0
0
46.13
46.28
42.67
43.87
43.12
43.57
43.27
41.91
40.56
42.52
43.57
50.81
62.26
55.63
54.58
54.88
53.07
51.26
56.08
61.81
53.37
47.34
44.32
44.02
43.57
41.76
37.39
34.98
33.77
30.15
0
0
0
0
0
0
0
0
0
0
0
0
0
0
0
0
0
0
0
0
0
0
0
0
0
0
0
0
0
0
0
125.89
127.28
121.74
123.13
118.98
120.36
123.13
120.36
117.59
123.13
123.13
125.89
127.28
125.89
125.89
131.43
148.03
159.1
146.65
153.56
154.95
141.11
125.89
123.13
121.74
112.06
125.89
131.43
135.58
134.19
41.71
47.84
57.25
62.16
58.88
52.75
47.84
42.53
40.48
41.71
41.3
42.53
45.39
44.57
43.75
42.94
42.94
43.75
42.53
43.35
41.3
41.3
41.71
42.12
41.3
41.71
40.07
38.03
36.8
34.76
31.9
36.8
36.3
35.29
34.28
35.29
34.79
33.28
32.27
33.28
30.75
30.75
38.82
40.84
37.81
37.81
41.85
41.85
43.86
40.84
39.33
38.32
36.8
34.28
33.78
38.82
46.89
49.41
48.9
46.38
46.89
45.88
0
0
0
0
0
0
0
0
0
0
0
0
0
0
0
0
0
0
0
0
0
0
0
0
0
0
0
0
0
0
0
0
0
0
0
0
0
0
0
0
0
0
0
0
0
0
0
0
0
0
0
0
0
0
0
0
0
0
0
0
0
307.42
330.58
331.63
344.27
354.8
327.42
297.94
278.99
270.57
267.41
261.1
254.78
247.41
245.3
251.62
254.78
247.41
246.36
254.78
258.99
258.99
269.52
265.31
263.2
265.31
256.88
244.25
253.73
257.94
265.31
0
0
0
0
0
0
0
0
0
0
0
0
0
0
0
0
0
0
0
0
0
0
0
0
0
0
0
0
0
0
0
0
0
0
0
0
0
0
0
0
0
0
0
0
0
0
0
0
0
0
0
0
0
0
0
0
0
0
0
0
0
0
0
0
0
0
0
0
0
0
0
0
0
0
0
0
0
0
0
0
0
0
0
0
0
0
0
0
0
0
264.01
280.18
278.38
291.85
356.51
461.57
554.97
671.71
822.57
987.8
1176.39
1347.01
1472.73
1643.35
1804.99
2002.55
2460.53
3062.19
3690.8
4211.64
4633.7
4912.08
4624.72
4238.58
3996.12
4202.66
4723.5
4651.66
4023.06
3349.56
2729.93
688.49
626.84
585.73
590.87
593.44
601.15
652.53
701.34
675.65
601.15
557.47
542.06
526.64
493.25
452.14
416.18
400.76
416.18
423.88
457.28
506.09
500.95
454.71
421.32
408.47
408.47
411.04
405.9
408.47
403.33
0
0
0
0
0
0
0
0
0
0
0
0
0
0
0
0
0
0
0
0
0
0
0
0
0
0
0
0
0
0
0
23.35
23.19
24.19
26.04
27.89
28.23
27.72
27.56
27.72
28.23
27.22
24.53
21
18.15
15.91
14.33
13.19
12.25
11.01
10.1
9.59
8.8
8.64
8.57
8.28
7.85
7.17
6.69
6.62
6.28
322.73
293.14
267.25
268.17
275.57
280.19
277.42
270.02
260.77
241.36
230.26
218.24
199.74
197.89
207.14
196.97
196.97
198.82
195.12
184.95
177.55
206.22
254.3
248.75
262.62
280.19
261.7
237.66
214.54
185.87
176.62
32.99
32.28
34.42
35.84
33.35
31.74
30.14
29.78
26.93
25.14
27.46
29.96
28.18
30.67
31.92
31.92
37.81
51.72
59.2
57.42
52.96
46.37
43.33
40.3
39.05
37.45
34.95
35.49
34.6
32.28
28.71
24.51
26.82
27.59
28.83
30.06
32.22
31.75
34.22
33.14
30.37
26.82
26.21
26.21
28.52
30.06
31.91
31.91
34.22
34.84
40.39
42.24
41.47
38.38
35.76
35.15
34.38
34.22
30.83
30.98
32.83
33.09
34.03
35.92
37.5
40.81
43.17
43.96
44.59
48.21
48.53
46.32
44.75
44.9
46.95
49
49
49.79
52.94
53.88
50.73
48.37
47.42
46.95
46.95
48.37
47.9
47.74
47.58
46.95
46.95
47.42
296.87
292.91
290.93
288.96
284.01
287.97
290.93
290.93
289.94
286.98
286.98
293.9
295.88
293.9
288.96
279.06
280.05
282.03
290.93
297.86
281.04
296.87
291.92
212.76
188.02
252.34
286.98
311.72
321.61
323.59
0
0
0
0
0
0
0
0
0
0
0
0
0
0
0
0
0
0
0
0
0
0
0
0
0
0
0
0
0
0
0
0
0
0
0
0
0
0
0
0
0
0
0
0
0
0
0
0
0
0
0
0
0
0
0
0
0
0
0
0
0
0
212.21
207.79
204.11
210
214.42
212.95
208.53
212.21
212.21
217.37
218.11
219.58
214.42
203.37
217.37
223.27
227.69
232.84
239.48
233.58
224.74
221.79
225.48
225.48
227.69
237.27
246.84
274.84
0
0
0
0
0
0
0
0
0
0
0
0
0
0
0
0
0
0
0
0
0
0
0
0
0
0
0
0
0
0
0
4.26
4.47
4.27
4.27
4.46
4.64
4.52
4.46
4.46
4.33
4.34
4.25
4.19
4.23
4.32
4.31
4.33
4.34
4.47
4.27
4.39
4.05
4
4.18
4.24
4.3
4.52
4.38
4.23
4.33
290.32
275.47
287.02
290.32
299.39
312.59
299.39
299.39
274.65
249.9
242.48
235.06
239.18
235.88
230.93
216.09
224.34
277.12
285.37
282.07
294.44
322.48
324.96
291.14
252.38
204.54
187.22
197.12
183.92
171.55
163.3
0
0
0
0
0
0
0
0
0
0
0
0
0
0
0
0
0
0
0
0
0
0
0
0
0
0
0
0
0
0
0
0
0
0
0
0
0
0
0
0
0
0
0
0
0
0
0
0
0
0
0
0
0
0
0
0
0
0
0
0
0
258
255.1
246.4
240.6
211.61
234.8
258
266.69
263.79
292.78
336.26
301.48
278.29
301.48
310.17
275.39
240.6
194.22
173.93
168.13
194.22
211.61
202.92
234.8
258
266.69
289.88
298.58
275.39
255.1
269.59
0
0
0
0
0
0
0
0
0
0
0
0
0
0
0
0
0
0
0
0
0
0
0
0
0
0
0
0
0
0
16.2
16.65
15.14
15.14
16.38
15.85
16.2
17.1
16.92
16.03
16.2
16.2
16.83
17.27
18.43
18.34
17.9
19.59
20.03
19.23
18.88
18.96
18.79
18.79
18.7
18.61
18.16
17.1
17.36
17.54
19.14
289.51
283.16
293.32
300.93
308.55
294.59
293.32
299.66
312.36
309.82
302.2
312.36
300.93
297.13
295.86
292.05
285.7
234.91
184.12
260.3
228.56
152.37
266.65
260.3
279.35
253.95
279.35
266.65
279.35
292.05
0
0
0
0
0
0
0
0
0
0
0
0
0
0
0
0
0
0
0
0
0
0
0
0
0
0
0
0
0
0
0
245.21
303.6
315.27
338.63
326.95
312.94
308.27
310.6
415.69
582.67
650.39
847.73
1026.39
1126.81
1296.12
1517.98
1728.16
1623.07
1005.37
719.29
607.19
537.13
520.78
513.78
506.77
512.61
509.11
521.95
552.31
750.81
1045.07
627.1
855.58
1074.34
1234.76
1254.21
1069.48
758.36
583.35
505.57
450.15
403.49
366.05
340.77
320.84
299.94
263.97
256.67
273.69
290.22
333.48
361.68
339.32
319.39
307.23
299.45
299.45
296.54
288.76
409.29
420.19
434.49
457.64
558.44
708.26
687.83
587.04
594.53
769.55
1001.1
1239.45
1436.95
1573.15
1627.64
1525.48
1423.33
1491.43
1525.48
1416.52
1430.14
1518.67
1579.96
1600.39
1491.43
1334.8
1246.26
1150.92
1055.58
1001.1
953.43
610.96
565.02
532.86
505.3
482.33
477.74
491.52
565.02
693.64
886.58
1084.1
1175.98
1125.45
987.64
904.95
932.51
996.82
969.26
868.2
799.3
730.39
675.27
643.11
606.36
555.83
523.68
523.68
542.05
583.39
624.74
359.05
404.22
430.38
454.16
480.31
487.45
480.31
477.93
473.18
454.16
432.76
408.98
397.09
392.33
387.58
368.56
344.78
328.13
323.38
323.38
325.76
323.38
321
323.38
330.51
330.51
316.25
304.36
287.71
271.07
256.8
0
0
0
0
0
0
0
0
0
0
0
0
0
0
0
0
0
0
0
0
0
0
0
0
0
0
0
0
0
0
0
0
0
0
0
0
0
0
0
0
0
0
0
0
0
0
0
0
0
0
0
0
0
0
0
0
0
0
0
0
0
5.33
5.61
5.45
4.99
4.66
4.4
4.36
4.2
4.16
4
3.72
3.79
3.86
3.91
3.84
3.79
3.97
4.11
3.84
3.56
3.34
3.15
3.38
3.22
2.98
3.11
2.97
3.11
3.18
3.04
2.81
22.73
24.49
25.13
26.41
25.77
24.65
25.29
25.13
24.33
25.61
25.93
26.57
27.69
29.93
30.41
29.45
35.69
36.01
33.93
33.13
33.61
32.65
29.29
30.25
29.45
28.97
30.57
32.81
33.45
35.05
16.17
16.38
16.31
16.51
16.1
16.99
17.88
18.3
18.16
18.3
18.64
18.43
18.84
19.67
19.46
19.19
18.91
18.5
18.09
18.23
18.43
18.5
18.64
18.64
18.64
18.84
19.19
18.98
18.77
18.84
19.12
91.65
91.32
90.66
90
91.32
91.32
91.98
92.98
93.31
92.31
95.62
96.95
93.31
94.3
96.95
94.63
93.64
93.97
93.31
93.31
93.64
94.96
94.63
94.3
94.96
95.62
96.62
100.26
99.92
102.24
0
0
0
0
0
0
0
0
0
0
0
0
0
0
0
0
0
0
0
0
0
0
0
0
0
0
0
0
0
0
0
94.85
136.79
167.06
159.21
134.54
116.61
100.12
90.93
87.68
89.7
109.21
131.18
122.21
98.89
88.24
86.22
91.94
96.09
89.47
80.39
72.77
69.85
65.48
64.13
64.36
60.55
59.42
65.37
65.48
63.01
63.91
327.07
320.64
315.38
339.91
403.58
624.93
1016.24
1501
2231.05
3165.53
3697.01
3545.16
3025.35
2499.71
2055.84
1676.21
1495.16
1401.71
1430.91
1559.4
1763.82
2014.96
2184.33
2254.42
2155.13
1839.74
1477.63
1261.54
1144.73
611.05
577.66
574.32
597.7
647.78
697.87
751.3
767.99
704.55
644.44
641.11
674.5
697.87
707.89
697.87
654.46
591.02
554.29
530.92
520.9
514.22
510.88
500.86
500.86
500.86
487.51
477.49
470.81
474.15
514.22
544.27
155.25
147.34
145.36
160.19
175.03
168.11
152.28
141.41
137.45
139.43
145.36
152.28
159.21
161.18
158.22
151.29
146.35
144.37
149.32
155.25
156.24
153.27
148.33
145.36
142.4
145.36
164.15
183.93
190.85
186.89
209.11
198.77
190.73
186.13
184.98
181.53
174.64
165.45
153.96
144.77
137.87
130.98
126.38
124.09
127.53
141.32
162
188.43
209.11
222.9
241.28
257.36
263.11
255.07
245.88
237.83
220.6
198.77
178.09
159.7
143.62
12.37
11.3
10.49
9.54
8.73
8.32
7.73
7.28
6.84
6.72
6.67
6.32
6.1
6.1
5.8
5.36
5.12
5.25
5.3
4.97
4.93
4.55
4.61
4.76
5.25
5.59
5.94
5.96
6.21
6.47
10.59
9.64
9.06
8.15
7.48
6.99
6.42
6.11
6.01
5.87
5.91
5.78
5.53
5.33
5.64
5.78
5.33
5.02
4.7
4.5
4.48
4.44
4.31
4.15
3.88
3.86
3.61
3.54
3.52
3.69
3.42
95.15
96.86
90.03
86.61
88.32
87.75
85.47
87.75
86.04
81.48
82.62
80.91
81.48
95.15
100.28
104.27
97.43
83.76
80.34
86.04
86.04
89.46
91.73
90.03
90.03
98.57
112.25
103.13
94.58
93.44
95.72
0
0
0
0
0
0
0
0
0
0
0
0
0
0
0
0
0
0
0
0
0
0
0
0
0
0
0
0
0
0
1.22
1.23
1.24
1.19
1.15
1.12
1.13
1.17
1.18
1.18
1.17
1.2
1.21
1.24
1.29
1.32
1.32
1.38
1.44
1.46
1.5
1.47
1.44
1.49
1.54
1.55
1.62
1.61
1.57
1.53
1.53
244.41
240.76
240.03
240.76
239.3
235.65
232.73
227.63
230.54
233.46
230.54
231.27
231.27
233.46
229.09
230.54
233.46
261.19
277.97
323.2
410.02
431.91
403.45
404.91
410.75
380.11
367.7
348.74
326.85
323.2
257.33
248.49
249.67
252.03
293.25
310.32
350.36
369.21
406.3
483.44
606.51
759.61
889.16
871.49
730.17
555.28
425.15
372.74
320.33
312.68
300.31
303.85
293.84
282.06
283.24
330.93
440.46
565.29
718.39
847.94
1118.81
444.6
657.89
1021.39
1478.01
1547.1
1251.2
907.23
716.47
603.82
501.68
413.06
363.49
334.95
255.35
195.27
180.24
214.79
225.31
216.29
222.3
220.8
207.28
184.75
159.22
146.9
150.2
159.22
187.75
244.83
295.9
339.46
591.84
570.01
589.41
618.52
577.28
482.69
412.34
358.98
342
315.32
310.47
320.17
315.32
298.34
278.94
293.49
332.3
356.56
378.39
378.39
349.28
317.75
288.64
259.53
233.1
217.57
217.33
231.64
147.19
142.53
142.67
144.42
142.53
137.86
137.28
143.55
143.26
145.73
150.11
158.85
171.97
169.05
153.02
143.55
145.15
155.94
163.22
163.22
161.76
167.59
183.62
193.83
199.66
196.74
199.66
202.57
208.4
217.14
220.06
89.06
86.01
83.57
80.52
75.64
72.59
70.15
67.71
65.27
63.44
61.61
59.54
58.26
56.67
55.45
55.08
54.78
55.33
58.87
62.83
75.03
90.28
104.92
118.34
129.32
137.86
140.91
134.81
124.44
117.12
335.23
327.98
322.54
313.48
293.55
268.18
250.06
239.19
224.69
208.38
195.7
188.45
183.02
177.94
178.85
179.21
175.95
168.7
160
151.67
144.96
135.54
130.65
132.1
135.18
144.96
145.87
142.24
136.81
134.27
132.82
0
0
0
0
0
0
0
0
0
0
0
0
0
0
0
0
0
0
0
0
0
0
0
0
0
0
0
0
0
0
378.8
398.88
402.53
417.13
422.61
380.62
327.68
304.86
284.78
261.96
241.88
239.14
234.58
227.28
214.5
205.37
206.28
220.89
250.1
240.06
221.8
212.67
194.42
194.42
177.99
163.38
165.21
188.94
178.9
250.1
324.03
0
0
0
0
0
0
0
0
0
0
0
0
0
0
0
0
0
0
0
0
0
0
0
0
0
0
0
0
0
0
0
0
0
0
0
0
0
0
0
0
0
0
0
0
0
0
0
0
0
0
0
0
0
0
0
0
0
0
0
0
0
19.75
19.29
20.9
22.12
22.57
22.12
21.28
21.51
22.42
22.42
23.18
24.48
24.4
23.49
22.5
22.04
22.42
21.51
22.27
23.41
23.18
22.5
22.73
23.03
23.41
23.26
23.41
23.49
23.64
23.79
25.39
9.09
9.72
9.91
9.12
8.9
8.9
9.06
9.56
10.38
10.24
9.83
9.67
9.53
9.47
9.42
9.39
9.28
9.23
9.5
9.61
9.56
9.56
9.56
9.64
10.08
11.01
11.64
11.8
12.02
11.06
2.02
1.98
1.89
1.79
1.76
1.85
1.89
1.91
1.91
1.88
1.76
1.73
1.71
1.7
1.76
1.81
1.83
1.84
1.89
1.83
1.69
1.61
1.59
1.56
1.56
1.56
1.61
1.66
1.7
1.7
1.71
81.57
81.32
85.71
90.33
87.17
84
80.59
80.59
81.57
82.78
88.63
105.91
139.51
167.03
188.21
186.75
217.43
265.39
350.61
411.48
443.14
396.87
282.44
232.52
225.22
234.47
242.26
292.18
377.4
438.27
411.48
262.54
215.29
187.28
204.78
229.29
250.29
232.79
189.03
169.95
153.33
136.35
125.15
120.6
120.77
124.8
132.85
139.67
126.55
114.64
111.14
114.29
120.77
115.34
109.22
108.52
110.44
108.87
106.94
282
378.45
557.94
674.72
713.65
605.52
441.16
362.01
319.63
301.46
285.89
280.27
286.32
330.44
417.81
462.79
484.41
527.67
566.59
544.97
497.39
501.71
575.24
705
890.98
1098.58
1284.56
1349.44
1297.54
1185.08
1059.66
741.41
675.28
664.84
657.87
623.07
609.14
609.14
619.59
623.07
602.18
560.41
529.08
494.28
466.43
445.54
435.1
424.66
407.26
386.37
365.49
362
365.49
379.41
407.26
438.58
476.87
508.2
525.6
515.16
515.16
276.86
287.79
302.36
318.75
340.61
357
375.21
393.43
417.11
449.89
489.97
537.32
575.57
593.79
570.11
548.25
520.93
493.61
473.57
471.75
475.39
464.47
438.97
411.64
387.96
360.64
349.71
366.11
404.36
429.86
437.14
404.68
406.35
399.66
381.27
356.18
332.77
314.38
299.33
287.62
275.92
269.23
264.21
267.56
275.92
280.93
272.57
252.51
229.1
207.36
185.62
168.89
158.53
153.84
155.52
152.67
146.49
152.17
152.51
141.64
130.27
73.14
67.82
65.01
65.41
65.31
62.49
58.78
54.26
50.94
49.63
51.04
49.94
46.72
45.01
44.51
41.4
38.38
36.37
36.67
39.69
38.28
36.17
34.26
33.46
34.56
31.65
28.03
25.32
25.02
26.73
31.15
0
0
0
0
0
0
0
0
0
0
0
0
0
0
0
0
0
0
0
0
0
0
0
0
0
0
0
0
0
0
0
8.58
9.34
9.65
9.07
9.11
9.43
9.7
10.33
10.33
11.13
11.94
12.35
12.12
12.53
12.62
12.3
12.35
11.81
11.09
11.22
11.31
11.67
11.4
11.13
11.54
12.17
12.53
12.89
13.78
14.01
0
0
0
0
0
0
0
0
0
0
0
0
0
0
0
0
0
0
0
0
0
0
0
0
0
0
0
0
0
0
0
85.83
85.83
86.83
87.08
87.08
87.08
88.82
90.57
90.57
90.57
90.57
90.57
90.07
89.82
89.82
91.32
93.81
94.31
94.56
94.56
110.03
127.75
169.91
232.04
261.98
309.38
296.91
207.09
190.87
192.37
131.68
151.13
201.28
202.98
182.51
154.03
108.48
117.01
105.58
98.76
87.33
88.53
93.13
97.74
145.33
169.38
136.12
109.68
99.1
67.89
47.76
57.99
66.52
69.93
69.08
69.93
69.93
78.29
76.59
78.63
79.83
41.34
40.73
39.42
36.97
35.14
34.7
34.79
34
32.52
33.39
34.09
33.56
34.53
34.96
36.36
39.07
43
55.07
65.64
91.78
103.14
97.02
90.9
69.58
57.6
45.19
48.16
50.78
46.24
47.11
49.12
66.35
63.1
59.6
60.85
60.85
60.98
60.85
63.97
66.97
67.85
58.1
60.35
62.72
62.1
61.1
60.48
61.48
62.6
62.85
62.6
62.22
61.35
61.1
61.85
68.85
88.71
108.21
110.83
651.15
918.12
1185.09
1367.41
1399.97
1328.35
1080.91
833.47
722.78
664.17
597.76
554.13
526.78
539.8
609.48
703.24
820.45
937.66
1009.28
1087.42
1146.02
1237.18
1341.37
1393.46
1406.48
1452.06
1504.16
1569.27
1634.39
1660.43
1588.81
558.57
493.45
435.84
408.28
403.27
388.24
370.71
373.22
380.73
398.26
403.27
385.74
375.72
390.75
430.83
480.92
528.51
576.1
631.21
696.33
776.49
876.68
926.78
936.8
901.73
824.08
758.95
743.93
738.92
723.89
237.17
222.72
211.67
209.97
213.37
220.17
220.17
204.87
187.87
180.22
179.36
178.51
175.96
171.71
168.31
168.31
166.61
161.51
152.16
146.21
147.91
153.01
160.66
167.46
173.41
177.66
183.62
189.57
197.22
200.62
202.32
142.42
141.82
139.4
133.37
126.13
119.49
111.04
102.59
94.14
85.09
77.85
73.02
67.59
63.36
60.35
59.44
56.55
55.4
53.35
49.79
48.22
47.07
44.9
42.36
41.1
39.71
39.41
38.32
36.39
34.28
18.09
17.03
16.55
15.9
15.66
15.59
15.66
13.95
12.85
12.27
12.17
11.41
11.24
11.17
11.07
10.83
10.79
11.03
11.58
10.93
10.49
10.18
10.04
9.66
9.73
9.39
9.32
9.56
9.53
9.73
9.32
13.06
13.31
13.21
13.06
12.91
14.81
15.6
16.3
17.5
18.54
18.99
17.6
17
16.5
15.95
15.4
15.01
14.96
14.41
13.56
12.91
12.91
12.76
13.46
14.46
14.26
13.31
12.66
12.46
13.56
14.21
0
0
0
0
0
0
0
0
0
0
0
0
0
0
0
0
0
0
0
0
0
0
0
0
0
0
0
0
0
0
52.57
53.9
55.61
55.04
54.85
56.18
56.18
57.88
60.35
59.97
59.59
59.21
60.16
60.54
59.78
59.21
59.59
59.97
60.35
60.92
60.92
60.92
60.92
60.92
63.58
64.91
65.86
70.98
72.12
76.67
74.59
11.15
10.94
10.82
10.75
10.75
10.66
10.54
10.54
10.42
10.63
10.69
10.63
10.57
10.51
10.45
10.66
10.94
11.18
11.39
11.09
11.03
10.82
10.82
10.6
10.66
11.06
11.27
11.54
11.48
11.33
13.59
14.25
13.85
13.56
13.09
12.72
13.3
13.59
13.45
12.94
13.05
12.87
13.48
13.67
13.41
12.9
13.41
13.77
13.56
13.45
13.16
12.94
12.51
12.36
12.22
12.11
12.11
12.07
12.25
12.29
12.29
0
0
0
0
0
0
0
0
0
0
0
0
0
0
0
0
0
0
0
0
0
0
0
0
0
0
0
0
0
0
0
59.1
59.61
61.93
63.35
65.42
69.81
68.9
68.13
68.9
70.06
72.9
83.87
94.32
104.26
120.38
149.67
171.61
150.97
122.19
100.26
87.61
83.48
83.48
84.13
86.97
89.16
97.68
126.32
163.87
542.48
468.33
383.25
336.81
332.13
366.86
441.01
472.23
452.72
441.01
405.89
345.39
314.95
295.05
289.59
326.66
351.64
355.15
375.45
362.18
387.94
390.28
354.76
356.71
401.98
421.5
409.79
417.6
429.3
409.79
374.67
92.57
88.42
88.73
94.75
101.91
108.96
117.27
120.38
118.3
116.23
116.23
114.15
114.15
118.3
127.64
141.13
151.51
171.23
185.76
194.06
217.93
245.95
260.48
253.21
235.57
215.85
195.1
180.57
169.15
162.93
57.56
55.29
53.02
51.88
52.26
52.26
51.88
50.37
48.85
47.34
45.82
43.93
42.03
39.76
37.72
36.24
36.17
37.15
36.96
33.32
31.05
29.69
28.52
27.87
27.46
27.19
27.04
26.28
25.6
25.37
24.96
34.23
33.86
31.12
29.59
28.22
25.9
24.26
22.73
23.21
22.99
23.42
23.63
22.99
22.89
23.89
23.15
20.41
17.62
17.77
17.19
17.35
16.67
15.72
14.4
14.93
13.71
12.13
11.76
11.5
12.45
0
0
0
0
0
0
0
0
0
0
0
0
0
0
0
0
0
0
0
0
0
0
0
0
0
0
0
0
0
0
0
0
0
0
0
0
0
0
0
0
0
0
0
0
0
0
0
0
0
0
0
0
0
0
0
0
0
0
0
0
0
0
114.84
122.58
146.38
189.22
204.69
221.36
216
205.29
193.98
174.35
161.26
158.28
154.12
147.57
140.43
141.62
142.21
159.47
160.07
151.14
146.98
144
145.19
145.19
157.09
157.69
158.28
149.95
154.71
151.74
24.41
24.13
23.66
23.19
23.38
23.38
24.6
25.44
26.75
27.69
28.54
30.13
33.23
32.76
30.89
30.13
30.6
31.54
31.17
31.26
31.82
32.29
33.23
32.01
31.17
30.98
31.35
32.76
32.95
33.8
33.8
79.47
77.88
77.65
80.16
77.88
77.2
76.06
78.33
79.02
79.47
80.16
79.47
77.2
77.2
77.88
79.47
77.88
75.15
72.41
72.41
74.92
77.88
78.33
77.65
76.97
79.02
78.79
79.47
81.07
81.52
0
0
0
0
0
0
0
0
0
0
0
0
0
0
0
0
0
0
0
0
0
0
0
0
0
0
0
0
0
0
0
0
0
0
0
0
0
0
0
0
0
0
0
0
0
0
0
0
0
0
0
0
0
0
0
0
0
0
0
0
0
0
0
0
0
0
0
0
0
0
0
0
0
0
0
0
0
0
0
0
0
0
0
0
0
0
0
0
0
0
49.9
49.47
49.19
50.61
49.62
49.76
50.61
50.47
50.89
52.17
51.74
51.6
51.03
51.18
53.02
55.71
55.71
53.59
52.88
54.29
65.07
69.89
67.76
71.45
75.28
76.27
81.23
83.07
76.98
77.54
78.11
41.58
39.85
39.45
38.27
36.38
34.73
34.65
34.96
35.12
34.26
32.68
32.21
32.05
31.74
31.74
30.4
30.08
29.92
31.11
35.99
38.74
38.67
36.78
34.65
34.02
33.39
32.84
31.74
31.81
33.31
25.15
24.78
24.96
23.16
22.35
21.55
20.18
18.69
17.76
17.82
17.63
17.01
16.7
16.14
19.31
20.74
26.45
30.05
24.84
22.42
19.81
17.63
16.21
15.15
14.53
13.47
12.98
14.84
14.96
13.6
12.23
0
0
0
0
0
0
0
0
0
0
0
0
0
0
0
0
0
0
0
0
0
0
0
0
0
0
0
0
0
0
95.63
87.34
77.09
72.21
70.26
67.82
64.89
68.8
64.89
68.31
78.07
91.24
97.59
90.75
86.85
77.09
78.56
98.07
87.83
81.48
76.6
74.65
76.6
76.12
67.82
63.43
62.45
59.04
53.18
53.67
74.17
120.42
113.06
111.05
101.02
91.65
95
80.95
70.91
76.26
85.63
103.02
119.75
125.77
115.74
101.69
103.02
97.67
87.64
78.94
76.93
78.94
78.27
80.28
85.63
99.68
97
91.65
88.31
92.32
101.69
105.7
0
0
0
0
0
0
0
0
0
0
0
0
0
0
0
0
0
0
0
0
0
0
0
0
0
0
0
0
0
0
61.62
59.51
54.77
51.08
50.29
50.29
51.08
52.93
57.93
61.62
64.78
66.88
67.41
65.57
66.36
64.51
63.99
66.09
66.36
67.14
67.41
68.2
67.41
66.09
67.41
67.41
65.83
67.41
70.04
74.78
74.25
88.3
86.45
83.99
81.84
81.53
81.53
81.22
81.22
81.22
81.84
83.99
85.53
87.07
87.07
87.99
89.22
87.38
87.07
87.07
87.99
91.07
99.37
106.45
112.3
105.22
98.45
95.68
94.14
90.14
90.14
162.46
161.4
166.68
167.2
170.37
176.7
178.28
191.99
199.91
191.99
178.81
184.08
185.66
183.03
173.53
184.61
175.12
176.17
180.92
180.92
181.44
182.5
177.75
172.48
166.15
157.18
157.71
169.84
172.48
182.5
218.37
47.14
68.81
92.47
112.42
128.74
116.04
81.23
80.6
93.38
94.29
81.41
65.37
55.76
49.41
43.34
38.62
34.99
32.27
32.09
30.82
31.37
29.65
30.55
29.37
31.19
29.83
29.46
28.29
31.1
34.45
36.26
75.47
64.5
70.1
68.31
67.19
66.51
67.63
71.89
75.25
73.46
69.2
69.65
71.22
72.11
72.78
73.01
73.46
75.92
79.28
87.79
105.26
145.57
159.23
150.5
164.16
169.31
145.35
132.58
155.83
144.78
130.9
121.55
117.3
116.16
121.83
131.18
143.36
133.16
124.66
125.23
126.93
173.68
186.71
155.55
142.23
132.6
124.95
115.6
118.71
121.55
135.15
148.75
159.51
166.88
162.63
161.78
164.33
165.46
172.26
175.56
176.68
180.88
188.44
197.12
203
210.28
222.6
231
236.88
243.04
262.36
280
294
299.6
310.8
352.8
400.4
406
386.4
355.6
316.4
280
251.44
234.36
220.08
209.44
209.44
207.48
213.08
137.13
161.99
193.35
216.1
222.59
204.72
178.73
162.48
152.73
143.47
135.18
128.03
121.53
115.03
110.32
106.59
102.69
94.4
90.99
91.8
96.51
99.11
99.6
98.14
92.61
87.41
82.7
74.25
71.98
70.03
70.68
0
0
0
0
0
0
0
0
0
0
0
0
0
0
0
0
0
0
0
0
0
0
0
0
0
0
0
0
0
0
60.95
63.05
64.85
68.15
65.15
59.15
56.44
56.44
49.84
47.14
43.83
42.93
43.53
43.23
40.53
42.03
44.13
42.93
40.83
42.03
44.43
44.13
48.64
48.34
45.94
43.83
39.63
35.43
32.43
32.43
31.82
0
0
0
0
0
0
0
0
0
0
0
0
0
0
0
0
0
0
0
0
0
0
0
0
0
0
0
0
0
0
0
30.24
29.94
31.16
30.85
28.41
28.1
32.08
33.91
32.69
36.66
42.16
44.3
42.77
40.93
36.96
36.05
37.57
37.88
39.71
47.35
50.4
48.88
48.27
46.13
46.74
48.57
48.57
52.85
53.77
51.63
0
0
0
0
0
0
0
0
0
0
0
0
0
0
0
0
0
0
0
0
0
0
0
0
0
0
0
0
0
0
0
120.7
117.32
116.35
121.18
122.15
126.98
131.8
138.08
146.77
150.15
143.39
138.56
135.67
135.67
132.77
131.8
130.84
128.42
128.42
127.46
126.98
128.42
129.39
128.42
128.42
128.42
126.98
123.6
123.6
127.94
65.67
65.17
64.93
64.44
63.7
64.44
65.42
64.68
64.44
63.7
65.42
67.63
68.62
70.34
75.26
82.39
83.62
81.16
76.73
72.31
70.59
70.59
70.34
64.44
65.42
67.39
71.57
86.57
116.08
159.62
172.41
11.07
8.96
8.1
7.72
7.82
7.97
7.97
7.42
6.98
6.87
6.79
7.02
7.99
9.44
13.11
18.53
21.08
16.7
12.65
10.77
9.68
9.02
8.71
8.73
10.1
11.15
13.7
15.43
18.59
22.35
19.75
97.86
95.77
95.77
96.26
85.09
72.19
61.51
56.36
50.83
49.11
49.24
47.76
47.27
49.48
53.29
57.09
59.3
65.69
67.9
63.35
60.65
60.53
59.06
56.85
53.53
51.2
47.39
44.94
47.59
46.29
50.2
49.42
48.9
47.07
46.16
45.64
44.99
44.33
43.94
44.6
46.16
47.2
51.51
54.64
62.07
82.93
94.67
97.93
85.41
75.37
70.54
72.37
95.06
116.44
114.36
140.83
177.34
187.77
155.17
167.48
157.72
165.12
181.79
180.1
173.37
176.74
173.37
170
167.65
162.6
157.21
156.03
158.22
160.41
161.59
160.75
154.69
149.13
144.92
137.01
131.12
130.95
144.42
151.83
159.91
186.84
217.13
222.18
203.67
157.04
149.9
148.47
142.33
138.76
147.04
162.75
164.17
152.75
145.62
147.04
147.04
145.62
147.04
152.75
151.33
147.04
145.62
145.62
144.19
137.62
129.34
122.06
116.06
115.92
119.92
128.63
133.48
133.48
131.91
129.2
0
0
0
0
0
0
0
0
0
0
0
0
0
0
0
0
0
0
0
0
0
0
0
0
0
0
0
0
0
0
0
0
0
0
0
0
0
0
0
0
0
0
0
0
0
0
0
0
0
0
0
0
0
0
0
0
0
0
0
0
0
0
0
0
0
0
0
0
0
0
0
0
0
0
0
0
0
0
0
0
0
0
0
0
0
0
0
0
0
0
0
0
228.36
228.36
221.3
223.65
242.48
266.03
261.32
235.42
228.36
270.73
320.17
329.59
334.3
334.3
315.46
294.28
273.09
266.03
301.34
322.53
327.24
327.24
327.24
341.36
317.82
298.99
282.51
266.03
275.44
280.15
6.77
7
7.34
8.48
10.02
10.36
10.25
10.76
10.53
11.16
11.67
12.75
13.32
13.72
14.06
14.74
14.63
14.51
14.46
14.23
14.23
13.95
13.66
13.66
13.6
13.55
13.89
14
14.06
14.23
14.63
56.89
57.11
56.22
58.22
59.12
58.67
60.01
61.79
62.02
62.69
60.9
59.56
60.23
59.79
59.56
59.79
59.34
60.23
61.12
59.56
59.34
60.23
59.34
57.55
54.88
58
57.55
58.67
61.12
63.13
1.76
1.82
1.72
1.67
1.65
1.7
1.71
1.81
1.88
1.78
1.67
1.7
1.75
1.84
1.86
1.91
1.8
1.68
1.7
1.69
1.69
1.79
1.83
1.85
1.85
1.93
1.91
1.7
1.51
1.66
1.82
12.99
11.85
14.04
12.6
14.13
13.52
13.82
14.13
14.88
14.66
15.8
18.7
19.97
19.27
17.73
17.69
20.06
21.51
20.19
18.74
18.08
17.34
15.71
14.4
14.35
14.88
14.66
14.18
14.04
15.27
17.77
315.24
292.47
273.16
280.75
299.37
290.4
255.22
242.81
235.22
221.42
211.77
209.01
208.32
206.25
205.56
218.66
264.88
483.54
834.65
1062.28
1172.65
958.81
662.89
575.98
550.45
540.11
544.94
546.32
492.51
548.28
539.8
587.26
611.83
531.33
485.57
465.23
460.14
474.55
536.41
637.25
755.04
829.62
855.89
889.78
932.15
983
1008.42
1016.89
1025.37
1067.74
1042.32
957.58
923.68
915.21
915.21
898.26
872.83
841.48
791.48
739.79
0
0
0
0
0
0
0
0
0
0
0
0
0
0
0
0
0
0
0
0
0
0
0
0
0
0
0
0
0
0
60.68
59.15
57.3
58.06
58.28
59.26
61.55
62.2
59.92
58.94
60.35
65.36
68.96
62.97
55.56
50.98
48.26
52.62
54.03
61.66
66.02
62.64
56.97
52.29
48.7
44.88
43.79
42.49
46.41
53.82
56.54
0
0
0
0
0
0
0
0
0
0
0
0
0
0
0
0
0
0
0
0
0
0
0
0
0
0
0
0
0
0
0
0
0
0
0
0
0
0
0
0
0
0
0
0
0
0
0
0
0
0
0
0
0
0
0
0
0
0
0
0
0
0
0
0
0
0
0
0
0
0
0
0
0
0
0
0
0
0
0
0
0
0
0
0
0
0
0
0
0
0
0
0
0
0
0
0
0
0
0
0
0
0
0
0
0
0
0
0
0
0
0
0
0
0
0
0
0
0
0
0
0
0
504.02
495.89
495.89
536.54
541.96
533.83
536.54
531.12
520.28
544.67
569.06
569.06
596.15
596.15
569.06
596.15
596.15
623.25
650.35
650.35
650.35
677.45
650.35
677.45
731.64
704.54
677.45
704.54
650.35
623.25
650.35
33.75
32.34
33.75
33.75
32.34
32.34
32.34
33.75
33.75
33.75
32.34
32.34
32.34
32.34
32.34
32.34
32.34
32.34
32.34
32.34
32.34
30.93
30.93
29.53
30.93
32.34
33.75
33.75
28.12
30.93
33.36
31.85
31.85
31.85
33.36
33.36
34.88
40.95
53.08
59.14
81.89
97.06
92.51
77.34
72.79
73.25
72.94
68.39
61.87
58.54
55.96
53.38
51.41
47.31
50.2
50.04
48.53
50.5
53.53
50.5
51.26
4.79
4.66
4.59
4.38
4.08
4.41
4.34
3.76
4.2
3.76
4.34
3.47
3.04
3.62
4.2
4.63
4.83
4.93
4.73
4.73
4.7
4.79
4.77
4.69
4.7
4.82
5.09
6.22
7.97
8.01
7.15
0
0
0
0
0
0
0
0
0
0
0
0
0
0
0
0
0
0
0
0
0
0
0
0
0
0
0
0
75.2
76.96
76.01
73.03
71.54
70.58
68.28
65.83
65.43
66.51
68.01
67.87
67.73
66.51
65.02
61.08
57.28
55.92
55.11
54.16
54.16
56.2
58.23
61.22
66.24
66.92
61.49
60
63.93
76.69
86.6
161.98
145.37
136.43
132.08
132.6
150.99
154.57
142.56
143.84
146.39
147.16
142.3
135.92
135.92
132.6
129.02
128
130.04
140.77
147.92
141.54
137.19
131.83
129.27
136.17
145.88
150.48
157.12
164.79
191.36
253.17
259.63
260.19
268.34
283.8
292.23
297.85
314.71
342.81
362.47
373.71
399
458.01
514.21
547.93
533.88
491.73
469.25
511.4
581.65
654.7
719.33
744.62
724.95
651.89
553.55
460.82
387.76
342.81
306.28
286.61
53.12
51.26
49.28
46.55
43.21
39.76
37.51
36.74
35.81
34.39
31.71
30.01
27.87
25.63
24.2
22.4
21.19
20.86
22.01
21.74
20.7
19.11
17.47
16.65
16.48
16.98
17.41
17.69
18.07
18.62
0
0
0
0
0
0
0
0
0
0
0
0
0
0
0
0
0
0
0
0
0
0
0
0
0
0
0
0
0
0
0
0
0
0
0
0
0
0
0
0
0
0
0
0
0
0
0
0
0
0
0
0
0
0
0
0
0
0
0
0
0
0
311.08
321.12
341.19
371.29
394.71
421.47
488.37
474.99
434.85
468.3
498.4
498.4
505.09
508.44
528.51
518.47
525.16
535.2
545.23
588.71
618.82
612.13
568.64
538.54
578.68
652.27
682.37
699.1
689.06
685.72
33.03
33.03
35.14
41.61
44.04
42.75
40.48
37.4
38.05
38.54
39.02
38.05
38.21
38.38
39.35
39.19
38.86
40.81
39.51
39.19
40.64
40.97
41.13
40.32
41.45
40.97
41.78
42.26
42.75
42.75
42.42
58.5
59.63
62.33
65.93
69.53
76.06
80.56
94.96
108.46
107.11
96.98
88.66
84.83
89.11
86.41
85.06
86.86
79.21
73.81
71.78
70.43
70.21
69.76
69.08
71.11
72.23
75.38
79.43
75.83
74.03
229.66
302.06
324.63
465.54
482.67
392.36
356.55
310.62
317.62
305.17
326.97
316.07
323.85
354.99
357.33
414.16
492.01
517.7
481.11
398.59
439.07
723.22
1074.32
1424.64
1556.98
1720.47
1782.75
1665.97
1627.05
1665.97
1907.31
427.8
480.9
497.59
508.21
494.55
417.18
329.2
270.03
251.83
238.17
230.59
229.07
236.66
265.48
262.45
256.38
263.96
251.83
229.07
210.87
194.18
175.98
162.32
145.18
134.26
133.8
131.53
133.5
128.19
127.28
124.55
386.06
451.86
467.72
495.46
586.63
685.72
764.99
761.03
614.37
511.32
467.72
459.79
432.04
408.26
394.78
371.79
330.57
282.22
258.04
277.46
255.66
242.18
255.26
252.09
252.09
257.64
278.65
371.79
723.53
894.44
1048.26
1076.75
928.62
780.5
706.44
666.56
655.16
603.89
553.19
524.13
503.62
489.95
475.71
494.51
481.4
489.95
490.52
481.97
451.21
436.97
435.83
434.12
458.62
542.93
638.07
689.35
700.74
746.32
814.68
428.47
448.33
465.35
488.05
507.92
547.64
601.55
638.44
658.31
681.01
729.24
783.16
777.48
768.97
777.48
828.56
873.96
899.49
888.14
839.91
785.99
746.27
715.06
703.71
715.06
723.57
709.38
700.87
703.71
706.54
316.51
333.89
359.95
381.05
389.74
382.29
371.12
357.47
342.57
331.4
323.96
315.27
306.58
296.65
287.96
280.51
274.31
269.34
265.62
263.14
261.9
264.38
264.38
261.9
254.45
243.28
227.14
209.76
194.87
181.22
168.8
149.68
136.72
128.47
122.58
122.58
120.22
114.21
108.08
103.25
99.95
96.53
92.4
87.57
83.21
79.91
77.91
74.49
70.13
63.76
61.17
58.11
54.45
52.33
51.86
51.51
49.74
49.38
48.21
45.97
47.38
79.76
82.84
78.8
73.42
70.92
71.11
70.54
68.42
67.65
68.42
67.46
65.73
61.7
58.24
57.28
55.74
54.01
51.7
51.13
49.59
47.28
46.32
44.59
48.24
54.39
53.05
49.78
45.74
44.4
45.17
45.94
0
0
0
0
0
0
0
0
0
0
0
0
0
0
0
0
0
0
0
0
0
0
0
0
0
0
0
0
0
0
0
12.77
13.07
13.68
13.68
13.31
13.25
12.77
12.16
12.28
12.1
12.28
12.65
12.41
12.47
12.1
12.83
13.07
14.46
14.52
14.58
14.77
14.77
15.01
14.83
14.83
15.13
14.1
13.49
14.4
14.83
24
24
23.13
23.61
25.53
27.26
27.93
27.93
27.84
27.36
27.36
26.69
27.17
27.36
27.55
27.36
27.45
28.03
28.32
29.95
29.57
29.09
28.89
28.41
28.22
28.22
28.32
28.22
28.7
28.8
28.8
43.56
43.7
44.28
45.74
46.32
47.78
47.2
47.34
47.49
48.51
49.24
48.36
50.69
52.73
53.61
57.83
57.1
57.25
57.69
56.23
54.48
54.04
56.96
55.5
54.92
54.34
53.9
53.17
51.71
51.86
0
0
0
0
0
0
0
0
0
0
0
0
0
0
0
0
0
0
0
0
0
0
0
0
0
0
0
0
0
0
0
0
0
0
0
0
0
0
0
0
0
0
0
0
0
0
0
0
0
0
0
0
0
0
0
0
0
0
0
0
0
0
0
0
0
0
0
0
0
0
0
0
0
0
0
0
0
0
0
0
0
0
0
0
0
0
0
0
0
0
55.47
53.34
52.45
52.45
57.03
72.24
96.4
117.42
138.67
153.2
161.03
159.91
158.79
164.39
176.69
184.52
183.4
167.74
150.97
143.14
137.55
134.19
135.31
128.6
119.66
116.3
116.3
116.3
118.54
116.3
108.14
81.53
78.96
77.45
74.97
71.96
70.36
70.98
72.13
74.7
78.25
82.59
84.98
83.3
83.56
82.23
81.53
84.01
82.77
80.29
77.72
74.26
72.58
71.42
72.84
75.32
73.2
70.09
67.88
65.84
65.31
0
0
0
0
0
0
0
0
0
0
0
0
0
0
0
0
0
0
0
0
0
0
0
0
0
0
0
0
0
0
0
19.99
18.76
18.6
18.33
18.6
18.6
19.62
21.17
20.85
18.76
17.2
16.99
18.71
17.63
15.28
14.58
14.26
13.72
13.88
13.61
12.54
12.17
11.42
10.72
11.09
11.26
10.56
10.18
9.59
9.27
0
0
0
0
0
0
0
0
0
0
0
0
0
0
0
0
0
0
0
0
0
0
0
0
0
0
0
0
0
0
0
0
0
0
0
0
0
0
0
0
0
0
0
0
0
0
0
0
0
0
0
0
0
0
0
0
0
0
0
0
0
0
603.66
658.54
663.53
553.77
543.79
598.67
568.74
598.67
643.57
613.64
618.63
623.62
633.59
618.63
593.68
573.73
603.66
623.62
693.46
773.28
818.18
838.14
893.02
888.03
917.96
972.84
898.01
922.95
952.88
1007.76
0
0
0
0
0
0
0
0
0
0
0
0
0
0
0
0
0
0
0
0
0
0
0
0
0
0
0
0
0
0
0
30.01
30.2
29.71
29.22
29.22
28.92
29.32
29.41
29.22
29.02
29.51
29.91
30.8
30.2
30.5
31.29
31.29
31.88
34.15
35.83
37.01
34.94
32.97
31.19
29.81
29.71
30.99
30.2
30.5
29.32
26.45
25.56
25.92
26.45
28.41
30.01
30.72
29.75
28.77
26.09
25.29
31.08
27.96
29.57
28.05
25.29
26.72
26.27
26.54
27.34
26.09
24.22
25.2
28.77
25.65
31.97
27.43
26
32.59
30.64
30.1
0
0
0
0
0
0
0
0
0
0
0
0
0
0
0
0
0
0
0
0
0
0
0
0
0
0
0
0
0
0
0
70.52
75.25
80.88
86.96
87.19
76.83
71.19
68.94
71.42
68.72
68.94
70.52
70.97
69.39
70.29
69.84
69.17
69.39
69.62
70.74
72.32
74.12
74.12
76.15
76.38
77.28
80.66
84.71
89.44
341.82
376.32
448.54
433.29
399.59
382.74
369.1
362.68
355.46
369.1
434.9
542.42
714.13
850.54
938.8
970.9
866.58
674.01
636.3
749.43
906.7
970.9
906.7
866.58
938.8
1019.04
1059.16
1043.11
954.85
866.58
771.9
253.2
219.82
207.19
200.58
210.8
228.54
243.58
245.68
252.3
261.92
260.72
265.23
286.58
330.79
381.91
436.04
481.14
475.13
436.04
436.04
454.08
466.11
442.05
399.95
369.88
348.83
330.79
315.75
309.74
327.78
156.2
161.73
157.58
152.05
146.52
143.76
149.28
158.96
168.64
172.78
176.93
178.31
178.31
179.69
175.55
170.02
172.78
172.78
170.02
168.64
170.02
171.4
172.78
172.78
165.87
163.11
161.73
160.34
165.87
172.78
186.61
119.91
131.9
139.09
137.49
127.1
115.91
107.92
99.12
89.53
81.54
73.46
66.91
63.07
59.63
54.84
51.32
49.64
47.24
42.69
37.89
35.49
34.45
34.37
34.45
32.61
31.26
31.26
30.22
27.98
25.9
36.36
35.53
34.59
32.59
33.89
35.06
35.53
34.24
32.71
30.71
31.18
29.65
28.94
27.53
26.71
25.3
24.83
23.41
21.41
20.83
22.94
22.94
22.94
23.53
21.53
19.06
17.18
15.41
15.41
16.35
16.59
0
0
0
0
0
0
0
0
0
0
0
0
0
0
0
0
0
0
0
0
0
0
0
0
0
0
0
0
0
0
0
0
0
0
0
0
0
0
0
0
0
0
0
0
0
0
0
0
0
0
0
0
0
0
0
0
0
0
0
0
0
91.25
90.65
99.05
117.06
130.87
143.47
143.47
138.67
132.07
127.86
124.86
127.86
127.86
128.46
132.67
133.27
133.27
133.87
132.67
131.47
130.87
130.27
129.66
133.27
134.47
132.07
133.87
132.67
136.27
138.67
137.47
13.04
13.44
13.78
14.45
14.51
14.85
14.68
14.96
14.79
14.57
14.74
14.74
14.62
14.85
15.08
15.24
15.02
14.68
14.57
14.28
14.17
14.51
14.51
14.34
14.4
14.23
14.4
14.62
14.57
14.34
0
0
0
0
0
0
0
0
0
0
0
0
0
0
0
0
0
0
0
0
0
0
0
0
0
0
0
0
0
0
0
0.43
0.45
0.46
0.52
0.47
0.47
0.46
0.48
0.49
0.47
0.43
0.4
0.41
0.41
0.41
0.4
0.39
0.38
0.38
0.38
0.39
0.4
0.4
0.42
0.45
0.46
0.45
0.42
0.39
0.42
0.41
0
0
0
0
0
0
0
0
0
0
0
0
0
0
0
0
0
0
0
0
0
0
0
0
0
0
0
0
61.74
62.25
83.96
119.91
156.72
146.54
112.79
97.53
82.94
75.98
70.05
66.15
63.26
61.23
61.06
65.98
74.29
92.78
127.04
138.06
132.97
128.56
125
125
115.33
105.67
102.78
95.66
91.25
92.1
95.32
55.34
51.9
49.29
47.94
48.04
46.27
44.19
43.88
48.46
56.8
72.22
92.86
95.46
82.44
71.28
66.39
63.78
59.51
56.49
55.65
56.28
58.88
62.63
67.43
74.62
76.7
73.79
70.66
68.78
67.64
0
0
0
0
0
0
0
0
0
0
0
0
0
0
0
0
0
0
0
0
0
0
0
0
0
0
0
0
0
0
0
0
0
0
0
0
0
0
0
0
0
0
0
0
0
0
0
0
0
0
0
0
0
0
0
0
0
0
0
0
0
219.43
212.91
189.02
195.53
200.97
205.31
196.62
185.76
192.28
192.28
195.53
193.36
182.5
168.38
167.29
165.12
152.08
128.18
120.58
119.49
126.01
129.27
132.53
121.67
117.32
120.58
123.84
130.36
129.27
129.27
134.7
499.35
515.46
547.68
551.7
475.19
434.92
442.97
535.59
539.62
624.19
600.03
539.62
483.24
455.05
422.84
414.78
402.7
386.59
430.89
442.97
491.3
519.49
483.24
463.11
483.24
463.11
438.95
455.05
447
434.92
479.22
0
0
0
0
0
0
0
0
0
0
0
0
0
0
0
0
0
0
0
0
0
0
0
0
0
0
0
0
0
0
234.89
254.59
257.62
266.71
281.86
283.38
298.53
286.41
286.41
287.92
293.99
292.47
306.11
327.32
342.48
350.06
363.69
356.12
353.09
350.06
348.54
343.99
342.48
337.93
340.96
342.48
336.42
331.87
340.96
340.96
331.87
29.41
30.08
30.22
30.22
30.35
31.03
30.76
30.76
31.17
31.17
31.03
31.17
31.85
32.66
33.2
31.85
32.12
32.52
32.79
33.06
32.39
33.34
33.06
32.93
32.52
32.79
33.06
32.79
33.74
33.74
44.98
44.6
44.98
44.41
47.24
49.13
51.02
52.91
52.91
52.91
54.8
54.8
54.8
52.91
52.91
52.91
52.91
52.91
52.91
53.29
51.59
50.84
52.91
52.91
52.91
52.91
52.91
52.91
52.91
55.18
52.91
0
0
0
0
0
0
0
0
0
0
0
0
0
0
0
0
0
0
0
0
0
0
0
0
0
0
0
0
0
0
0
53.92
53.57
52.35
52.17
54.8
58.3
60.22
62.32
59.35
56.02
53.75
52.87
53.05
54.27
54.62
56.9
59.87
63.2
73.53
79.31
73.35
65.48
59.87
56.55
55.5
56.37
55.15
53.75
120.74
128.02
131.47
130.32
129.55
126.1
121.5
119.2
116.14
116.52
114.22
114.61
113.07
111.92
112.31
110.39
110.77
112.31
113.84
117.67
116.91
115.37
116.14
119.97
119.2
116.14
118.44
121.5
118.44
119.97
123.8
54.91
58.33
60.12
59.64
58.66
56.87
56.54
57.19
58.98
72.51
75.6
68.76
63.87
61.75
61.75
61.43
61.27
58.82
58.66
61.27
67.29
73.16
76.91
81.31
85.87
86.19
86.36
92.71
102.81
126.28
0
0
0
0
0
0
0
0
0
0
0
0
0
0
0
0
0
0
0
0
0
0
0
0
0
0
0
0
0
0
0
9.74
9.65
10
10.77
12.03
13.93
15.93
17.72
18.31
17.76
16.58
15.6
14.67
13.58
12.44
11.29
10.44
9.74
9.13
8.83
8.3
7.76
7.48
7.1
6.45
6.21
6.1
5.84
5.32
5.04
13.49
12.57
12.21
11.75
11.29
10.78
10.48
10.07
9.71
9.81
9.97
9.86
9.05
8.28
7.87
7.36
6.7
6.54
6.29
5.83
5.98
6.18
6.08
6.54
6.29
6.13
6.59
7.31
7.92
7
6.54
0
0
0
0
0
0
0
0
0
0
0
0
0
0
0
0
0
0
0
0
0
0
0
0
0
0
0
0
0
0
0
31.13
31.35
34.14
33.49
31.13
28.13
27.48
27.48
30.27
30.49
29.84
30.7
31.13
33.06
31.78
30.06
33.06
35.21
36.5
36.28
38
38.43
37.36
35.21
36.5
36.5
35.43
36.71
37.14
38
0.58
0.55
0.54
0.55
0.52
0.55
0.6
0.61
0.64
0.64
0.66
0.65
0.65
0.66
0.65
0.67
0.7
0.69
0.69
0.7
0.7
0.7
0.71
0.82
0.89
0.93
1.06
1.02
0.94
0.92
0.93
29.33
29.01
28.91
28.38
27.85
27.43
27.95
27.85
29.01
30.92
30.28
29.54
29.44
28.8
28.7
28.48
29.54
30.28
29.75
29.86
30.39
30.39
30.71
30.71
30.71
30.71
30.71
30.71
30.71
30.71
81.58
81.58
82.42
85.23
85.23
87.77
92.27
114.49
152.75
175.25
185.1
187.91
203.94
214.07
243.05
270.05
295.37
280.46
191.85
159.22
146.56
130.24
119.55
115.33
111.96
114.21
115.9
125.18
129.4
133.9
128.27
181.25
182.87
193.03
203.19
213.35
223.51
223.51
223.51
213.35
213.35
203.19
211.32
219.45
227.58
235.7
287.72
455.15
536.43
617.71
698.98
804.64
824.96
698.98
524.24
410.45
347.87
312.92
284.88
268.21
257.65
253.18
104.4
99.62
92.61
82.53
81.33
86.8
88.85
89.88
89.54
84.58
78.43
73.47
77.23
78.94
79.46
81.85
84.92
82.53
79.63
79.8
79.63
78.6
75.87
76.89
76.89
72.96
68.52
65.61
194.39
194.87
200.07
225.61
279.05
341.96
401.55
487.16
567.57
577.03
558.11
619.6
690.54
704.73
619.6
643.24
709.46
808.79
922.3
988.52
908.11
766.22
671.62
595.95
539.19
501.35
477.7
471.08
506.08
562.84
619.6
0
0
0
0
0
0
0
0
0
0
0
0
0
0
0
0
0
0
0
0
0
0
0
0
0
0
0
0
0
0
2009.28
1893.56
1777.84
1651.6
1577.97
1546.41
1556.93
1588.49
1651.6
1735.76
1851.48
1956.68
1977.72
1967.2
1967.2
1998.76
2082.92
2188.11
2261.75
2282.79
2261.75
2198.63
2093.43
1998.76
1946.16
1946.16
1956.68
1967.2
1977.72
1977.72
1956.68
125.9
119.61
111.91
104.92
98.62
93.73
88.83
86.03
86.03
87.43
88.13
88.13
88.83
88.83
88.83
88.83
89.53
89.53
88.13
84.63
81.84
78.34
75.54
70.64
68.2
66.17
64.84
62.81
60.08
57.84
8.07
8.01
7.64
7.14
6.41
5.93
5.63
5.37
5.08
4.73
4.64
4.46
4.33
4.14
4.06
4.08
3.92
3.85
3.83
3.68
3.41
3.36
3.27
3.21
3.15
2.94
2.69
2.69
2.76
2.67
2.58
0
0
0
0
0
0
0
0
0
0
0
0
0
0
0
0
0
0
0
0
0
0
0
0
0
0
0
0
0
0
0
34.92
35.36
35.14
34.7
35.58
36.02
34.7
34.7
34.48
34.26
33.38
34.92
37.99
39.53
43.7
42.39
41.07
39.97
39.31
39.31
36.9
37.34
39.31
40.85
40.85
38.21
38.65
39.97
42.39
43.48
0
0
0
0
0
0
0
0
0
0
0
0
0
0
0
0
0
0
0
0
0
0
0
0
0
0
0
0
0
0
0
0
0
0
0
0
0
0
0
0
0
0
0
0
0
0
0
0
0
0
0
0
0
0
0
0
0
0
0
0
0
19.87
19.72
19.07
17.77
17.7
15.17
15.17
15.89
16.62
17.34
18.78
19.51
19.51
20.23
20.23
19.51
20.23
20.95
20.95
20.95
24.56
26.01
25.29
23.84
22.4
22.4
23.7
21.67
21.82
22.69
22.11
0
0
0
0
0
0
0
0
0
0
0
0
0
0
0
0
0
0
0
0
0
0
0
0
0
0
0
0
0
0
0
0
0
0
0
0
0
0
0
0
0
0
0
0
0
0
0
0
0
0
0
0
0
0
0
0
0
0
0
0
0
0
0
0
0
0
0
0
0
0
0
0
0
0
0
0
0
0
0
0
0
0
0
0
0
0
0
0
0
0
0
100.81
119.71
129.95
125.22
101.6
89
86.63
78.76
69.31
64.42
61.98
61.67
62.14
65.21
65.61
65.53
63.95
64.5
68.76
71.98
74.11
79.55
85.06
91.36
97.66
105.54
112.62
119.71
127.59
137.83
57.93
57.31
55.43
53.55
51.67
50.11
48.85
46.97
43.84
40.08
37.27
35.39
33.82
31.63
29.53
27.68
26.18
24.77
23.99
23.74
22.64
21.23
20.01
19.64
19.95
19.57
19.6
19.92
19.38
17.51
15.85
8.58
8.15
7.87
8.09
8.65
9.06
10.13
10.48
9.79
9.4
9.19
8.84
8.17
7.33
6.88
6.65
6.39
5.83
5.64
5.53
5.36
5.01
4.84
4.73
4.82
5.01
5.01
4.75
4.39
4.13
0
0
0
0
0
0
0
0
0
0
0
0
0
0
0
0
0
0
0
0
0
0
0
0
0
0
0
0
0
0
0
0
0
0
0
0
0
0
0
0
0
0
0
0
0
0
0
0
0
0
0
0
0
0
0
0
0
0
0
0
0
0
209.99
203.5
227.31
253.29
281.43
292.25
283.6
272.77
259.78
246.79
264.11
283.6
274.94
266.28
266.28
294.42
292.25
266.28
279.27
277.1
287.92
292.25
305.24
307.41
316.07
322.56
318.23
324.73
313.9
318.23
12.46
12.46
12.46
12.94
13.49
13.73
14.05
14.68
15.8
15.87
15.48
15.48
16.03
16.75
17.86
18.97
18.97
20
21.11
19.76
18.89
19.13
19.29
18.89
19.13
18.97
18.89
18.73
18.89
18.97
19.37
0
0
0
0
0
0
0
0
0
0
0
0
0
0
0
0
0
0
0
0
0
0
0
0
0
0
0
0
0
0
36.26
48.39
64.74
80.76
101.69
107.87
91.51
89.57
72.41
57.54
50.79
47.7
45.07
44.04
43.47
43.47
41.18
38.89
36.6
34.32
36.6
38.89
50.33
43.47
43.47
48.04
43.47
41.18
48.04
43.47
38.89
81.22
72.2
76.71
85.73
90.25
94.76
99.27
99.27
103.78
99.27
94.76
85.73
81.22
85.73
90.25
94.76
99.27
99.27
99.27
94.76
94.76
94.76
99.27
103.78
103.78
108.3
112.81
130.86
157.93
153.42
130.86
244.6
230.83
212.83
207.54
205.42
200.12
213.36
235.07
228.71
197.48
183.71
181.59
177.36
177.89
186.36
200.12
222.89
252.01
263.13
240.36
215.48
196.42
194.83
193.24
197.48
188.48
187.95
184.77
141.95
167.75
213.32
239.13
248.41
245.99
235.9
230.66
208.48
196.39
191.55
187.92
193.16
210.1
251.23
297.2
338.33
375.83
375.83
333.49
303.65
306.88
335.91
323.01
283.89
259.29
248.41
245.99
247.2
251.63
255.66
0
0
0
0
0
0
0
0
0
0
0
0
0
0
0
0
0
0
0
0
0
0
0
0
0
0
0
0
0
0
46.59
45.4
43.89
41.84
39.69
38.5
39.69
39.47
40.55
42.71
47.56
47.24
43.35
39.9
38.29
36.13
34.94
34.62
34.94
33.86
33
31.81
30.41
30.95
30.52
29.98
29.33
30.52
33.86
41.95
49.18
5.03
3.93
3.1
2.79
2.68
2.38
2.36
2.32
2.41
2.45
2.22
2.05
1.95
1.87
1.77
1.76
1.95
1.87
1.64
1.53
1.46
1.67
2.54
2.92
3.25
3.84
4.37
4.25
3.98
3.57
7.03
6.49
6.11
6.08
5.85
5.62
5.62
5.49
5.41
5.1
4.84
4.72
4.77
4.64
4.51
4.69
4.56
4.43
4.61
4.61
4.48
4.33
4.38
4.23
4.28
4.35
4.25
4.43
4.56
4.53
4.53
28.75
27.92
28.25
27.59
25.28
25.28
26.11
27.43
30.9
31.23
32.22
32.55
31.89
30.4
28.25
27.59
28.42
27.76
28.25
29.58
29.25
29.41
30.24
30.57
30.57
32.55
32.55
31.56
32.72
32.55
32.22
5.87
5.74
5.78
5.4
5.53
5.4
5.34
5.44
5.59
5.68
5.53
5.62
5.59
5.4
5.22
5.4
5.71
5.78
5.87
6.08
6.24
6.52
6.79
6.76
6.58
6.46
6.49
6.58
7.2
7.2
