start_date: 1960-10-01 24:00
start_date: 2013-09-30 24:00
data_date: 1960-10-01 24:00
timestep: 1 DAY
units: in/day
scale: 1.000000
#Series Slot: Clear Lake.Precipitation Rate [1 in/day]
0
0
0
0
0.131102
0.098425
0.158661
0.008661
0
0
0
0.001181
0
0
0
0
0
0
0
0
0
0
0
0
0.080709
0.059055
0
0
0
0
0
0.014961
0
0.001969
0
0.006693
0.027559
0.054331
0
0
0.006693
0.075591
0.110236
0.065748
0.059843
0.029528
0.038583
0.055906
0.065748
0
0
0
0
0
0.181102
0.444882
0.42126
0.006693
0.016929
0.011811
0.214567
0.679134
0.384646
0.005906
0
0
0
0
0
0
0
0
0
0
0
0.011811
0.072835
0.302362
0.031496
0
0
0
0
0
0
0
0.00315
0
0
0
0
0
0
0
0
0
0
0
0.01378
0.001181
0
0
0
0
0.021654
0.00315
0
0
0
0
0
0
0
0
0.01378
0.00315
0
0
0.006693
0
0.005906
0.089764
0.147638
0.096457
0.166142
0.035433
0.001969
0
0.012598
0
0.06811
0.114961
0.016929
0.507087
0.23622
0.001181
0.049213
0.089764
0.009843
0.025591
0.005906
0.005906
0
0
0.027559
0
0.026772
0.020472
0.019685
0.033465
0
0.012598
0.001969
0
0.001181
0.03937
0.00315
0
0
0.022441
0.015748
0.04252
0.001969
0
0.036614
0.017717
0.001969
0.011811
0
0
0.019685
0
0.032283
0.021654
0.105118
0.058268
0.03937
0.024409
0
0
0
0
0
0
0
0
0
0
0
0
0
0
0.03937
0.033465
0.006693
0
0
0
0
0.011024
0
0.018504
0.02874
0.04252
0.065748
0
0
0
0
0.011024
0
0.006693
0.023622
0.003937
0
0
0.049213
0.205512
0.055906
0
0.091732
0.344488
0.068898
0.064961
0
0
0
0
0
0
0
0.151575
0
0.011811
0
0
0
0.011024
0.007874
0
0.302362
0.377953
0.047244
0.324803
0.322835
0.192126
0.085433
0
0
0
0
0.048425
0.003937
0.233465
0.021654
0
0
0
0
0
0
0
0
0
0
0
0
0
0
0
0
0
0
0
0
0
0
0
0
0
0
0
0
0
0
0.00315
0
0
0
0
0
0
0
0
0
0
0
0
0
0
0
0
0
0
0
0
0
0
0.001969
0.015748
0.007874
0.045276
0
0.001969
0.001969
0.059055
0
0
0
0
0
0
0.012598
0
0
0
0
0.001969
0.008661
0
0
0.160236
0.084646
0
0
0
0
0
0
0
0
0
0
0
0
0
0
0
0
0
0.143701
0.134646
0.031496
0
0
0
0
0
0
0
0
0
0
0
0
0
0
0
0
0
0
0
0
0
0.015748
0.109449
0.072047
0.001181
0
0
0
0
0
0.033465
0.074016
0.044094
0.001181
0
0
0.062992
0.11811
0.488189
0.087402
0
0
0
0
0.006693
0.024409
0.001969
0
0
0
0
0
0.004724
0
0
0
0
0
0
0
0
0.074016
0.051181
0.021654
0.029528
0.027559
0.761811
0.286614
0
0.004724
0
0.079921
0.03937
0.298031
0.127953
0.006693
0
0.00315
0
0
0
0.006693
0
0
0
0.048425
0.139764
0.016929
0.043307
0.082677
0.02874
0.282677
0.307874
0.145669
0
0
0.00315
0.00315
0
0
0
0
0
0
0
0.009843
0
0
0
0
0.009843
0.006693
0
0
0.059055
0.175984
0
0
0
0
0.011024
0.26063
0.34252
0.133858
0.001181
0
0
0
0
0
0
0
0
0
0
0
0
0
0
0
0.029528
0.097244
0.061024
0.520866
0.312205
0.015748
0.061024
0.036614
0.140945
0.188189
0.006693
0
0.001969
0.037402
0.02874
0.018504
0
0.005906
0.008661
0
0
0
0
0.045276
0.019685
0.052362
0.001969
0.198031
0.140945
0.011811
0.007874
0.004724
0.001969
0.008661
0
0
0
0
0
0
0
0.09252
0.068898
0.03937
0.058268
0.021654
0.058268
0
0
0
0
0
0
0
0
0
0
0
0
0
0
0
0
0
0
0
0
0
0
0
0
0
0.061024
0
0
0
0
0
0
0
0.047244
0.06811
0.027559
0
0.01378
0.023622
0.020472
0
0
0
0
0.011024
0.00315
0.033465
0.112205
0
0.085433
0.102362
0.007874
0.007874
0.204724
0.366929
0
0.045276
0.006693
0.165354
0.465354
0.015748
0.111417
0.156299
0.026772
0.007874
0.087402
0.011811
0
0
0.085433
0.018504
0
0
0
0
0
0
0.235039
0
0
0
0
0
0
0
0
0
0
0
0
0
0
0
0
0
0
0
0
0
0
0
0
0
0
0
0
0
0
0
0
0
0
0
0
0
0
0
0
0
0
0.011024
0
0
0
0
0
0
0.004724
0
0
0
0
0.093701
0.026772
0
0.017717
0.015748
0.014961
0
0
0
0
0
0
0
0
0
0
0
0
0
0
0
0
0
0
0
0
0
0
0
0
0
0
0
0
0
0
0
0
0
0
0
0
0
0
0
0
0
0
0
0
0
0
0
0
0.005906
0.217717
0.036614
0
0
0.070866
0.202756
0.043307
0
0
0.007874
0.133858
1.599213
1.758661
1.718504
1.425984
0.637795
0.366142
0
0
0
0
0
0
0
0
0
0
0
0
0
0
0
0
0
0
0
0
0.024409
0.052362
0
0
0.009843
0.051181
0.020472
0.006693
0.054331
0
0
0
0.011811
0.011811
0.004724
0
0
0.046063
0.06378
0
0
0.019685
0.170079
0.084646
0.004724
0
0
0.151575
0.291339
0.046063
0
0
0
0
0.018504
0.00315
0
0
0
0
0.175197
0.307087
0.218504
0.126772
0.003937
0
0
0.011024
0
0.014961
0
0
0
0
0
0
0
0
0
0
0.001969
0
0
0
0
0
0
0
0
0
0
0
0
0
0
0
0
0
0
0
0
0
0
0
0
0
0.021654
0.344488
0.228346
0.355118
0.024409
0.074803
0.085433
0.001969
0
0.001969
0
0
0
0
0.055118
0.025591
0
0
0.162205
0.055906
0.011024
0.05315
0.183071
0
0
0
0
0.072835
0.06378
0
0.011024
0
0.011811
0.00315
0
0
0
0
0
0
0
0
0
0.029528
0.075591
0.007874
0.094488
0.045276
0
0
0
0
0.020472
0
0
0
0.012598
0.178346
0.168504
0
0.06378
0.129921
0.00315
0.00315
0
0
0.116929
0.244882
0.110236
0.036614
0.084646
0.029528
0.019685
0.006693
0.097244
0.178346
0.085433
0.054331
0.08189
0.033465
0.185039
0.051181
0.01378
0.006693
0
0
0.009843
0.038583
0
0
0
0
0
0.023622
0.05315
0.088583
0.00315
0.166142
0.576772
0.455512
0.138976
0.037402
0.020472
0.011811
0
0.02874
0.052362
0
0
0
0
0
0.043307
0.11811
0.011024
0
0
0
0
0
0.178346
0.122835
0.026772
0
0.014961
0
0.065748
0.044094
0
0
0
0.018504
0.111417
0
0
0
0
0
0.112205
0
0
0
0.085433
0.062205
0.266929
0.008661
0.065748
0
0
0.327559
0.344488
0.02874
0
0
0
0
0
0
0
0
0
0
0
0
0
0
0
0
0
0.01378
0
0
0
0
0
0
0
0
0
0
0
0
0
0
0
0
0
0
0
0
0
0.005906
0.037402
0
0.005906
0
0
0
0
0
0
0
0
0
0
0
0
0
0
0
0
0
0
0.020472
0.070866
0
0
0
0
0
0.014961
0
0.006693
0.124803
0.018504
0
0.019685
0.017717
0.032283
0.032283
0.009843
0.001181
0
0.029528
0
0
0
0
0
0
0
0
0
0
0
0
0
0
0
0
0.00315
0
0.00315
0.059055
0.083465
0.168504
0.00315
0
0
0
0
0
0
0
0
0.022441
0.33937
0.526772
0.064961
0.020472
0
0
0.096457
0.159449
0.041339
0.00315
0
0.001969
0.019685
0.08189
0.204724
0.11811
0.057087
0.09252
0.074803
0
0
0
0.095276
0.230315
0.015748
0.014961
0
0
0
0.001181
0
0.006693
0.06811
0.001181
0
0
0
0
0
0
0
0
0
0
0
0
0.019685
0.027559
0.086614
0
0
0
0
0
0
0
0
0
0
0.183071
0.014961
0
0
0
0
0.05
0.127953
0.324016
0
0.00315
0
0
0.03937
0
0
0
0.17126
0.020472
0
0.00315
0.011024
0
0
0
0.133858
0.003937
0.040157
0.019685
0.243307
0.201575
0.788189
0.46063
0.133071
0.017717
0.059843
0
0
0
0
0.017717
0
0.061024
0
0
0.00315
0
0
0
0
0
0
0
0
0
0
0
0.08189
0.030315
0
0
0
0
0
0
0
0
0
0
0
0.007874
0
0.033465
0
0.007874
0.048425
0.009843
0.031496
0
0.012598
0.007874
0
0.035433
0.066929
0.017717
0.001969
0
0
0
0
0
0.017717
0.048425
0.031496
0.140945
0.101575
0
0
0
0
0
0
0.032283
0.154331
0.011024
0
0
0
0
0
0
0.054331
0.035433
0.00315
0
0
0
0
0
0
0
0
0
0
0.016929
0.032283
0.043307
0.001969
0
0
0
0.037402
0.046063
0.104331
0.079921
0.064961
0.001181
0.05315
0
0.033465
0.001181
0
0
0
0
0
0
0
0.037402
0.007874
0.001969
0
0
0
0
0
0
0
0.11811
0.501181
0.052362
0.017717
0.003937
0
0.008661
0
0.008661
0.020472
0.045276
1.04252
0.798031
0.687008
0.334646
0.269685
0.008661
0
0
0.127953
0.393701
0.244094
0.004724
0.248819
0
0
0
0
0
0
0
0
0
0
0
0
0
0
0
0.06378
0.011024
0
0
0
0
0
0
0
0.043307
0
0
0
0
0
0
0
0
0
0
0
0
0
0
0.016929
0.13189
0.144488
0.022441
0
0
0
0
0
0
0
0
0
0
0
0
0
0
0
0
0
0
0
0
0
0
0
0
0
0
0
0
0
0.041339
0.095276
0.043307
0
0
0
0
0
0
0
0
0
0
0
0
0
0
0
0
0
0
0
0
0
0
0
0
0
0
0
0
0
0
0
0
0
0
0
0
0
0
0
0
0
0
0
0
0
0
0
0
0
0
0
0
0
0
0
0.057087
0.029528
0.089764
0.007874
0
0.030315
0.016929
0
0
0
0
0.011811
0.083465
0.251181
0.026772
0.033465
0.038583
0.031496
0
0
0
0
0
0
0
0
0.044094
0
0.025591
0.054331
0.109449
0
0.027559
0.011811
0.098425
0.201575
0.202756
0.057087
0.048425
0.114173
0
0.072835
0.438976
0.163386
0.319685
0.096457
0
0
0.031496
0.074803
0
0
0.011811
0.131102
0.175197
0.590551
1.581496
0.940157
0.548425
0.26063
0.307874
0.038583
0.200787
0.116929
0.138976
0.058268
0
0.114173
0.086614
0.230315
1.146457
0.425197
0.04252
0.069685
0.288189
0.286614
0.34252
0
0
0
0
0
0
0
0.006693
0.009843
0
0
0.275591
0.01378
0.043307
0.005906
0
0
0.006693
0
0
0
0
0
0.005906
0.015748
0.012598
0
0
0
0
0
0
0.012598
0.01378
0
0
0
0
0.009843
0
0
0
0
0
0
0
0.026772
0
0
0
0
0
0
0
0
0
0
0
0
0.001181
0
0
0
0
0
0
0
0
0
0
0
0
0.007874
0.025591
0.020472
0
0
0.001969
0.075591
0.229134
0.030315
0.001181
0.064961
0.145669
0.189764
0.00315
0.037402
0.034646
0.163386
0.040157
0
0
0
0.334646
0.23622
0.034646
0.070866
0.082677
0.007874
0.040157
0.009843
0
0
0
0
0
0
0
0
0
0
0
0
0.011024
0.00315
0
0
0
0
0
0
0.097244
0.001181
0
0
0
0
0
0.001969
0.604331
0.105118
0
0
0
0
0
0
0
0
0
0
0
0
0
0
0
0.003937
0.122047
0.099606
0
0.129134
0.091732
0.09252
0.36811
0.075591
0.881102
1.107087
0.008661
0
0
0
0.040157
0.018504
0.141732
0.379921
0.049213
0
0
0
0
0.016929
0
0.022441
0
0
0
0
0
0
0
0
0
0
0
0
0.011024
0.077953
0
0
0
0
0
0
0
0
0.004724
0
0
0
0
0
0.003937
0.005906
0
0
0
0
0
0
0
0.072047
0.620079
0.075591
0
0
0
0
0.062992
0.354331
0.093701
0.133071
0.076772
0.025591
0.032283
0.00315
0.027559
0
0
0
0
0
0
0.058268
0.011024
0
0.005906
0
0
0
0.001181
0
0
0
0
0
0
0
0
0
0
0
0
0
0
0
0
0
0
0
0
0
0
0
0
0
0
0.001181
0
0
0
0
0
0
0
0
0.034646
0.007874
0
0.011811
0.011811
0
0
0
0
0
0
0
0
0
0
0
0
0
0
0
0
0
0
0
0.029528
0.03937
0
0
0.172441
0.272835
0.116929
0.055906
0.004724
0.031496
0.34252
0.247244
0.001969
0.001969
0
0
0.064961
0.69685
0.187008
0.048425
0.016929
0
0
0
0
0
0
0.006693
0
0
0
0
0
0.00315
0.00315
0.011811
0
0
0
0
0
0
0
0
0.129134
0
0.080709
0.082677
0.11811
0
0.199606
0.334646
0.043307
0.140945
0.257874
0.015748
0
0.004724
0.136614
0.188189
0.003937
0.017717
0.014961
0
0.035433
0.032283
0
0
0
0
0
0
0
0
0
0
0.062992
0.016929
0.00315
0
0
0
0
0
0.025591
0.095276
0.014961
0
0.016929
0.034646
0.069685
0.070866
0.007874
0
0.037402
0.031496
0.016929
0.005906
0
0
0
0
0
0.005906
0
0.001969
0
0.016929
0
0.015748
0.001969
0
0
0.009843
0.009843
0.023622
0
0
0
0.027559
0.020472
0.008661
0.079921
0.106299
0
0.007874
0.031496
0
0.077953
0.05315
0
0
0.036614
0.004724
0.01378
0
0
0
0
0
0
0
0
0
0
0
0
0
0
0
0
0
0
0.088583
0.172441
0.101575
0.026772
0.001181
0
0
0
0.038583
0.001181
0
0
0
0
0
0
0
0
0
0
0
0
0
0.00315
0
0.098425
0.032283
0.011024
0
0.098425
0.139764
0.06811
0
0
0.00315
0
0
0
0
0
0
0
0
0
0
0
0
0
0
0
0.077953
0.345276
0.195669
0.194882
0.112205
0.02874
0.003937
0.045276
0.137795
0.088583
0.054331
0.034646
0
0
0
0
0
0.014961
0
0.032283
0
0
0
0
0.061024
0.038583
0
0
0
0
0
0
0
0.014961
0.015748
0
0
0
0
0
0
0.061024
0.008661
0.015748
0.068898
0
0
0
0
0
0
0
0
0
0
0
0
0
0
0
0
0
0
0
0
0
0
0
0
0
0
0
0
0
0
0
0
0
0
0
0
0
0
0
0
0
0
0
0.093701
0.070866
0
0.089764
0.147638
0
0
0
0
0
0
0
0
0
0
0
0
0
0
0.020472
0.016929
0.001969
0
0
0.3
0
0
0
0
0
0
0
0
0
0
0
0
0
0
0
0
0
0.029528
0.00315
0
0
0
0
0.083465
0.00315
0
0
0
0
0
0
0
0.070866
0.077953
0
0
0
0
0
0
0
0
0
0
0
0
0
0.162205
0.238976
0.001181
0
0.019685
0.079921
0.147638
0.033465
0.014961
0.021654
0.318898
0.261811
0
0
0.682283
0.692126
0.280315
0.175197
0
0
0.022441
0.034646
0.006693
0.127953
0.035433
0.034646
0.205512
0.714567
0.257874
0.32874
0.254724
0.011811
0.014961
0.033465
0.077953
0.043307
0.030315
0
0.131102
0.003937
0
0
0.003937
0
0
0
0.003937
0
0.003937
0.007874
0.022441
0.001181
0
0
0.006693
0
0
0
0
0
0.096457
0.06378
0
0
0
0
0
0
0
0.009843
0
0
0.001181
0
0
0.001181
0.076772
0.584646
0.07874
0.011024
0.007874
0.038583
0.136614
0.074803
0.110236
0.166142
0.177165
0.089764
0
0
0
0
0
0
0
0
0
0
0
0
0.105118
0.032283
0.027559
0.009843
0
0
0
0
0
0
0
0.001969
0.021654
0
0
0
0.009843
0
0
0
0
0
0
0
0.043307
0.636614
0.315748
0.075591
0.018504
0.007874
0.09252
0.185827
0.004724
0.020472
0.020472
0
0.011811
0.054331
0.009843
0
0
0
0
0.019685
0.005906
0.00315
0
0.01378
0.012598
0
0
0.097244
0.012598
0.215354
0.034646
0.008661
0.006693
0.04252
0.01378
0.072047
0.270866
0.122835
0.021654
0.340551
0.09252
0.009843
0
0.228346
0.185827
0.04252
0.052362
0.141732
0.141732
0.201575
0.041339
0.026772
0
0
0
0
0
0
0
0
0.00315
0.424016
0.475197
0.155512
0.01378
0
0
0
0
0
0
0
0
0
0
0
0
0
0
0.119291
0.146457
0.017717
0.061024
0.150787
0.216535
0.018504
0.001181
0.075591
0.137795
0.01378
0
0.018504
0.011024
0.006693
0
0
0.001181
0
0
0
0.008661
0.158661
0.048425
0.496063
0.030315
0.018504
0.003937
0
0
0
0
0
0
0
0
0
0
0
0
0.01378
0
0
0
0
0
0
0
0
0
0.00315
0.004724
0
0
0
0
0
0
0
0
0
0
0.011024
0
0.001969
0
0
0
0
0
0
0
0
0
0
0
0
0
0
0
0
0
0
0
0.004724
0
0
0
0
0
0
0.011024
0
0
0
0
0
0
0
0
0
0.001181
0
0
0
0
0
0
0
0
0
0
0
0.043307
0.001181
0
0
0
0
0
0
0
0
0
0
0
0
0.023622
0.640551
0.076772
0.011811
0.030315
0.001181
0
0
0
0
0.00315
0
0
0
0
0
0
0
0
0.007874
0.018504
0
0
0
0.001181
0
0.070866
0.09252
0
0
0
0
0.001181
0
0
0.00315
0.001181
0
0.001969
0.006693
0
0
0
0.030315
0.015748
0
0
0
0.119291
0.07874
0
0
0
0
0
0
0
0.024409
0.017717
0.027559
0.018504
0.030315
0.108268
0.054331
0.149606
0.298031
0.059843
0.120079
0.006693
0
0
0
0.006693
0
0
0
0
0.027559
0.086614
0.034646
0.006693
0.003937
0
0.011024
0.006693
0.006693
0
0.006693
0.006693
0.00315
0
0.00315
0
0
0
0
0
0
0.006693
0.006693
0.229134
0.244882
0
0.01378
0.024409
0.169291
0.10315
0.008661
0
0
0
0
0
0
0
0
0.03937
0.014961
0.019685
0.084646
0.126772
0.072835
0.018504
0
0.030315
0.003937
0
0
0
0
0.001969
0.012598
0.012598
0
0
0
0.003937
0
0.00315
0.005906
0.005906
0.06378
0.184252
0.185039
0.231496
0.079921
0
0
0
0
0
0
0
0
0
0.037402
0.023622
0.009843
0
0
0
0
0
0.034646
0.021654
0.00315
0.023622
0.096457
0.054331
0
0
0
0
0
0
0.048425
0.066929
0
0
0
0
0
0
0.022441
0.001181
0
0.018504
0.018504
0.004724
0
0
0
0
0
0
0
0
0
0
0
0
0
0
0
0.046063
0.026772
0
0
0
0
0
0
0
0
0
0
0
0.006693
0
0
0
0
0.054331
0.049213
0.370079
0.350394
0
0
0
0
0
0.519685
0.440157
0.133071
0.162205
0.133071
0.023622
0.016929
0
0
0
0
0
0
0
0.037402
0.168504
0.188976
0.660236
0.023622
0
0
0
0
0
0
0
0
0
0
0
0
0.326772
0
0
0
0
0
0
0
0
0
0
0
0
0
0
0
0.005906
0
0
0
0
0
0
0
0
0
0
0
0
0
0
0
0
0
0
0
0
0
0
0
0
0
0.161417
0.12126
0.004724
0
0
0
0
0.014961
0
0
0
0
0
0.047244
0.07874
0.057087
0.428346
0.09252
0.172441
0.52874
0.238189
0.027559
0.007874
0
0
0
0.020472
0
0
0
0
0
0
0
0
0
0
0
0
0
0
0
0
0
0.038583
0.045276
0.005906
0
0
0
0
0
0.012598
0
0
0
0
0
0
0
0
0
0
0
0
0
0
0
0
0
0
0
0.110236
0.375984
0.135827
0.080709
0.011811
0
0
0
0.122835
0.089764
0
0
0
0
0
0
0
0.009843
0.004724
0.091732
0.001181
0.012598
0.09252
0.007874
0.011024
0.026772
0.011024
0.024409
0.094488
0.029528
0
0.21378
0.198031
0
0.026772
0.156299
0.011811
0.062992
0.108268
0.001181
0
0.006693
0.061024
0.022441
0.054331
0.001969
0
0
0
0.012598
0.055906
0.160236
0.001969
0
0
0.025591
0
0
0.001181
0.366142
0.913386
0.138976
0.001969
0.020472
0.134646
0.527559
0.077953
0.032283
0.066929
0.023622
0.004724
0
0.06378
0.12126
0.074016
0.216535
0.015748
0.10315
0.003937
0
0
0.023622
0.02874
0.074016
0.003937
0.004724
0.006693
0.004724
0.082677
0.009843
0
0
0.018504
0.147638
0.074016
0.004724
0
0
0
0.029528
0.814961
1.246063
0.336614
0.089764
0.006693
0.090551
0.302362
0.294094
0.138976
0.100394
0
0.009843
0.017717
0.104331
0
0
0.030315
0.090551
0.072047
0.00315
0
0.052362
0.104331
0.095276
0.104331
0.031496
0.02874
0.009843
0.004724
0.001181
0
0.001181
0.043307
0
0.059055
0.099606
0.114173
0.045276
0.006693
0.040157
0.133858
0.159449
0.044094
0.129134
0
0
0
0
0.047244
0.045276
0.006693
0
0
0
0
0
0
0.015748
0.025591
0
0
0
0
0
0
0
0
0
0
0
0
0
0
0.001969
0
0.058268
0.160236
0.048425
0
0
0
0
0
0
0.024409
0.062205
0
0
0.096457
0.062205
0
0
0
0.01378
0.238976
0.265748
0
0
0
0
0
0.011024
0
0.021654
0.03937
0
0
0
0
0
0
0
0
0.17126
0.11811
0.106299
0
0
0.00315
0.114173
0.007874
0
0
0
0
0
0
0.004724
0.020472
0
0
0
0
0
0
0
0.084646
0.122835
0.003937
0
0.203937
0.360236
0.376772
0.511024
0
0.001969
0.097244
0.134646
0.001969
0.001181
0.095276
0.192913
0.055906
0
0.021654
0.172441
0.025591
0.018504
0.025591
0.001969
0
0
0
0
0
0
0
0
0.001181
0
0.008661
0.062992
0.022441
0
0
0
0
0
0
0
0
0
0
0
0
0.005906
0.020472
0.027559
0
0
0
0
0
0
0
0
0
0
0
0
0
0
0
0.001181
0
0
0
0
0
0
0
0
0
0
0
0
0
0
0
0
0
0
0
0
0
0
0
0
0
0
0
0
0
0
0
0
0
0
0
0
0
0
0
0.003937
0.044094
0
0
0
0
0
0
0
0
0
0
0.102362
0.062992
0
0
0
0
0.02874
0.25
0.244882
0.248031
0
0
0.018504
0.020472
0.665354
0.511024
0.188189
0.001969
0.001181
0
0
0
0
0
0
0
0
0
0
0.001969
0
0
0
0
0.11811
0.286614
0.036614
0
0
0
0
0
0
0
0
0.001181
0.003937
0
0
0
0
0
0
0
0
0
0
0
0
0
0
0
0
0
0
0
0
0
0.234252
0.011811
0.00315
0.13189
0.687008
0.19685
0.179921
0
0
0.016929
0.183071
0.255906
0.60748
0.764567
0.031496
0.417323
0.240945
0.125984
0.072047
0.021654
0
0
0
0
0
0
0
0
0
0
0.009843
0.043307
0.10315
0.011024
0.089764
0
0.084646
0.187008
0.089764
0.237402
0.152756
0.004724
0.011024
0.001181
0.154331
0.440157
0.920472
0.435039
0.012598
0.116929
0.079921
0
0.007874
0.058268
0
0
0
0.038583
0
0
0
0
0
0
0
0
0.152756
0.011811
0
0
0.110236
0.098425
0
0
0
0
0
0
0
0
0
0
0.662598
0.453543
0
0
0.005906
0
0.004724
0.184252
0.075591
0.029528
0.011811
0.080709
0
0.02874
0.019685
0
0
0
0
0
0
0
0
0
0
0
0
0
0
0
0
0
0
0
0
0
0
0.070866
0
0
0
0.04252
0
0.001969
0.068898
0.030315
0
0
0
0.04252
0.02874
0
0
0
0.005906
0
0.038583
0.120079
0.015748
0.001969
0
0
0
0
0
0
0
0
0.037402
0.3
0.045276
0.087402
0.087402
0.033465
0.019685
0
0
0
0
0
0
0
0
0
0
0
0
0.257087
0
0
0
0
0
0
0
0
0
0
0.001181
0
0.169291
0.248819
0.194882
0.017717
0.021654
0.172441
0.085433
0.064961
0.006693
0.001969
0
0
0
0.582677
0.020472
0
0
0.014961
0.048425
0.139764
0.238976
0.004724
0
0
0
0
0
0
0
0
0
0
0
0
0
0
0
0
0
0
0
0
0
0
0
0
0
0
0
0
0
0
0
0
0
0
0
0
0
0
0
0
0
0
0
0
0
0
0
0
0
0
0
0
0
0
0
0
0
0
0
0
0.001181
0.018504
0
0
0
0
0.055906
0
0
0
0
0
0
0
0
0
0
0
0
0
0.05315
0.021654
0
0
0
0
0
0
0
0
0
0
0
0
0
0
0
0
0
0
0
0
0
0
0
0
0
0
0
0.011811
0.143701
0.074803
0.044094
0.143701
0.185039
0.177165
0.054331
0.12126
0.027559
0
0
0
0
0
0
0
0.016929
0.114173
0.192913
0.246063
0.005906
0.122835
0.272835
0.031496
0.229134
0.041339
0
0
0
0
0
0
0
0
0.011811
0.149606
0.077953
0.217717
0.242126
0.012598
0.045276
0.113386
0.019685
0.070866
0.208661
0.287402
0.074803
0.055118
0
0.001181
0.100394
0.278346
0.031496
0.004724
0
0
0.077953
0.001181
0.21063
0.18189
0.021654
0
0.004724
0.119291
0.01378
0
0
0
0
0.076772
0.003937
0.058268
0.080709
0
0.087402
0.124016
0.004724
0
0
0
0
0
0
0
0.003937
0.015748
0.020472
0.012598
0.011024
0.030315
0.153543
0.25315
0.062205
0.006693
0
0
0
0
0
0
0
0
0
0
0
0
0
0
0
0.055118
0.045276
0.001181
0
0
0
0
0
0
0
0.006693
0.01378
0
0.00315
0.084646
0.020472
0
0
0.019685
0.006693
0.035433
0.017717
0
0.102362
0.18189
0.012598
0
0
0.001181
0
0
0
0
0.008661
0
0.177165
0.716535
0.027559
0.04252
0.001181
0.06811
0.003937
0
0
0
0
0.152756
0.228346
0.00315
0.189764
0.255906
0.036614
0
0
0.021654
0.001181
0
0
0
0
0
0
0.009843
0
0.45748
0.273622
0
0
0.001969
0.04252
0
0.202756
0.178346
0.012598
0
0.127953
0.007874
0
0.017717
0.006693
0
0.001969
0
0
0
0
0
0.169291
0.360236
0.325591
0
0
0.088583
0.468504
0.011024
0
0.090551
0.114961
0.122835
0
0.072047
0
0
0
0
0
0
0
0
0.091732
0.114173
0.100394
0.223622
0.110236
0.009843
0.122835
0.581496
0.276772
0
0.014961
0.011811
0
0
0
0.025591
0.09252
0.129921
0
0
0
0
0
0
0.003937
0.068898
0.058268
0
0
0
0
0
0.317717
0.649606
0.188976
0.001181
0
0
0
0
0
0
0
0
0
0
0.099606
0.106299
0
0
0
0
0
0
0
0.001969
0.003937
0
0.031496
0.02874
0
0
0
0
0
0
0
0
0
0
0
0
0
0
0
0
0
0
0
0
0
0
0
0
0
0
0
0
0
0
0
0
0
0
0.006693
0.005906
0
0.001969
0.017717
0.032283
0
0
0
0
0
0
0.006693
0
0
0
0
0
0
0
0
0
0
0
0
0
0
0
0
0
0.079921
0.26063
0.055906
0.072835
0.372047
0.144488
0.004724
0
0
0
0
0
0
0
0
0
0
0
0
0
0.070866
0.015748
0.00315
0
0.024409
0.062992
0.015748
0.021654
0.512598
0
0
0.021654
0
0
0.004724
0.189764
0
0
0
0
0
0
0
0
0
0
0
0.031496
0.020472
0.047244
0
0
0
0
0
0
0
0
0
0
0.054331
0.08189
0.160236
0.105118
0.141732
0.047244
0.001969
0.004724
0.100394
0.125984
0.037402
0.229134
0.057087
0
0.061024
0.179134
0.085433
0.048425
0.085433
0.001969
0.102362
0.006693
0
0
0
0
0
0.13189
0.307874
0.089764
0.200787
0.184252
0.07874
0.018504
0.03937
0.090551
0
0
0
0
0
0
0
0
0
0
0
0
0.009843
0.011811
0
0
0
0
0.005906
0.106299
0.012598
0.018504
0.636614
0.477165
0.12126
0
0.223622
0.040157
0.068898
0
0
0
0
0
0
0
0.017717
0.001969
0
0
0
0
0
0
0
0
0.001969
0.001969
0
0
0
0
0.005906
0.046063
0.459843
0.155512
0.120079
0.038583
0.006693
0.057087
0.349606
0.066929
0.287402
0.401575
0.064961
0.017717
0
0
0
0
0.009843
0.044094
0.001181
0.020472
0.018504
0
0
0
0
0.005906
0
0
0.023622
0.179921
0.00315
0.032283
0.020472
0.001969
0.001969
0
0
0
0
0.312205
0.102362
0
0.124803
0.229134
0.00315
0
0.00315
0
0.047244
0.018504
0.125984
0.05
0
0
0
0
0
0
0
0
0
0.001969
0.012598
0.001181
0
0
0
0
0
0
0
0
0
0.015748
0
0.087402
0.09252
0
0
0
0
0
0
0
0
0.024409
0.057087
0.168504
0.625197
0.02874
0.00315
0.024409
0
0
0
0
0
0
0
0
0
0
0
0
0.097244
0.044094
0.062205
0.021654
0
0.025591
0
0
0
0
0
0
0
0
0
0
0
0
0
0
0
0
0
0
0
0
0
0
0
0
0
0
0
0
0
0
0
0
0
0
0
0
0
0
0
0
0
0
0
0
0
0
0
0
0.001181
0
0
0
0
0
0
0
0
0
0.134646
0.022441
0
0
0
0
0
0
0.011811
0
0
0
0
0
0
0
0
0
0
0
0.006693
0
0
0
0
0
0.006693
0.201575
0.03937
0.001181
0
0
0
0.018504
0
0
0
0
0
0
0
0
0
0
0
0
0
0
0.01378
0.209449
0.15748
0
0
0
0.006693
0
0
0
0
0
0
0.006693
0.224409
0.087402
0.638976
0.151575
0.13189
0.257087
0.030315
0.218504
0.034646
0.015748
0.00315
0
0
0
0
0
0
0
0
0.089764
0.00315
0
0
0.014961
0
0.057087
0.167323
0.015748
0.009843
0.170079
0.014961
0
0.014961
0.049213
0.001181
0.054331
0.009843
0.074016
0.052362
0.001181
0.038583
0.114173
0.040157
0.026772
0
0.004724
0.001181
0
0
0
0
0
0.00315
0.001969
0.13189
0.126772
0.011024
0.003937
0.036614
0.068898
0
0
0
0.007874
0.094488
0
0
0
0.001969
0.113386
0.074016
0.099606
0.036614
0.089764
0.047244
0.038583
0.083465
0
0
0.096457
0.037402
0
0
0.014961
0.01378
0.021654
0
0
0
0.00315
0
0.085433
0.124803
0.102362
0.089764
0.027559
0
0
0.146457
0.14252
0.148819
0.076772
0.065748
0.083465
0.075591
0
0
0
0.014961
0
0
0
0
0.044094
0.012598
0
0
0
0.059843
0.129134
0.082677
0.061024
0
0.148819
0.317717
0.034646
0.034646
0.005906
0.084646
0.003937
0
0
0
0
0
0
0
0.001181
0.059843
0
0.012598
0.066929
0.091732
0.011024
0
0.061024
0.011811
0.00315
0.018504
0
0
0.006693
0.270866
0.009843
0.00315
0
0
0
0.127953
0.072047
0
0.02874
0.086614
0.00315
0
0
0
0
0
0
0
0.023622
0.170079
0.048425
0.018504
0
0
0
0
0
0
0
0
0
0
0.015748
0.062205
0.003937
0.011024
0.097244
0.059055
0.004724
0.006693
0
0
0
0
0
0
0
0
0
0
0
0
0
0.054331
0.414173
0.007874
0
0
0
0
0
0
0
0
0.082677
0.266929
0
0.011024
0
0.001181
0
0
0.024409
0
0.285433
0.06811
0
0
0
0
0.164567
0.059055
0
0
0
0
0
0
0
0
0
0
0
0
0
0
0
0
0
0
0
0
0
0
0
0
0
0
0
0
0
0
0
0
0
0
0
0
0
0
0
0
0
0
0
0
0
0.11811
0
0
0
0.005906
0
0
0
0
0
0
0
0
0
0
0
0
0
0
0
0
0
0
0
0
0
0
0
0
0
0
0
0
0
0
0
0
0
0
0.10315
0.080709
0
0
0
0
0
0
0
0
0
0
0
0
0
0
0
0
0
0
0
0
0
0
0
0.001181
0.476378
0.15748
0.001181
0.024409
0.047244
0.188189
0
0
0
0
0
0
0
0
0
0
0
0.224409
0.183071
0.00315
0
0
0
0
0
0
0
0
0
0
0.036614
0.077953
0.435039
0.706693
0.097244
0.089764
0
0
0.00315
0.183071
0
0
0.101575
0.003937
0
0.004724
0.020472
0.004724
0.129921
0.140945
0.080709
0
0.004724
0.277559
0.293307
0.062205
0.01378
0
0.016929
0.07874
0.38189
0.001181
0.074016
0.024409
0.04252
0.163386
0.138976
0.248819
0.049213
0.011811
0
0.006693
0.027559
0.338583
0.061024
0
0
0.006693
0
0.004724
0.006693
0
0
0.09252
0.022441
0.158661
0.012598
0
0.007874
0.095276
0
0
0.046063
0.065748
0.020472
0.00315
0.001181
0.011024
0.001181
0.216535
0.052362
0.122835
0.096457
0.062992
0
0
0.001181
0
0.06811
0.169291
0
0
0
0
0.009843
0.01378
0.032283
0.207874
0.409449
0.190945
0.02874
0.035433
0.070866
0
0
0
0
0
0
0.004724
0.008661
0.001181
0
0
0.009843
0.009843
0
0
0.011024
0
0
0
0
0
0
0
0.001969
0.006693
0.05
0.051181
0.046063
0.040157
0.238189
0.025591
0
0.07874
0.031496
0
0
0.016929
0.062205
0.082677
0.34252
0.419291
0.007874
0.062205
0.001181
0.005906
0.275591
0.148819
0.007874
0
0
0.003937
0.006693
0
0.011024
0
0
0.005906
0
0
0
0
0
0
0
0.011024
0.089764
0.005906
0.017717
0.392913
0.257087
0.07874
0.306299
0.017717
0.020472
0
0
0
0
0
0.036614
0.001969
0
0
0
0
0.001181
0
0.027559
0.05
0
0
0
0
0
0.006693
0.051181
0.01378
0.005906
0
0
0
0
0
0
0
0
0
0
0
0
0
0
0
0
0
0
0
0.023622
0.126772
0.00315
0
0
0
0
0
0
0
0
0
0
0
0
0
0
0
0
0.011811
0
0
0
0
0
0
0
0
0
0
0
0
0
0.003937
0
0
0
0
0
0
0
0
0
0
0
0
0
0
0
0
0.001181
0.022441
0.200787
0.325591
0.187008
0.006693
0
0
0
0
0
0
0
0
0
0
0
0
0
0
0.023622
0.011811
0
0.03937
0
0
0.120079
0.004724
0.006693
0
0.285433
0.008661
0
0
0
0
0
0
0
0
0
0
0
0
0
0
0
0
0
0
0
0
0
0
0.006693
0.001181
0
0
0
0
0
0
0
0
0
0
0
0
0
0
0
0
0
0
0
0
0
0
0
0
0
0
0
0
0
0
0
0
0
0
0
0
0
0
0
0
0
0
0
0
0
0
0
0
0
0
0
0
0
0
0
0
0
0.055906
0.296457
0
0.105118
0.351575
0
0
0
0
0
0
0.11811
0.016929
0.031496
0.004724
0.001181
0
0
0
0
0
0.011811
0.04252
0
0.04252
0.037402
0.009843
0
0.00315
0.004724
0
0
0
0
0
0
0.058268
0.25
0.192913
0.006693
0.011024
0.006693
0
0
0.007874
0.091732
0.059843
0.059843
0.305118
0.001181
0.02874
0.031496
0.027559
0.373228
0.038583
0.217717
0.027559
0.004724
0
0
0.001969
0.06811
0.007874
0.031496
0.093701
0.001969
0
0
0.021654
0.046063
0.204724
0.190945
0.161417
0.102362
0.228346
0.084646
0.004724
0
0
0
0
0
0
0
0
0
0
0
0.001969
0
0.10315
0.027559
0.011024
0.024409
0.045276
0
0.231496
0.325591
0.316929
0.257087
0.127953
0.170079
0.001969
0.008661
0
0.153543
0.072047
0.030315
0.098425
0.168504
0.001969
0.038583
0.040157
0
0.017717
0.127953
0.020472
0
0
0
0
0
0.090551
0.055906
0.001181
0.011811
0.037402
0.007874
0
0
0.102362
0.159449
0.085433
0.014961
0.045276
0.014961
0
0.017717
0
0.009843
0.008661
0.02874
0.08189
0.107087
0.006693
0.034646
0.032283
0.041339
0.084646
0.026772
0
0
0
0
0
0
0
0
0.031496
0.119291
0.059843
0
0.114961
0.108268
0
0.00315
0
0
0.203937
0.161417
0.05
0.001969
0
0
0.043307
0
0
0
0.004724
0.116142
0.068898
0.001181
0
0
0
0
0
0.017717
0.158661
0.015748
0.009843
0
0
0
0
0
0
0
0
0
0
0
0
0
0
0
0
0
0
0
0
0
0
0
0
0
0
0
0
0
0
0
0
0
0
0
0
0
0
0
0
0
0
0
0.084646
0.30315
0.047244
0
0
0.185827
0.377953
0.001969
0
0
0
0
0
0
0
0
0
0
0
0
0
0
0
0
0
0
0.008661
0.364173
0.006693
0
0
0
0
0
0
0
0
0
0
0
0
0.116929
0
0
0
0
0
0
0
0
0
0
0
0
0
0
0
0
0
0
0.295276
0.364173
0.004724
0
0.008661
0
0
0
0
0
0.014961
0.029528
0
0
0.001181
0
0
0
0
0
0
0
0
0.167323
0
0.022441
0.027559
0.015748
0.020472
0.108268
0.129921
0
0
0
0
0
0
0
0
0
0
0
0
0
0
0
0
0
0
0.004724
0.782677
0.048425
0.021654
0.291339
0.007874
0.108268
0.029528
0
0
0
0
0.057087
0
0
0
0.261811
0.101575
0.018504
0.017717
0.30315
0.189764
0.19685
0.154331
0.069685
0.159449
0.001969
0
0
0.001969
0
0
0.065748
0.147638
0.001181
0.009843
0.087402
0.100394
0
0
0.00315
0.095276
0.026772
0.001181
0
0.011811
0.001969
0
0
0
0
0
0
0.011024
0.009843
0.001181
0.061024
0.040157
0.009843
0.005906
0.122047
0.257874
0
0.001969
0
0.001181
0
0
0.143701
0.059843
0
0.015748
0.001181
0.003937
0.005906
0.00315
0
0.004724
0.036614
0.011811
0.006693
0.037402
0.016929
0
0.004724
0.00315
0.03937
0.001969
0
0
0
0.043307
0.091732
0.046063
0.111417
0.018504
0.152756
0
0.079921
0.084646
0.001181
0
0
0.00315
0.00315
0
0.001181
0
0
0
0.06378
0.001969
0
0.001969
0
0
0
0
0
0
0
0
0
0
0
0
0
0
0
0
0
0.059843
0.059843
0.018504
0.151575
0.019685
0.082677
0.211811
0.001969
0
0
0
0
0.072835
0.085433
0.040157
0.435827
0.443701
0.124016
0.041339
0.001969
0
0
0
0.004724
0.03937
0.001181
0
0
0
0
0
0
0
0
0.077953
0.055118
0
0
0.004724
0
0.068898
0.00315
0
0.004724
0.01378
0.008661
0
0.113386
0.001181
0
0
0
0
0
0
0
0
0
0.001181
0.001181
0
0.007874
0.008661
0.001181
0.12126
0.058268
0.001181
0
0.007874
0.023622
0.001969
0.011811
0
0.001969
0
0
0
0
0
0
0
0.011811
0.001969
0
0
0.004724
0
0.035433
0
0
0
0
0
0
0
0
0
0
0
0
0
0
0
0
0
0
0
0.00315
0.032283
0
0.206693
0.135827
0
0
0
0
0
0.251969
0.058268
0.014961
0.145669
0
0
0
0
0
0
0
0
0.336614
0.01378
0
0
0
0
0
0
0
0
0
0
0
0
0
0
0
0
0
0.014961
0
0.001181
0
0
0
0.008661
0.145669
0.025591
0
0
0
0
0
0.022441
0
0
0
0.003937
0.036614
0
0.101575
0.797244
0.061024
0.151575
0.173228
0.011024
0.205512
0.003937
0
0
0
0
0.037402
0.214567
0.625984
0.776772
0.159449
0.036614
0.096457
0.045276
0
0
0.675197
0.027559
0
0
0
0
0
0
0
0
0
0
0
0
0
0
0
0
0
0
0.006693
0
0
0
0.201575
0.052362
0
0.006693
0
0
0
0
0
0
0
0
0
0
0
0
0.037402
0.077953
0.003937
0
0
0
0
0
0
0
0
0
0
0
0
0
0
0
0
0
0
0.001969
0
0.017717
0.059055
0.001969
0
0
0
0
0
0
0
0
0
0
0
0
0
0
0
0
0
0.03937
0.150787
0.031496
0.001969
0
0
0
0
0
0
0
0
0
0
0
0
0
0
0
0
0
0
0
0
0
0.112205
0.030315
0.001969
0
0
0
0
0
0
0
0
0
0
0
0
0
0
0
0
0
0
0.004724
0.00315
0
0.024409
0.608268
0.334646
0.037402
0.035433
0
0
0
0.01378
0
0.01378
0.108268
0
0.001969
0
0
0.001969
0
0
0
0
0
0
0
0
0
0
0
0
0
0
0
0
0
0
0
0
0.001181
0
0
0
0
0
0
0
0
0
0
0
0
0.051181
0.066929
0.004724
0.080709
0
0
0
0.012598
0.192126
0.012598
0.046063
0.017717
0
0
0
0
0.047244
0.104331
0.001969
0
0.011811
0.004724
0.062205
0
0
0
0
0
0
0
0
0.146457
0.074016
0.006693
0
0
0.005906
0
0
0
0
0
0
0
0
0
0
0.057087
0.001181
0
0
0
0
0
0
0
0
0
0
0
0
0
0
0
0.015748
0
0
0
0
0.01378
0.085433
0.017717
0.080709
0.004724
0.017717
0.048425
0.020472
0.024409
0.443701
0.566142
0.285433
0.019685
0
0
0
0.217717
0.139764
0.047244
0.011811
0
0
0.072047
0.333858
0.077953
0.093701
0.207874
0.004724
0
0
0
0
0
0
0
0
0
0.091732
0.529528
0.400787
0.095276
0.55315
0.011811
0.004724
0
0.011024
0.001181
0.034646
0.011811
0.125984
0.054331
0.02874
0
0
0
0
0
0
0
0
0
0.020472
0.036614
0.116929
0.030315
0.015748
0
0
0
0
0
0
0
0
0
0
0
0
0
0
0
0
0
0
0
0
0
0
0
0
0
0
0
0.003937
0.026772
0
0
0
0
0
0
0
0
0
0
0
0
0
0
0
0
0.006693
0.001969
0.041339
0
0.023622
0.150787
0.25315
0.066929
0
0
0
0
0
0
0
0
0
0
0
0
0
0
0
0
0
0
0
0.242126
0.483071
0.021654
0.033465
0.141732
0.087402
0
0
0.062992
0.247244
0
0
0.009843
0.294094
0.124803
0.017717
0.001969
0
0
0
0
0.008661
0
0
0
0
0
0
0
0
0
0
0
0
0
0
0
0
0.068898
0.017717
0.297244
0.021654
0.001969
0.00315
0.014961
0.008661
0.007874
0
0.016929
0
0.00315
0.006693
0
0
0
0
0
0
0.004724
0.009843
0
0
0
0
0.006693
0
0.019685
0.185039
0.160236
0.093701
0.047244
0.088583
0.111417
0.019685
0.034646
0
0
0
0.059843
0.054331
0.001969
0.001181
0.001969
0
0
0
0.001969
0.218504
0.034646
0.219291
0.862205
0.240945
0.016929
0.28937
0.037402
0
0.00315
0.007874
0.223622
0.254724
0
0
0.061024
0.678346
0.043307
0.138976
0.167323
0.032283
0.041339
0.07874
0.004724
0.237402
0.242126
0.035433
0.027559
0.154331
0.075591
0.014961
0.05315
0.017717
0.17126
0.324016
0.124803
0.122835
0.017717
0.026772
0.030315
0.024409
0.072835
0.019685
0
0
0
0.001969
0
0
0
0
0
0.011811
0.003937
0.007874
0.003937
0.17126
0.151575
0.208661
0.030315
0.041339
0
0
0
0.00315
0.025591
0.043307
0.006693
0.015748
0
0
0
0
0
0
0
0
0.034646
0.003937
0
0.001181
0.192126
0.223622
0.227559
0.267717
0.012598
0.025591
0.107087
0.03937
0.011811
0.030315
0.007874
0.008661
0
0
0
0
0
0
0
0.052362
0.114961
0.195669
0.016929
0
0
0
0
0.005906
0.014961
0.166142
0.882677
0.126772
0.136614
0.160236
0.111417
0.341732
0.038583
0
0
0
0
0
0
0.23622
0.051181
0.108268
0.046063
0
0.161417
0.225197
0.027559
0
0
0.064961
0.059843
0.173228
0.022441
0
0.032283
0.391732
0.026772
0
0
0
0
0
0
0
0.001969
0.036614
0
0
0
0.003937
0.349606
0.054331
0
0
0
0
0
0.003937
0.033465
0.085433
0.036614
0
0
0
0
0
0
0
0
0
0
0
0
0
0
0.003937
0.003937
0
0.007874
0
0
0
0
0
0.007874
0
0
0
0
0
0.113386
0.001969
0.031496
0.095276
0.218504
0.148819
0
0
0.001969
0.008661
0
0
0
0.007874
0
0
0
0
0
0
0
0
0
0
0
0
0
0
0
0
0
0
0
0
0
0
0
0
0
0
0
0
0
0
0
0
0
0
0
0
0.01378
0
0
0.005906
0.003937
0
0
0
0.006693
0.139764
0
0
0.007874
0
0
0
0
0.279528
0.001181
0
0
0
0
0.008661
0.044094
0.018504
0.011024
0.025591
0.083465
0.018504
0
0.090551
0.046063
0
0
0.006693
0
0
0
0
0
0
0
0
0
0
0
0
0
0
0
0
0
0
0
0
0
0
0
0
0
0
0
0
0
0
0
0
0
0
0
0
0
0
0
0
0
0.014961
0
0.00315
0.00315
0
0
0
0
0
0
0
0
0
0
0.019685
0.001969
0
0.001969
0
0
0
0.023622
0.247244
0.041339
0.074803
0.001181
0
0
0
0.003937
0.077953
0.107087
0.02874
0.105118
0
0.001969
0.04252
0.095276
0
0
0
0.021654
0
0.06378
0.037402
0.001181
0
0
0.005906
0.162205
0.04252
0
0
0.001181
0
0
0
0.004724
0.001969
0
0
0
0
0
0
0
0
0
0
0
0.054331
0.088583
0.012598
0.295276
0.443701
0.198819
0.055118
0.016929
0.076772
0.001181
0
0
0
0
0
0
0
0.026772
0.019685
0.001181
0.029528
0.005906
0.005906
0.00315
0.017717
0.020472
0.01378
0.001181
0
0
0.005906
0
0
0
0
0
0.004724
0.238976
0.394488
0.015748
0.08189
0.090551
0.036614
0.001181
0.003937
0.170079
0.047244
0.111417
0.001181
0.003937
0.016929
0
0.427165
0.112205
0.00315
0.069685
0
0.011024
0
0
0
0
0
0.004724
0.003937
0
0
0.026772
0.181102
0.029528
0.058268
0.008661
0
0
0
0
0
0.021654
0.05315
0.011811
0
0.014961
0.011811
0
0
0
0
0
0.029528
0.177165
0.004724
0.018504
0.035433
0.046063
0.036614
0.031496
0
0.001969
0.027559
0.109449
0.135827
0.001969
0
0.001969
0
0.007874
0.05
0.023622
0.004724
0.097244
0.021654
0
0
0
0.257087
0.008661
0.00315
0.099606
0.149606
0.262992
0.113386
0.003937
0
0
0
0
0
0
0
0
0
0
0
0
0
0
0
0
0
0
0
0
0
0
0
0
0
0
0
0
0
0
0
0
0
0
0
0
0
0
0.082677
0.192126
0.008661
0
0
0
0
0
0
0
0
0
0
0
0
0
0
0
0
0
0
0
0
0
0
0
0
0
0
0
0
0
0
0
0
0.01378
0.072047
0
0
0
0
0
0
0
0
0
0
0
0
0
0
0
0
0
0
0
0
0
0.065748
0.036614
0
0
0
0
0.019685
0.102362
0.01378
0
0
0
0
0
0.019685
0.395669
0.257874
0.038583
0.00315
0.018504
0.008661
0
0
0
0
0
0
0
0
0
0
0
0
0
0
0
0
0
0
0
0
0
0.01378
0.090551
0.001181
0
0
0
0
0
0
0
0
0
0
0
0.059055
0
0
0
0
0
0.391732
0.785433
0.001969
0
0.209449
0.140945
0.035433
0.022441
0.007874
0.031496
0.038583
1.255118
0.004724
0.06378
0.006693
0.003937
0.240945
0.059055
0.001969
0.084646
0.145669
0.051181
0.037402
0
0
0
0
0
0
0
0
0
0.019685
0.366929
0.338583
0.024409
0.091732
0
0
0.133071
0.093701
0.224409
0.283465
0.08189
0.05315
0
0
0
0.005906
0.058268
0
0.06378
0.024409
0
0.005906
0
0.004724
0
0
0
0
0
0
0
0
0
0
0.004724
0.011024
0.004724
0.024409
0.054331
0.622047
0.104331
0.00315
0
0.185039
1.146457
0.156299
0
0
0
0.027559
0.333858
0
0.00315
0
0.218504
0.038583
0.046063
0.494094
0.346457
0.267717
0.075591
0.280315
0.15748
0
0.00315
0
0
0
0
0
0
0
0
0
0
0
0.072835
0
0.23622
0.423228
0.001181
0.047244
0.034646
0.001181
0
0
0
0
0
0
0
0.05315
0.108268
0.291339
0.185039
0.535433
0.258661
0.129134
0.004724
0.006693
0
0
0
0.065748
0.037402
0
0.009843
0.003937
0.295276
0.045276
0.022441
0
0
0
0
0.061024
0.024409
0.005906
0.006693
0.175984
0.008661
0
0.041339
0.059055
0.033465
0.097244
0.004724
0
0.001181
0
0
0
0
0
0
0
0.00315
0.014961
0
0.109449
0.068898
0.008661
0.140945
0
0.001969
0.014961
0
0
0
0
0
0
0
0
0
0.015748
0.360236
0.070866
0.019685
0.043307
0
0
0
0
0.006693
0.004724
0
0
0
0
0
0
0
0
0.280315
0.373228
0.168504
0.011024
0.074803
0.079921
0.135827
0.001969
0
0
0
0
0
0
0.015748
0.027559
0.011024
0.011024
0
0.003937
0
0.021654
0
0
0
0.030315
0.145669
0.097244
0.192913
0.112205
0
0
0
0.001969
0.077953
0.208661
0.391732
0.129921
0
0.001969
0
0
0
0
0
0.129134
0.105118
0
0.041339
0.297244
0
0
0
0
0
0.10315
0
0
0
0
0
0
0
0
0
0
0
0
0
0
0
0
0
0
0
0
0
0
0
0
0
0
0.009843
0.004724
0.031496
0
0
0
0
0
0
0
0
0
0
0
0
0
0.120079
0.001969
0.005906
0
0
0
0
0
0.001969
0
0
0
0
0
0
0
0
0
0
0
0
0
0
0
0
0
0.024409
0.004724
0.014961
0.065748
0.037402
0
0
0
0.036614
0.23622
0.052362
0.019685
0
0
0
0
0
0
0
0
0
0
0
0
0
0
0
0
0
0
0
0
0.105118
0.097244
0.215354
0.136614
0
0.00315
0
0
0
0
0
0
0
0.021654
0.11811
0.06378
0.075591
0
0
0
0
0
0
0
0
0
0.00315
0.080709
0
0.018504
0.011024
0
0
0.00315
0.046063
0
0
0
0
0
0
0.011811
0.06378
0.049213
0.014961
0
0
0
0
0
0.019685
0.187008
0.390945
0.374016
0.19685
0.06811
0.075591
0
0.001181
0
0
0
0
0
0
0
0
0.001181
0
0
0.007874
0.052362
0.001181
0
0.001969
0.07874
0.032283
0.065748
0.007874
0.006693
0.005906
0.011024
0
0.007874
0.099606
0.001969
0.015748
0.005906
0.00315
0
0
0
0
0
0
0
0.007874
0.074016
0
0
0.005906
0.045276
0.012598
0.066929
0.203937
0
0
0.156299
0.282677
0.248819
0.203937
0.001969
0
0
0
0
0.012598
0.040157
0
0
0
0
0.035433
0.174409
0.001181
0.237402
0.154331
0
0.151575
0.104331
0
0.303937
0.02874
0
0
0.096457
0.366929
0.015748
0.005906
0.00315
0
0
0
0
0.189764
0.008661
0
0
0
0
0
0
0
0
0
0.044094
0.057087
0
0
0.082677
0.001181
0.00315
0.011024
0
0.017717
0.599606
0.179921
0
0
0.106299
0.023622
0.104331
0.127953
0.004724
0
0
0
0
0
0.004724
0
0
0
0
0
0
0
0
0
0.062992
0.235039
0.046063
0
0
0
0.144488
0.237402
0.140945
0.02874
0
0
0
0
0
0
0
0
0
0
0.001969
0
0
0
0
0.05
0.333858
0.04252
0
0.037402
0.3
0.485039
0.009843
0
0.00315
0.129921
0.459843
0.11811
0.085433
0.006693
0
0
0
0
0.097244
0.105118
0
0
0.049213
0.035433
0.008661
0.041339
0.007874
0
0.014961
0.116142
0.025591
0
0.006693
0
0
0
0
0
0
0
0
0
0
0
0
0
0
0
0
0
0
0.001181
0.003937
0.045276
0.003937
0
0
0
0
0
0
0
0
0
0
0
0
0
0
0
0
0
0
0
0
0
0
0
0
0
0
0
0
0
0
0
0
0
0
0
0
0
0
0
0
0
0
0
0
0
0
0
0
0
0
0
0
0
0
0
0
0
0
0
0
0
0
0
0
0
0
0
0
0
0
0
0
0.007874
0
0
0
0
0
0.055906
0.015748
0.025591
0.52874
0.001181
0
0
0.161417
0.129921
0
0
0
0.089764
0.227559
0.00315
0.229134
0.391732
0.07874
0.011024
0.129134
0
0
0.001181
0
0
0
0
0
0
0
0
0
0
0.483071
0.682283
0.087402
0.020472
0
0
0
0
0
0
0
0
0
0
0.004724
0.022441
0.133858
0.383071
0.461811
0.401575
0.392913
0.086614
0
0
0.041339
0.031496
0.15748
0.187008
0.075591
0.00315
0.080709
0.009843
0
0.009843
0.011811
0.116929
0.019685
0
0.001969
0.004724
0.033465
0.036614
0
0.201575
0.040157
0.001969
0.02874
0.135827
0.109449
0.086614
0.001181
0.001969
0.147638
0.402756
0.350394
0.254724
0.009843
0.006693
0.024409
0.014961
0.684252
0.006693
0.158661
0.199606
0.031496
0.189764
0.102362
0.027559
0.003937
0.030315
0.003937
0
0
0
0
0
0
0
0
0
0
0
0
0.009843
0.054331
0.149606
0.151575
0.007874
0.011811
0.018504
0.055906
0.11811
0.087402
0.222441
0.008661
0
0
0
0
0
0
0
0
0
0
0.035433
0
0
0.003937
0.034646
0.049213
0.129134
0.150787
0.029528
0.024409
0.094488
0.00315
0.90748
0.086614
0.001181
0
0
0
0
0.116142
0.107087
0.011811
0.024409
0
0
0
0
0
0.036614
0.139764
0.009843
0.011024
0.032283
0.26378
0.031496
0.004724
0.02874
0.06378
0.036614
0.00315
0
0
0
0
0
0
0.023622
0.105118
0.051181
0.240157
0.242126
0.105118
0.040157
0.113386
0.033465
0.047244
0.02874
0.051181
0.001969
0.029528
0.195669
0.156299
0.061024
0.043307
0.068898
0.004724
0
0
0
0
0
0
0
0
0
0
0
0
0
0
0
0
0
0
0
0
0
0
0
0
0.006693
0.001969
0
0.097244
0
0
0
0.472441
0.055906
0
0
0
0
0
0
0
0
0
0
0
0
0
0.021654
0.011024
0.119291
0.316929
0.001969
0
0.006693
0
0
0
0
0.023622
0.024409
0.030315
0
0
0
0.032283
0.48937
0.659449
0.108268
0
0
0.203937
0.003937
0
0.09252
0.343701
0.223622
0.406299
0.031496
0.283465
0.12126
0
0
0.017717
0
0
0
0
0
0
0
0
0
0
0
0
0
0
0
0
0
0
0
0
0
0
0
0
0
0
0
0
0
0
0
0
0
0
0
0
0
0
0
0
0
0
0
0.008661
0.001181
0
0
0
0
0
0
0
0.015748
0.154331
0
0
0
0
0.062205
0.001181
0
0
0
0
0
0
0
0.001181
0
0
0.127953
0.084646
0.083465
0.150787
0.134646
0.006693
0
0
0
0.007874
0.006693
0.035433
0.016929
0.024409
0.048425
0.005906
0
0
0
0.006693
0
0.156299
0.057087
0
0
0
0
0
0
0
0
0
0
0
0.004724
0.064961
0.069685
0.01378
0.087402
0.064961
0.458661
0.503937
0.025591
0.069685
0.318898
0.25315
0.083465
0.026772
0
0
0
0
0.008661
0.034646
0.054331
0.019685
0.024409
0
0.001969
0
0
0
0.041339
0.059843
0.100394
0.049213
0.021654
0.009843
0.004724
0
0
0
0
0.072047
0.062205
0.133858
0.111417
0.635827
0.167323
0.006693
0
0.016929
0.006693
0
0
0
0
0.001969
0.119291
0.025591
0.018504
0.021654
0.066929
0.21063
0
0
0.022441
0.218504
0.395669
0.131102
0
0.027559
0.025591
0.001969
0
0
0
0
0
0
0.027559
0.001969
0
0
0
0
0
0.001969
0.001181
0
0
0.001181
0.015748
0.242126
0.051181
0.055118
0.089764
0.005906
0.025591
0.008661
0.021654
0.496063
0.087402
1.125984
0.301181
0.00315
0.06378
0
0.004724
0
0
0
0
0.003937
0.01378
0.095276
0.141732
0.243307
0.246063
0.108268
0.122047
0.179921
0.298031
0.179134
0.057087
0.207874
0.483071
0.031496
0
0.122835
0.068898
0.10315
0.017717
0.027559
0.05315
0.229134
0.26063
0.041339
0.017717
0.066929
0.014961
0.005906
0
0.005906
0.001181
0.005906
0.122047
0.295276
0.122047
0.09252
0.061024
0.00315
0.043307
0.027559
0.017717
0.001181
0.054331
0.058268
0.048425
0.043307
0.114173
0.022441
0.009843
0.017717
0.023622
0.026772
0.091732
0.040157
0.008661
0.012598
0.023622
0.034646
0
0
0
0
0.008661
0.007874
0.022441
0.003937
0
0.001969
0
0
0
0.011024
0.077953
0.255906
0.141732
0.018504
0.019685
0.035433
0.069685
0.30315
0
0.069685
0.007874
0.488189
0.006693
0.048425
0
0.026772
0.05
0.024409
0.001969
0.043307
0.030315
0.001969
0.001969
0
0
0.00315
0
0.00315
0
0
0
0
0
0
0
0
0
0
0
0.040157
0.023622
0.032283
0.04252
0.003937
0
0
0
0
0.017717
0
0.064961
0.133071
0.206693
0
0.051181
0
0
0
0
0
0
0
0
0.006693
0
0
0
0.077953
0.001969
0.007874
0.018504
0.162205
0.014961
0.033465
0.005906
0
0
0
0
0
0.014961
0
0
0
0
0
0
0
0
0.016929
0
0.016929
0
0
0
0
0
0
0
0
0
0
0
0
0
0
0
0
0
0.003937
0.004724
0
0
0
0
0
0.037402
0.007874
0.009843
0.016929
0
0
0.129134
0.055118
0
0.096457
0.227559
0.001181
0.003937
0
0
0
0
0
0.05
0.074803
0
0
0
0
0
0
0
0
0
0
0
0
0
0
0
0
0
0
0
0
0.023622
0.160236
0.009843
0
0
0
0.016929
0
0.005906
0.006693
0.016929
0
0
0
0
0
0
0.10315
0.031496
0
0
0.023622
0
0
0
0
0
0
0
0.072047
0.164567
0.277559
0.062992
0
0
0
0
0.125984
0.04252
0.108268
0.10315
0.055118
0.044094
0.087402
0.004724
0.083465
0.032283
0.001969
0.134646
0.370079
0.083465
0.041339
0.278346
0.181102
0
0.054331
0.074803
0.020472
0.11811
0.025591
0.035433
0.095276
0.199606
0.133071
0.080709
0.001181
0
0.001181
0.003937
0.05315
0.129921
0.112205
0.437008
0.032283
0.201575
0.255906
0.027559
0.169291
0.093701
0.085433
0.291339
0.316929
0.551181
0.277559
0.068898
0.205512
0.06378
0.003937
0.064961
0.032283
0.031496
0.018504
0.445669
0.338583
0.100394
0.271654
0.194094
0.04252
0.096457
0.051181
0
0
0
0.001969
0
0
0.00315
0
0
0.001181
0
0
0
0
0.003937
0
0.004724
0
0
0
0.007874
0.06378
0.004724
0.009843
0
0
0
0.001181
0
0
0.001181
0
0
0
0
0
0
0
0
0
0.129921
0.016929
0.111417
0.154331
0.159449
0.035433
0.267717
0.094488
0.001181
0
0
0.016929
0.242126
0.006693
0.001969
0.051181
0
0
0.001181
0
0
0
0.001969
0
0
0
0
0
0.001969
0.116142
0
0
0.082677
0.264567
0.104331
0.072835
0.049213
0.023622
0
0.019685
0.009843
0.108268
0
0
0
0.040157
0.15748
0.015748
0.026772
0
0.001181
0.091732
0.02874
0
0.094488
0.094488
0.113386
0.01378
0.012598
0.18189
0.212598
0.101575
0.012598
0
0
0
0
0.006693
0.001969
0.011024
0.195669
0.011811
0
0
0
0.006693
0
0.00315
0.004724
0.00315
0.160236
0.277559
0.203937
0.03937
0.094488
0.087402
0
0
0.006693
0
0
0
0.18189
0.026772
0
0.007874
0
0
0
0
0
0
0
0
0.116929
0
0
0
0
0
0
0
0
0
0
0.055118
0.363386
0.287402
0.499213
0.125984
0.001969
0
0.01378
0
0
0.116142
0.014961
0
0
0
0
0.087402
0.020472
0.035433
0
0
0
0
0
0
0
0
0
0
0
0
0
0
0.001969
0
0.022441
0
0
0
0
0
0
0
0
0.076772
0.089764
0.009843
0
0.003937
0.007874
0.011024
0.007874
0
0
0
0
0
0
0
0
0
0
0
0
0
0
0
0
0
0
0
0
0
0
0
0
0
0
0
0
0
0
0
0
0
0
0
0.03937
0.862992
0.553937
0
0
0
0
0
0
0
0
0
0
0
0
0.003937
0
0
0
0
0.032283
0.072835
0.046063
0
0
0
0
0
0
0
0
0
0.455512
0.011024
0
0
0.007874
0
0
0
0.031496
0.057087
0.054331
0.462598
0.036614
0.027559
0
0.011811
0.161417
0.089764
0.108268
0.37126
0.027559
0
0
0.001969
0.009843
0.011811
0.077953
0.016929
0.344488
0.038583
0.00315
0
0.004724
0.278346
0.024409
0.001181
0.00315
0.049213
0.036614
0.075591
0.058268
0.072047
0.065748
0.055906
0.082677
0.03937
0.018504
0
0.017717
0.008661
0.014961
0.355118
0.011811
0
0.094488
0.141732
0.00315
0.038583
0.091732
0.072047
0.04252
0.001181
0
0.043307
0.061024
0
0
0
0
0.003937
0.061024
0.279528
0.095276
0.051181
0.00315
0
0.253937
0
0.031496
0
0
0
0.001969
0
0
0
0
0.001181
0
0.04252
0.037402
0.054331
0
0
0
0
0
0
0
0.037402
0.017717
0.001181
0
0
0
0
0.001181
0
0
0
0
0
0
0
0.001181
0
0
0.001181
0
0.026772
0.125984
0.041339
0.004724
0.004724
0.093701
0.05
0.031496
0.008661
0.008661
0.001181
0.074016
0.160236
0.032283
0
0.085433
0.026772
0.001181
0.001181
0
0
0
0
0.104331
0
0
0
0
0
0
0
0
0
0.099606
0
0.082677
0.077953
0.027559
0.143701
0.017717
0
0
0.040157
0
0
0
0
0
0
0
0
0
0.007874
0
0
0.017717
0.188189
0.06378
0.008661
0.027559
0.046063
0.03937
0
0
0
0
0
0
0
0
0
0
0
0
0
0
0
0
0
0
0
0.062205
0.064961
0.012598
0.163386
0.020472
0.009843
0
0
0
0
0
0
0
0
0
0
0
0
0
0
0
0
0
0.021654
0
0
0
0
0
0
0
0.024409
0.043307
0
0
0
0
0
0.001969
0.133071
0.238976
0.265748
0.001969
0.006693
0.430315
0.017717
0.020472
0
0.008661
0
0
0
0
0
0
0
0
0
0
0
0
0
0.015748
0
0
0
0
0
0
0
0
0
0
0
0
0
0
0
0
0
0
0
0
0
0
0
0
0
0
0
0
0
0
0
0.113386
0.004724
0
0
0
0
0
0.034646
0.037402
0.072835
0.055118
0.016929
0.00315
0
0
0
0
0
0
0
0
0
0
0
0
0.012598
0.041339
0
0.055906
0
0
0
0
0
0
0
0
0
0
0
0
0
0.110236
0.133858
0.009843
0
0
0.011811
0.530709
0.807087
0.064961
0.021654
0
0.006693
0.015748
0.075591
0
0
0.018504
0
0
0
0
0
0
0
0
0
0
0
0
0
0
0
0
0
0
0.112205
0.01378
0
0
0.001181
0.027559
0
0
0
0
0
0
0
0
0.007874
0.49685
0.267717
0.02874
0.00315
0.009843
0
0
0
0
0
0
0
0
0
0.011024
0.003937
0
0
0.014961
0.116142
0.080709
0
0.048425
0.00315
0
0.162205
0.038583
0.032283
0.016929
0.001969
0.014961
0.011811
0
0.135827
0.110236
0.036614
0
0.030315
0.293307
0.093701
0
0.136614
0.083465
0.049213
0.020472
0.011024
0.093701
0.024409
0.020472
0.033465
0
0
0
0
0
0
0
0
0
0
0
0
0
0
0
0
0
0
0
0.006693
0.011024
0.009843
0.003937
0.022441
0.036614
0.049213
0.005906
0.020472
0
0
0
0
0
0
0
0.032283
0.020472
0.348425
0.144488
0
0.137795
0
0.011024
0.005906
0.020472
0.001969
0
0.001969
0
0.046063
0.055118
0.040157
0.033465
0.119291
0.104331
0.079921
0.022441
0.003937
0.003937
0
0
0
0.001181
0
0.231496
0.129134
0.456693
0.112205
0.319685
0.799213
0.390945
0.488189
0.185039
0.069685
0.020472
0.022441
0.001181
0
0
0
0
0.093701
0
0.003937
0
0
0.015748
0.744882
0.369291
0.088583
0.201575
0.026772
0.011811
0.014961
0.003937
0.019685
0.040157
0.019685
0
0
0
0
0
0.036614
0.021654
0
0
0
0
0
0
0.020472
0.085433
0.011811
0
0.004724
0
0.003937
0.097244
0.101575
0.00315
0
0.023622
0.018504
0
0.064961
0.027559
0.075591
0.072835
0
0
0
0
0.124803
0.012598
0.00315
0.006693
0
0.011811
0.029528
0.017717
0
0
0.097244
0.470472
0.202756
0.608268
0.04252
0.027559
0
0.084646
0.016929
0
0.04252
0
0
0
0
0
0
0
0.22126
0.454724
0.007874
0
0
0
0
0
0
0
0.004724
0.08189
0.054331
0.340551
0
0
0
0.032283
0.017717
0
0
0
0.024409
0.06378
0.045276
0
0
0.004724
0
0
0
0
0
0
0.011811
0
0
0
0
0
0
0
0
0
0
0.001969
0
0
0
0
0
0
0
0
0
0
0
0
0
0
0
0
0
0.014961
0
0
0.043307
0.00315
0
0.069685
0
0
0
0
0
0
0
0
0
0
0
0
0
0
0
0
0
0
0
0
0
0
0
0
0
0
0
0
0
0
0
0
0
0
0
0
0
0
0
0
0
0
0
0
0
0
0
0.077953
0.003937
0.168504
0.179134
0.034646
0.316929
0.088583
0.038583
0.068898
0.038583
0.318898
0.080709
0.22126
0.034646
0
0
0
0.00315
0
0
0
0
0
0
0
0
0
0
0
0
0
0
0
0.072047
0.029528
0
0.00315
0
0
0.001969
0.001969
0
0.068898
0.325591
0.003937
0.055906
0.062205
0.001969
0
0
0
0
0
0
0.055906
0
0
0.00315
0
0
0
0
0
0
0
0
0.012598
0.172441
0.137795
0.134646
0
0.009843
0.003937
0.004724
0
0.135827
0.062992
0
0.01378
0
0
0
0.074016
0
0
0.003937
0
0
0
0.006693
0.011024
0
0.009843
0.001969
0
0.001181
0.068898
0
0.004724
0.036614
0.062992
0.06378
0.01378
0.025591
0
0.001969
0.02874
0
0.093701
0.311024
0.055906
0.247244
0.001181
0.100394
0.00315
0
0
0
0
0
0.009843
0.00315
0.001181
0
0
0
0
0
0
0
0
0.06811
0.02874
0.017717
0.007874
0.275591
0.297244
0.059055
0.030315
0
0.131102
0.113386
0.009843
0
0.025591
0
0
0
0.026772
0.02874
0.021654
0.082677
0.237402
0.036614
0.001181
0
0.024409
0
0
0
0
0.005906
0.003937
0
0.003937
0
0
0
0
0.030315
0
0.01378
0
0.011811
0
0.033465
0.004724
0.009843
0.094488
0.187008
0.192913
0.136614
0.017717
0.016929
0.07874
0.035433
0.016929
0.00315
0.011024
0.017717
0.116142
0.004724
0
0
0
0
0
0
0
0
0
0.03937
0
0
0.007874
0
0
0
0.017717
0.015748
0
0.011811
0
0
0
0.015748
0.021654
0
0.009843
0
0
0
0
0
0
0.024409
0.006693
0.019685
0.160236
0.177165
0
0
0
0
0
0
0
0
0
0
0
0
0
0.054331
0.052362
0.036614
0.090551
0
0
0
0.004724
0.047244
0.105118
0.029528
0.032283
0.004724
0
0.001969
0
0.020472
0
0
0
0
0
0
0.559055
0.07874
0.023622
0.023622
0
0
0
0.166142
0.807874
0.183071
0.007874
0
0
0
0
0
0
0
0
0
0.01378
0.04252
0.018504
0
0.417323
0.156299
0
0
0
0
0
0
0
0
0
0
0
0
0
0.169291
1.067717
0.298031
0.158661
0
0.311024
0.062205
0
0
0
0
0
0
0
0
0
0
0
0
0
0
0
0
0
0
0
0
0
0
0
0
0
0
0
0
0
0
0
0.403543
0
0
0
0
0
0
0
0.001969
0.003937
0.009843
0
0
0
0
0
0
0
0
0
0
0
0
0
0
0
0
0
0
0
0
0
0
0
0
0
0
0
0
0
0
0
0
0
0
0
0
0
0
0
0
0
0
0
0
0
0
0
0
0
0.011811
0.014961
0.02874
0
0
0
0.051181
0.023622
0
0
0.151575
0.145669
0.001181
0
0.001181
0.001181
0
0
0.018504
0
0.001969
0.041339
0.091732
0.001181
0.106299
0.085433
0.044094
0.001969
0
0
0
0
0
0.062205
0.014961
0
0
0
0
0
0.160236
0.307087
0.016929
0.058268
0.129134
0.259843
0.101575
0.064961
0.209449
0.133858
0.007874
0
0
0.046063
0.248819
0.199606
0.00315
0.004724
0
0.001969
0.06811
0.076772
0.007874
0
0.001969
0
0
0.006693
0.047244
0.05
0.00315
0
0.032283
0.143701
0.085433
0.022441
0.006693
0.080709
0.14252
0.181102
0.043307
0.066929
0.001181
0.005906
0.00315
0.203937
0.3
0
0.072835
0.025591
0.001969
0
0
0
0
0
0
0
0
0.029528
0.043307
0.127953
0.054331
0
0
0
0
0
0.006693
0.004724
0.001969
0.004724
0
0
0
0
0
0
0
0
0
0
0
0
0
0
0
0
0.011811
0.021654
0.048425
0.153543
0.001969
0.00315
0.04252
0.048425
0.033465
0.027559
0.031496
0.030315
0
0
0
0
0
0
0
0
0
0
0.008661
0.088583
0.005906
0.001181
0
0
0
0
0
0
0
0
0
0
0.006693
0.001181
0
0
0
0
0
0
0
0
0.106299
0.437795
0.006693
0.038583
0.076772
0.096457
0.01378
0.099606
0.646457
0.285433
0.025591
0.011024
0.037402
0.001969
0
0.011024
0.014961
0.006693
0
0.023622
0.001969
0.267717
0.125984
0.045276
0.159449
0.055118
0.032283
0.001181
0
0.069685
0.062205
0
0
0.116929
0.023622
0
0
0
0
0
0
0
0
0
0.001969
0.677165
0.045276
0.004724
0.019685
0.315748
0.021654
0
0
0.166142
0.027559
0.054331
0
0.015748
0
0
0
0
0
0
0
0.08189
0
0.011024
0
0
0
0
0
0.001969
0
0
0
0
0
0
0
0.02874
0.035433
0.011811
0
0
0
0
0
0
0
0
0
0
0
0
0
0
0
0
0
0
0
0
0
0
0
0
0.14252
0
0
0
0
0
0.090551
0.122047
0
0
0
0
0
0.06811
0
0
0.001181
0
0
0
0
0
0
0
0
0.005906
0
0
0
0
0
0
0
0
0
0
0
0
0
0
0
0
0
0
0
0
0
0
0
0
0
0.105118
0.036614
0.001181
0
0
0
0
0.037402
0
0
0
0
0
0
0
0
0
0
0
0
0
0
0.003937
0
0.036614
0.055118
0
0
0
0
0
0
0
0
0
0
0
0
0
0
0
0
0
0
0.373228
0.129134
0.011811
0.049213
0.048425
0.072047
0.046063
0.069685
0.041339
0.06378
0.102362
0.165354
0.032283
0.018504
0.077953
0.036614
0
0
0.001181
0.06811
0.150787
0.185039
0.030315
0.122047
0.051181
0.014961
0.079921
0
0
0.004724
0.001181
0.001969
0
0
0
0
0
0.001181
0
0
0.001181
0
0
0
0
0.001969
0.018504
0.087402
0.219291
0.208661
0.144488
0.033465
0.225197
0.001969
0
0.116142
0.011024
0.003937
0.005906
0.054331
0
0.007874
0.004724
0.017717
0.290551
0.025591
0.049213
0.106299
0.134646
0.230315
0.001181
0
0.051181
0
0.030315
0
0.007874
0.001969
0.00315
0
0.134646
0.314961
0.108268
0
0
0
0
0
0
0
0
0.023622
0.137795
0.137795
0
0
0
0
0
0.009843
0.017717
0.003937
0
0.008661
0
0
0.004724
0.072047
0
0.035433
0
0.03937
0.162205
0.01378
0
0
0
0
0
0.020472
0.25
0.006693
0.048425
0.072047
0.021654
0.124803
0.622047
0.403543
0.174409
0.059055
0.03937
0.091732
0.00315
0.00315
0.195669
0.020472
0.00315
0.008661
0.01378
0.014961
0
0.017717
0.100394
0.072835
0.012598
0.062205
0.033465
0
0.069685
0.177165
0.048425
0.168504
0.047244
0
0
0
0
0
0
0
0
0
0
0
0.08189
0
0
0
0
0
0.293307
0.101575
0.122835
0.100394
0.179134
0.015748
0.003937
0
0
0.007874
0.015748
0.001969
0
0
0
0
0
0.023622
0.560236
0.295276
0.003937
0
0.001181
0
0
0
0.001969
0.01378
0
0
0
0.104331
0.349606
0.202756
0.017717
0
0.293307
0.21378
0.064961
0
0
0
0
0
0.008661
0.070866
0.021654
0
0
0
0
0
0
0
0
0.166142
0.027559
0
0
0
0
0
0
0
0
0
0
0
0
0.014961
0.006693
0
0
0
0
0
0
0
0
0
0
0
0
0
0
0
0
0
0
0
0
0
0
0
0
0
0
0
0
0
0
0
0
0
0
0
0
0
0
0.444882
0.003937
0
0
0
0
0
0
0
0
0
0
0
0
0.244094
0.120079
0
0
0
0
0
0.044094
0.008661
0
0
0
0
0
0
0
0
0
0
0
0
0
0
0
0
0.392913
0.585827
0.206693
0
0
0
0
0
0
0.006693
0.001969
0
0
0.03937
0.046063
0
0
0
0
0
0
0
0
0
0
0
0
0
0
0
0
0
0
0
0.04252
0.258661
0.374803
0.720472
0.208661
0.057087
0.024409
0.077953
0
0
0.02874
0.001181
0
0
0
0
0
0
0
0
0
0
0
0
0
0
0
0
0
0
0
0
0
0
0.152756
0.070866
0.187008
0.024409
0.079921
0
0
0
0
0
0
0.015748
0.137795
0.01378
0.001181
0.059055
0.004724
0.021654
0.001969
0.001181
0
0
0
0
0
0
0.001181
0.001181
0.001181
0
0
0
0
0.001181
0
0
0
0
0
0.160236
0.022441
0.00315
0.001181
0
0
0.224409
0.977559
0.001181
0
0
0.043307
0.035433
0.048425
0.01378
0.273622
0
0.001181
0
0
0
0
0
0.001181
0.055906
0.01378
0
0.023622
0.062205
0.145669
0.09252
0.124016
0.004724
0.097244
0
0.015748
0.009843
0
0.012598
0.008661
0
0
0.051181
0.037402
0.003937
0.077953
0.317717
0.093701
0.023622
0.001181
0.044094
0
0
0
0.001181
0
0
0
0
0.122047
0.208661
0.037402
0.243307
0.032283
0
0.02874
0.027559
0.037402
0.184252
0.068898
0.093701
0.015748
0.011024
0
0
0
0.025591
0
0
0
0.023622
0.004724
0
0.043307
0.016929
0.001969
0
0
0
0
0
0
0.006693
0
0
0.040157
0.062205
0.003937
0
0
0
0
0
0
0.198031
0.08189
0.001181
0
0
0
0
0.240945
0.49685
0.003937
0.006693
0
0.016929
0.022441
0.00315
0
0
0
0
0
0
0
0
0
0
0
0
0.001181
0.001969
0
0
0
0.011811
0.074016
0.027559
0.007874
0.064961
0.215354
0.476378
0.009843
0
0.209449
0.075591
0.135827
0.048425
0.639764
0.377953
0.075591
0
0
0
0
0.024409
0
0
0
0
0
0
0
0
0
0.122835
0.284252
0.091732
0
0
0
0
0
0
0
0
0
0
0
0
0.001181
0
0
0
0
0
0
0
0
0
0.072835
0
0.06811
0
0
0.090551
0
0.049213
0.111417
0.012598
0
0
0
0
0
0
0
0
0
0
0
0
0
0
0
0
0
0
0.12126
0.009843
0.005906
0.003937
0
0
0
0
0
0.07874
0.329921
0.065748
0.104331
0.051181
0
0.024409
0.040157
0.012598
0.048425
0.001969
0.198031
0
0.036614
0
0
0
0
0
0
0
0
0
0
0
0
0
0
0
0
0
0
0
0
0
0.006693
0
0.005906
0.035433
0.184252
0.018504
0
0.008661
0
0
0
0
0
0
0.011024
0
0
0
0
0
0
0
0
0
0
0
0
0.26378
0.009843
0
0.07874
0.068898
0
0
0
0
0
0
0
0.049213
0.277559
0.012598
0
0
0.035433
0.016929
0
0
0.001181
0.001181
0
0
0
0.068898
0.147638
0.001181
0
0.001181
0
0.001969
0.001181
0
0
0
0
0.265748
0.014961
0
0
0
0
0
0
0
0.001969
0
0
0
0
0.019685
0.359055
0.058268
0
0.041339
0
0.00315
0.001969
0
0.083465
0.059843
0.004724
0
0
0
0
0
0
0
0
0
0
0
0
0
0
0
0
0
0.373228
0.001969
0.095276
0.422441
0.001181
0.125984
0.093701
0.022441
0
0
0
0
0
0
0
0
0
0
0
0
0
0
0
0
0
0.015748
0.012598
0.101575
0.074803
0.005906
0
0
0
0
0
0
0.02874
0.014961
0
0
0.001181
0.019685
0.001181
0
0
0
0
0
0
0
0
0
0.035433
0.008661
0.198819
0.183071
0.303937
0.204724
0.006693
0
0
0
0.273622
0.061024
0.046063
0.026772
0.074803
0.005906
0
0.011024
0.02874
0.020472
0.027559
0
0.017717
0.02874
0.029528
0.035433
0
0
0
0
0
0
0
0
0
0
0.027559
0.138976
0.001969
0.225197
0.001969
0.027559
0.008661
0
0
0.003937
0.049213
0.06378
0.051181
0.06811
0.005906
0.036614
0.231496
0.211811
0.003937
0.138976
0.114961
0.017717
0
0
0.001181
0.065748
0.125984
0.009843
0
0
0
0
0.006693
0.156299
0.026772
0.001181
0.015748
0.021654
0.448031
0.032283
0
0.17126
0.776772
0.598425
0.105118
0.057087
0
0
0
0
0
0
0
0
0.205512
0.183071
0.001181
0
0.006693
0.008661
0
0.011811
0.007874
0
0
0
0
0
0
0
0
0
0
0
0.134646
0.088583
0.003937
0
0
0.04252
0.035433
0.099606
0.015748
0.032283
0.259843
0.111417
0.02874
0
0
0
0
0
0
0
0
0
0
0
0
0
0
0
0.031496
0.108268
0
0
0
0
0.034646
0.116929
0
0
0
0
0
0
0
0
0
0
0
0
0
0
0
0
0
0
0
0
0
0
0.007874
0.040157
0
0
0
0
0
0
0
0
0
0
0
0.003937
0
0
0
0
0
0
0
0
0
0
0
0
0
0
0
0
0
0
0
0
0
0
0
0
0
0
0
0
0.011811
0
0
0
0
0
0
0
0
0
0
0
0
0
0
0
0
0
0
0
0
0
0
0
0
0
0.024409
0.007874
0.066929
0.251181
0.175197
0.124803
0.134646
0.101575
0
0
0
0
0
0
0
0
0.001181
0.150787
0.018504
0.00315
0.001181
0.054331
0.012598
0.029528
0
0.016929
0.162205
0.084646
0.004724
0.026772
0.001969
0
0
0.00315
0.001181
0
0.141732
0
0
0
0
0
0.001969
0.004724
0.001969
0.134646
0.062992
0.057087
0.037402
0
0
0.001181
0.001969
0.001969
0
0.001181
0.06811
0.047244
0.022441
0
0
0
0.00315
0.001181
0
0
0.01378
0.09252
0.007874
0.023622
0.001181
0.001969
0.00315
0
0.219291
0.024409
0.037402
0.113386
0.00315
0.001969
0.015748
0.012598
0
0.001969
0.001181
0
0.001969
0.004724
0
0
0
0.001181
0
0
0
0
0
0.001181
0.006693
0
0.001969
0
0.011811
0.001181
0.001969
0
0
0.06378
0.006693
0
0
0.022441
0.032283
0.001181
0.001969
0.222441
0.051181
0.059843
0.003937
0.034646
0.015748
0.005906
0.062205
0.001181
0
0.004724
0
0
0
0
0.009843
0.001181
0.041339
0.031496
0.014961
0.083465
0.358268
0.021654
0
0.029528
0
0
0
0
0
0.018504
0.119291
0.011811
0
0
0
0
0.06378
0.030315
0
0.052362
0.001181
0
0
0
0.008661
0.005906
0
0
0.003937
0
0
0.01378
0
0
0.027559
0.151575
0.072047
0.111417
0.018504
0
0
0.22126
0.089764
0
0
0
0
0
0
0
0
0
0
0
0.00315
0.027559
0.00315
0
0
0
0
0
0.045276
0.032283
0
0
0
0
0
0
0
0.017717
0.011811
0
0.032283
0.139764
0
0
0
0
0.007874
0.004724
0
0
0
0
0
0.006693
0
0
0
0
0
0
0
0
0
0.139764
0.357087
0.170079
0.162205
0.004724
0
0.137795
0.137795
0.006693
0
0
0
0.018504
0.719291
0.14252
0
0
0.144488
0.354331
0.326772
0.155512
0
0
0.003937
0.037402
0
0
0
0
0
0
0
0
0
0
0
0.011811
0
0
0.011811
0
0
0
0
0
0
0
0
0
0
0
0
0
0
0
0
0
0
0
0
0
0
0
0
0
0.061024
0.00315
0.012598
0
0
0
0
0
0
0
0
0
0
0
0
0
0.005906
0
0.029528
0.005906
0
0
0
0
0
0
0
0.026772
0
0
0
0
0
0
0
0
0
0
0
0
0.001181
0
0
0
0
0
0
0.015748
0.047244
0.061024
0.001181
0
0
0
0
0
0
0
0
0
0
0
0
0
0
0
0.248819
0.262992
0.001969
0
0
0
0
0.135827
0.461811
0.200787
0.354331
0.122047
0.162205
0.033465
0
0.014961
0.001969
0.001181
0.031496
0
0
0
0
0
0
0
0
0
0.001181
0
0.149606
0.005906
0.029528
0.116142
0.001969
0
0
0
0.009843
0
0
0.001181
0.019685
0.033465
0.001969
0
0.004724
0.129921
0.04252
0.120079
0.272835
1.620079
0.080709
0.011024
0
0
0
0.037402
0.216535
0.001181
0.019685
0
0.014961
0
0
0
0
0
0.001969
0.172441
0.30315
0.043307
0.019685
0.072047
0.029528
0.001181
0.095276
0.07874
0.392913
0.343701
0.202756
0.175984
0.126772
0.046063
0.055906
0.208661
0.05
0.126772
0.00315
0.00315
0
0.015748
0.335433
0.432283
0.09252
0.00315
0
0.00315
0
0
0
0
0
0.979528
0
0
0
0
0.001181
0
0.040157
0.143701
0.220472
0.015748
0.054331
0.004724
0
0
0
0.009843
0.108268
0.12126
0.089764
0.152756
0.111417
0.102362
0.23622
0.01378
0
0
0
0
0
0.005906
0.008661
0
0
0
0
0
0.017717
0.048425
0.001181
0.015748
0.10315
0.008661
0.037402
0.116142
0.240157
0.017717
0
0.001181
0
0.007874
0.246063
0.320866
0.094488
0.019685
0.008661
0.011024
0.003937
0.007874
0.045276
0.062992
0.008661
0.113386
0.140945
0.074803
0.02874
0.001969
0.011811
0.07874
0.066929
0.001969
0.059055
0.001181
0.020472
0.023622
0.009843
0.361417
0.164567
0.072835
0.00315
0.006693
0.033465
0.080709
0.034646
0.077953
0.043307
0
0
0
0
0.021654
0.077953
0.143701
0.02874
0.003937
0.149606
0.015748
0.00315
0
0
0
0
0
0
0
0
0
0
0
0
0
0
0
0.048425
0.316929
0.064961
0.049213
0.020472
0.030315
0.047244
0.514567
0.265748
0.139764
0.099606
0.566142
0.229134
0.727559
0.014961
0
0
0.014961
0
0
0
0
0
0
0
0
0
0
0.127953
0
0
0
0
0
0
0
0
0
0
0
0
0
0
0
0
0
0
0
0
0
0
0.026772
0
0
0
0
0.122047
0.091732
0.001181
0.109449
0.029528
0
0
0
0
0
0
0
0
0
0
0
0
0
0
0.018504
0.014961
0.017717
0
0.020472
0
0.17126
0.336614
0.433071
0.062992
0
0.004724
0
0
0
0
0
0
0
0
0
0
0
0
0
0
0
0
0
0
0.153543
0.122047
0
0
0
0
0
0
0
0
0.04252
0.062205
0
0
0
0
0
0
0
0
0
0
0
0
0
0
0
0
0.096457
0.091732
0.001969
0
0
0
0.168504
0.054331
0.001181
0.011024
0.097244
0.336614
0.432283
0.004724
0.007874
0
0
0
0
0
0
0
0
0
0
0
0
0
0
0
0
0
0
0
0
0
0
0.006693
0.099606
0.025591
0
0
0
0
0.001181
0
0
0
0.004724
0.133858
0.008661
0
0
0
0
0
0.046063
0.054331
0.055118
0.014961
0.03937
0.006693
0
0
0.119291
0.312992
0.057087
0.006693
0.167323
0.004724
0.058268
0.281496
0.077953
0
0
0
0
0
0
0
0
0
0
0
0
0
0
0.001969
0.001969
0.143701
0
0.004724
0.045276
0.043307
0.001969
0.004724
0.027559
0.007874
0
0.006693
0
0.001969
0
0
0
0
0
0
0
0
0.025591
0.08189
0.017717
0
0.004724
0
0
0
0
0
0
0
0
0
0
0.008661
0.251181
0.052362
0.009843
0.287402
0
0
0
0
0.005906
0.035433
0.200787
0.254724
0.047244
0.031496
0.077953
0.079921
0.009843
0.001181
0.006693
0.024409
0.047244
0.016929
0
0
0
0.04252
0.030315
0
0.033465
0
0
0.104331
0.00315
0
0
0
0.033465
0.022441
0.001969
0.055906
0.005906
0
0.048425
0.036614
0.075591
0
0
0
0
0
0.001181
0.064961
0.020472
0
0
0
0
0
0.116142
0.025591
0
0.009843
0
0.004724
0
0
0
0
0
0
0
0
0
0
0.006693
0.007874
0.120079
0.114961
0.15748
0.054331
0.008661
0.021654
0.080709
0
0
0
0.11811
0.360236
0.661417
0.11811
0.111417
0
0
0
0
0
0.008661
0.19685
0.494882
0.057087
0.087402
0.41811
0.04252
0.033465
0
0.01378
0
0.015748
0.014961
0
0
0
0
0.173228
0.440945
0
0
0
0.154331
0.26378
0.059055
0
0
0
0
0
0
0
0
0
0
0
0
0
0
0
0
0
0
0
0
0
0
0
0
0
0
0
0
0
0
0
0
0
0
0
0
0
0
0
0
0
0
0
0
0
0
0
0
0
0
0
0
0
0
0
0
0
0
0
0
0
0
0
0
0
0
0
0
0
0
0
0
0
0
0
0
0
0
0
0
0
0
0
0
0
0
0
0
0
0
0
0
0
0
0.057087
0.095276
0
0
0
0
0
0
0
0
0
0
0
0
0
0
0
0.011024
0.204724
0.135827
0.038583
0
0
0.001969
0
0
0
0
0
0
0
0
0
0
0.011811
0.001969
0
0
0
0
0
0
0
0
0
0
0
0.06811
0.090551
0
0
0.129921
0.165354
0.114173
0.00315
0.044094
0.12126
0.02874
0.001181
0.058268
0.065748
0.100394
0
0.016929
0
0.00315
0.037402
0.173228
0.095276
0
0.012598
0.018504
0
0
0
0.059055
0.114961
0.019685
0.03937
0
0
0.019685
0.02874
0.122835
0.312992
0.083465
0.011811
0.065748
0.006693
0
0
0.004724
0.04252
0.082677
0.00315
0.052362
0.034646
0.06811
0.02874
0.004724
0
0
0
0
0.001181
0.043307
0.122047
0
0.01378
0.279528
0
0
0
0
0
0
0.01378
0.022441
0.104331
0.259843
0.442913
0.783465
0.448819
0.435039
0.07874
0.19685
0.326772
0.136614
0
0.012598
0.008661
0.004724
0
0.001969
0.107087
0.001969
0.001969
0.011024
0.019685
0.052362
0.170079
0.051181
0.264567
0.129921
0.090551
0.016929
0
0
0
0
0.00315
0
0
0
0
0.001181
0.184252
0.00315
0
0
0
0
0
0
0
0
0
0
0
0
0
0.04252
0.211811
0.484252
0.625984
0
0.011811
0
0.004724
0.519685
0.492126
0.405512
0.085433
0.153543
0.04252
0.184252
0.240945
0
0.061024
0.085433
0.179921
0.05315
0.097244
0.299213
0.008661
0.001181
0
0
0
0
0
0.001181
0.011811
0.006693
0
0
0.012598
0.23622
0.187008
0.204724
0.052362
0.014961
0.00315
0.08189
0.184252
0.189764
0.189764
0.01378
0
0.120079
0.009843
0.024409
0.017717
0.001969
0
0
0
0
0.048425
0.030315
0.298031
0.280315
0.194882
0.48622
0
0.049213
0.153543
0.166142
0.159449
0.015748
0.011024
0.062992
0.093701
0.155512
0.164567
0
0.001181
0.004724
0.004724
0
0
0
0
0.011811
0.001969
0
0.02874
0.016929
0
0
0
0
0
0
0.064961
0.06811
0.085433
0.049213
0.11811
0.209449
0.192913
0.30315
0
0
0
0
0.127953
0.834646
0.454724
0.363386
0.12126
0.163386
0.358268
0
0.034646
0
0
0
0.031496
0.058268
0.072835
0
0.089764
0.09252
0.003937
0.007874
0
0
0
0
0
0
0
0
0.059055
0.307087
0.001969
0.058268
0
0.005906
0.009843
0.04252
0.001969
0.012598
0
0
0
0.01378
0
0
0
0
0
0
0
0
0
0
0
0
0
0
0
0
0
0
0
0
0
0
0
0
0
0
0
0
0
0
0
0
0
0
0
0
0
0
0
0
0
0
0
0
0
0
0
0
0
0
0
0
0
0
0
0
0
0
0
0
0
0
0
0
0.006693
0.011811
0
0
0
0
0
0
0
0
0
0
0
0
0.188976
0.001969
0
0
0
0
0
0
0.12126
0
0
0
0
0
0
0.001969
0.001969
0
0
0
0
0
0
0
0
0
0
0
0.00315
0.014961
0
0
0.004724
0
0
0
0.001969
0
0
0
0
0
0
0
0
0.100394
0.165354
0.020472
0.004724
0.001181
0.068898
0.211811
0
0.047244
0.484252
0.211811
0.158661
0.072835
0.104331
0.12126
0.605512
1.068898
1.025591
0.348425
0.287402
0.302362
0.01378
0
0.285433
0
0
0
0
0
0
0
0
0.031496
0.048425
0.294094
0.257874
0.011811
0
0
0
0.017717
0.012598
0
0
0.011811
0.185827
0.139764
0.001969
0
0.00315
0.011024
0.129134
0.514567
0.255906
0.052362
0.354331
0.030315
0.131102
0.087402
0.111417
0.216535
0.05315
0.284252
0.174409
0.022441
0.218504
0.059055
0.051181
0.001181
0
0.120079
0.375984
0.322835
0
0
0
0.006693
0.003937
0
0
0
0
0
0.175984
0.355118
0.268504
0.377953
0.639764
0.455512
0.36811
0.124016
0.055906
0.003937
0.004724
0.003937
0.048425
0
0
0
0.004724
0.184252
0.004724
0
0.01378
0
0
0.072835
0.035433
0.004724
0
0
0
0
0
0
0
0
0
0
0
0.001181
0
0.032283
0.228346
0.136614
0.001181
0
0.096457
0.432283
0.129134
0.019685
0
0
0
0
0
0.001969
0.031496
0.031496
0.03937
0
0
0.068898
0.116929
0.124016
0.044094
0.047244
0.023622
0.018504
0.091732
0.016929
0.104331
0
0
0
0
0
0
0
0
0
0
0
0
0
0
0
0
0
0
0.049213
0.279528
0.307087
0.427165
0.332677
0.349606
0.057087
0.173228
0.31378
0.017717
0
0
0
0.175197
0.095276
0.177165
0
0
0
0
0
0
0
0
0
0
0
0
0
0
0
0
0
0
0
0
0
0.017717
0.048425
0.008661
0
0.21378
0.175197
0.156299
0.463386
0.219291
0.46063
0
0
0
0
0
0
0
0
0
0
0
0
0
0
0.119291
0.02874
0.119291
0
0.05
0.017717
0
0
0
0
0
0
0
0
0.001181
0.003937
0.004724
0.001181
0
0
0
0
0
0
0
0
0
0
0
0
0
0.024409
0.05
0
0
0
0
0
0
0
0
0
0.001181
0.008661
0
0.008661
0
0
0
0
0
0
0
0
0.003937
0
0
0
0
0
0
0
0.026772
0.19685
0.188189
0
0.319685
0
0.001181
0
0
0
0
0
0
0
0
0
0
0
0
0
0
0
0
0
0
0
0
0
0
0.017717
0.014961
0
0
0
0.044094
0.13189
0.055118
0
0
0.244882
0.169291
0.885039
0.047244
0
0
0.095276
0.062205
0.017717
0
0
0
0
0
0
0
0.001181
0
0
0
0
0
0.001969
0.00315
0.016929
0.031496
0.138976
0.185827
0.111417
0.001969
0.11811
0.163386
0.001969
0.049213
0.052362
0
0.021654
0.008661
0.001181
0.03937
0.156299
0.00315
0.058268
0.414173
0.253937
0.114173
0.024409
0.041339
0.23622
0.42126
0.086614
0.139764
0.004724
0
0
0
0
0
0
0.423228
0.102362
0.084646
0.433071
0
0.09252
0.170079
0.059055
0.036614
0.163386
0.705512
0.467717
0.668504
0.568898
0.089764
0
0
0.051181
0
0
0
0
0
0
0
0
0
0.036614
0.116929
0
0.027559
0.054331
0.207874
0.214567
0.001969
0.048425
0.238976
0.107087
0.151575
0.062205
0.00315
0
0.033465
0.00315
0
0.001969
0.029528
0
0.006693
0.054331
0.047244
0.122835
0.082677
0.189764
0.001181
0
0
0
0.034646
0.033465
0
0.066929
0
0.001181
0
0
0
0.00315
0.014961
0.136614
0.012598
0.031496
0.079921
0.075591
0
0
0
0
0
0
0
0
0
0
0.00315
0.014961
0.036614
0
0.026772
0.017717
0.057087
0
0
0
0
0
0
0.012598
0.001181
0
0.086614
0.005906
0
0
0
0
0
0
0.049213
0.007874
0
0
0
0.009843
0.027559
0
0
0.001969
0.00315
0.125984
0.086614
0.322835
0.269685
0.055906
0.229134
0.004724
0
0
0
0.169291
0.105118
0.030315
0
0
0
0
0
0
0
0
0.05
0
0
0
0
0
0
0
0
0
0
0
0
0.054331
0.190945
0.02874
0
0.011811
0.029528
0.140945
0.163386
0
0.014961
0
0.018504
0.258661
0.351575
0
0
0
0.027559
0.027559
0.319685
0.327559
0.163386
0.011811
0
0
0
0
0
0
0
0
0
0
0
0
0
0
0.014961
0.04252
0.403543
0.06378
0.02874
0
0
0
0
0
0
0.012598
0
0
0
0
0
0
0
0.008661
0.003937
0
0
0
0
0
0
0
0
0.014961
0.129921
0.738976
0.08189
0
0
0
0
0
0
0
0
0
0.006693
0.018504
0.019685
0
0
0
0
0
0
0
0.136614
0.15748
0
0
0
0
0
0
0
0
0
0
0
0
0.049213
0.005906
0
0
0
0
0
0.001969
0
0
0
0
0.590551
0.104331
0.011024
0.175197
0.008661
0
0
0
0.405512
0
0
0
0
0
0
0
0
0.105118
0.116142
0.137795
0
0
0.097244
0.069685
0.05
0.058268
0.02874
0
0
0
0.007874
0
0
0
0
0
0
0
0
0
0
0
0
0
0.00315
0.020472
0.095276
0.312205
0.00315
0.001181
0
0
0.043307
0.097244
0.162205
0
0.001969
0.012598
0.024409
0.021654
0.021654
0.135827
0.012598
0.054331
0.05
0.087402
0.046063
0.007874
0.004724
0.055906
0.035433
0.167323
0.175984
0.095276
0.041339
0.273622
0.036614
0.029528
0.04252
0
0
0.001969
0.040157
0.059055
0.261811
0.072047
0
0.228346
0
0
0.027559
0.001969
0.022441
0.189764
0.055906
0.057087
0
0.101575
0.166142
0
0
0
0
0
0
0
0.019685
0
0.012598
0.024409
0.272835
0.150787
0.181102
0
0.468504
0.04252
0.001969
0.04252
0.122047
0.242126
0.354331
0.041339
0.057087
0.183071
0.414173
0.129134
0.322047
0.114173
0.038583
0.011024
0.072047
0.444882
0
0.070866
0.168504
0.080709
0.119291
0.104331
0.041339
0
0.072047
0.456693
0.340551
0.007874
0.05315
0.12126
0.111417
0.016929
0.112205
0.014961
0.005906
0.003937
0.038583
0.154331
0.074016
0.184252
0.167323
0.012598
0.01378
0.06378
0.054331
0.007874
0.179134
0.203937
0.029528
0.001969
0.012598
0.017717
0.133071
0.137795
0.068898
0.001969
0.051181
0.003937
0.001181
0.014961
0.199606
0
0
0.062205
0
0
0.159449
0.014961
0.001181
0
0
0
0.05
0.113386
0.37874
0.124803
0.058268
0.057087
0.154331
0.238976
0
0.116142
0.04252
0.21378
0.004724
0.047244
0.041339
0.175197
0.305118
0.283465
0.006693
0.018504
0.201575
0.043307
0.043307
0.021654
0.018504
0.038583
0.108268
0
0
0
0
0
0
0.043307
0.018504
0
0
0.04252
0
0
0.015748
0.06811
0.011811
0.352362
0.408661
0.324016
0.07874
0.320866
0.498031
0.170079
0.024409
0.318898
0.145669
0.177165
0.061024
0.372047
0.589764
0.02874
0.541339
0.001969
0.139764
0.120079
0
0.02874
0.297244
0.395669
0.44685
0.22126
0.278346
0.091732
0.007874
0
0.306299
0.227559
0.555118
0.038583
0
0
0.048425
0.074803
0.246063
0.820866
0.329921
0.275591
0.054331
0
0.185827
0
0
0
0
0
0.001969
0.561811
0
0.152756
0.612992
0
0
0
0
0
0
0.00315
0.017717
0
0
0.007874
0
0
0
0
0
0
0
0
0
0
0
0
0
0
0
0.066929
0.08189
0.00315
0.008661
0.036614
0.02874
0
0
0.266929
0.188189
0
0
0.016929
0
0
0
0
0
0
0
0
0
0
0
0
0
0
0
0
0.001969
0
0
0
0
0
0
0
0
0
0
0
0
0
0
0
0.004724
0
0.137795
0.034646
0.220472
0.029528
0
0
0
0
0
0
0
0
0
0
0
0
0
0.065748
0.232283
0.079921
0.146457
0.251969
0
0
0.02874
0.070866
0
0
0
0
0.001969
0
0
0
0
0.017717
0.06378
0.004724
0.023622
0
0.031496
0
0
0
0
0
0
0.125984
0.018504
0.116142
0.06811
0.062205
0
0.177165
0.080709
0.029528
0.026772
0.074803
0.035433
0.069685
0.10315
0.248819
0.011811
0.218504
0.127953
0.148819
0
0.114173
0
0
0.006693
0.051181
0
0.026772
0.014961
0.345276
0.198819
0.451969
0.199606
0
0.114173
0.070866
0.011811
0.402756
0.48937
0.127953
0.420472
0.543307
0
0.031496
0.015748
0.143701
0.020472
0
0.00315
0
0
0.02874
0
0.001969
0
0
0
0.029528
0.014961
0.031496
0
0
0
0.040157
0
0
0.051181
0
0.003937
0.06811
0
0
0
0
0
0
0
0
0
0
0
0
0.018504
0.008661
0.072047
0.032283
0.324016
0.127953
0.262992
0.074803
0.008661
0.376772
0.083465
0.017717
0.051181
0.031496
0
0
0
0
0.003937
0.004724
0
0.058268
0.003937
0
0.247244
0.167323
0.560236
0.718504
0.522441
0
0
0.044094
0.080709
0
0.192126
0.094488
0.235039
0.109449
0.049213
0.031496
0.020472
0.055906
0.049213
0.033465
0.001181
0.076772
0.001969
0.074016
0.059055
0.020472
0.001969
0.023622
0
0.024409
0.17126
0.102362
0.001969
0
0
0.094488
0
0
0
0
0
0
0.004724
0
0
0.001181
0.005906
0.008661
0.004724
0
0
0.041339
0.113386
0.086614
0
0.001969
0.005906
0.083465
0.219291
0.005906
0.079921
0.175197
0.035433
0.086614
0.011024
0
0.024409
0
0
0
0
0.008661
0
0
0.015748
0.001969
0
0
0
0.00315
0.00315
0
0
0
0.131102
0.110236
0.046063
0.00315
0
0
0
0
0
0.194094
0.011811
0.008661
0
0.059843
0
0
0
0
0
0.011811
0
0
0
0
0
0
0
0
0.03937
0
0
0.201575
0.411417
0.133071
0.06811
0.003937
0.014961
0
0
0
0
0
0
0
0
0
0
0
0
0
0
0.055906
0
0
0
0
0
0
0
0
0
0
0
0.024409
0.011811
0
0.007874
0
0
0
0
0
0
0.020472
0
0
0
0
0
0
0
0
0
0
0
0
0
0
0
0
0
0
0
0
0
0.022441
0.021654
0.332677
0.044094
0
0
0.018504
0.05315
0.273622
0
0.017717
0
0
0
0
0
0
0
0.006693
0.030315
0.145669
0
0
0.022441
0.02874
0.024409
0.194882
0.139764
0
0.011811
0.008661
0
0
0
0
0
0
0
0
0
0
0
0
0
0
0
0
0
0.080709
0
0
0
0
0
0
0
0
0
0
0
0
0
0.015748
0.195669
0
0.116142
0
0
0
0
0
0
0
0
0
0
0
0
0
0
0
0
0
0.018504
0.465354
0.251181
0.008661
0
0
0
0
0
0
0
0
0.026772
0
0.017717
0.012598
0.00315
0
0
0
0.004724
0.161417
0.188976
0
0.036614
0.00315
0
0
0
0
0.00315
0.021654
0.001969
0
0.162205
0.054331
0.090551
0.17126
0
0
0.007874
0.051181
0.066929
0.06378
0.022441
0.011024
0
0.110236
0.158661
0
0
0
0
0
0
0
0
0
0
0
0
0
0.001969
0
0
0
0
0
0
0.038583
0.004724
0.006693
0.00315
0
0
0.00315
0.376772
0.60748
0.027559
0.023622
0.072047
0.472441
0.11811
0.095276
0.311024
0.207874
0.086614
0.004724
0.017717
0.052362
0.398425
0.127953
0.258661
0
0
0
0.062205
0.799213
0.04252
0.001181
0.00315
0.005906
0.01378
0.032283
0
0
0.003937
0.046063
0.029528
0.054331
0.30315
0.267717
0.015748
0.141732
0.024409
0.025591
0.021654
0.068898
0.012598
0.167323
0.131102
0.01378
0.007874
0.122835
0.038583
0.091732
0.011811
0.004724
0.079921
0.009843
0.243307
0.30315
0.281496
0.015748
0.055118
0.05
0.045276
0
0
0
0.011811
0.017717
0.052362
0
0.001969
0.007874
0.017717
0
0.043307
0.055118
0.05315
0
0
0
0
0
0
0
0
0
0
0
0
0
0
0
0.011811
0
0
0.150787
0.232283
0.07874
0.116142
0.124803
0.268504
0.423228
0.767717
0.004724
0.032283
0.024409
0
0
0.006693
0
0.018504
0
0
0
0.008661
0.062992
0.030315
0
0.022441
0.133858
0.178346
0.131102
0.011811
0.08189
0.011811
0
0
0
0.107087
0.333858
0.00315
0
0
0
0
0
0
0
0
0
0
0
0
0
0
0
0
0
0
0
0
0.001969
0.055906
0
0.04252
0
0.04252
0
0
0
0
0
0
0
0
0
0
0
0
0
0
0
0
0
0
0
0.017717
0
0.079921
0.246063
0.058268
0
0
0
0
0
0
0
0
0
0
0
0
0
0
0
0
0
0
0
0
0
0
0
0
0
0
0
0
0
0
0
0.007874
0.026772
0
0
0.003937
0
0
0
0
0
0
0
0
0
0
0
0
0
0
0
0
0
0
0
0.108268
0.492913
0.25315
0.114173
0.139764
0.348425
0
0
0
0
0
0
0.004724
0
0
0
0
0
0
0
0
0
0
0
0
0
0
0
0
0
0
0
0
0
0
0
0
0
0
0.185827
0.354331
0.385827
0.011024
0
0
0
0
0
0
0
0.257087
0.055906
0.200787
0
0
0.007874
0
0.001969
0.203937
0.047244
0.11811
0
0.00315
0.019685
0
0
0
0
0.044094
0.022441
0.011024
0.00315
0
0
0.029528
0.122047
0.001181
0
0
0.001181
0.00315
0.00315
0
0
0.001181
0
0
0.001181
0.001181
0.189764
0.091732
0.008661
0
0
0.001969
0.001969
0
0
0
0
0.068898
0.001969
0.022441
0.006693
0.037402
0.052362
0
0.011811
0
0
0.001969
0.034646
0
0
0
0
0
0
0
0
0
0
0
0
0.156299
0
0
0
0
0
0.004724
0
0.113386
0.011024
0.021654
0.054331
0.017717
0
0.082677
0
0.001181
0.035433
0
0
0
0.030315
0.043307
0.009843
0
0
0.017717
0.001969
0
0
0
0.007874
0.001181
0.003937
0.001181
0.05315
0.005906
0.005906
0.08189
0.05
0.051181
0.041339
0
0
0
0
0.015748
0.00315
0.046063
0.023622
0.06811
0.043307
0.106299
0.027559
0.001969
0.032283
0
0
0.041339
0.152756
0.019685
0.144488
0.016929
0
0
0
0.005906
0
0
0
0
0
0.016929
0.029528
0.041339
0
0.008661
0.027559
0.066929
0.02874
0
0.091732
0.108268
0.033465
0.033465
0.04252
0
0
0
0
0.099606
0.004724
0.00315
0.01378
0.411417
0.110236
0.032283
0
0.007874
0.059055
0.016929
0.064961
0.003937
0
0.192913
0
0.225197
0.114961
0.03937
0
0.014961
0
0
0
0
0
0.038583
0
0.00315
0
0
0
0
0
0
0
0
0
0
0
0
0
0.026772
0.026772
0.003937
0
0
0
0
0
0
0
0
0
0
0
0
0
0
0
0
0
0
0.01378
0.017717
0
0
0
0
0
0.025591
0.020472
0.003937
0
0
0
0
0
0
0
0
0
0
0
0.014961
0.351575
0.018504
0.080709
0
0
0
0
0
0
0
0
0
0
0.044094
0.023622
0.036614
0.155512
0
0
0.012598
0
0
0
0
0
0
0
0
0
0
0
0
0
0.02874
0.027559
0
0
0
0
0.003937
0
0
0
0.003937
0
0
0
0
0
0
0
0
0
0
0
0
0
0.009843
0
0
0
0
0
0
0
0
0
0
0
0
0
0
0
0
0
0
0
0
0.158661
0.178346
0.024409
0.065748
0.109449
0
0
0
0
0
0
0
0.268504
0.28937
0.001181
0
0
0
0
0
0
0
0
0
0
0
0
0
0.074803
0.004724
0
0
0
0
0
0
0
0
0
0
0
0
0
0
0
0
0
0.175984
0.13189
0.001969
0
0
0
0
0
0
0
0
0
0.004724
0.094488
0.137795
0.075591
0.001181
0
0.021654
0.025591
0
0.113386
0.219291
0.324803
0.052362
0.170079
0.274409
0.343701
0.001969
0.167323
0.185827
0.023622
0
0.198031
0.458661
0.281496
0.094488
0.127953
0.069685
0
0.109449
0.098425
0.007874
0.011811
0.059055
0.093701
0.033465
0
0.034646
0.003937
0.046063
0.062992
0.025591
0.018504
0.075591
0.003937
0
0.00315
0
0.046063
0.055118
0.076772
0.022441
0.206693
0.654331
0.314961
0.033465
0.006693
0.011024
0.014961
0.007874
0.001969
0.001969
0.001969
0
0
0.001969
0.007874
0
0.008661
0.004724
0.011024
0.014961
0.00315
0.291339
0.011811
0
0
0
0.045276
0.007874
0
0
0
0
0.01378
0
0
0
0
0
0.055906
0.04252
0.001181
0
0
0
0
0
0.011024
0.109449
0.167323
0.185039
0.179134
0.297244
0.001181
0.124803
0.066929
0.031496
0.001181
0
0
0
0
0
0
0
0.004724
0.165354
0.129134
0
0.007874
0.040157
0
0.001969
0.017717
0
0.011811
0.016929
0.174409
0
0
0
0
0.001969
0.448031
0.048425
0
0
0
0
0
0
0
0
0
0
0
0
0
0
0
0.035433
0.034646
0.022441
0.00315
0.015748
0.179134
0.041339
0.15748
0.08189
0
0
0
0
0
0
0
0
0.003937
0.030315
0.016929
0.425197
0.568898
0.104331
0
0
0
0
0
0
0
0.034646
0.004724
0
0
0
0
0
0
0
0
0.001969
0.001181
0.055118
0
0
0
0.00315
0
0.020472
0
0
0
0.119291
0.070866
0
0
0
0
0
0
0
0
0
0
0
0
0
0
0
0
0
0
0
0.018504
0.084646
0
0
0
0
0
0
0
0
0
0
0
0
0
0
0
0
0
0
0
0
0
0
0
0
0
0
0
0
0
0.003937
0.009843
0
0
0
0
0
0
0
0
0
0
0
0.005906
0.005906
0
0
0
0
0
0
0
0
0
0
0
0
0
0
0
0
0
0
0
0
0
0
0
0
0.014961
0
0
0
0
0
0
0
0
0
0.059843
0
0
0
0
0
0
0
0.012598
0.006693
0
0
0
0
0
0
0
0
0
0
0.004724
0
0
0
0.05
0.004724
0
0
0
0
0
0
0
0
0
0
0
0
0
0
0
0
0
0
0
0
0
0
0
0
0
0
0
0
0
0
0
0
0.05
0.530709
0.266929
0.077953
0.055906
0.096457
0.011811
0.00315
0
0
0.031496
0.004724
0.011811
0
0
0
0
0.00315
0.00315
0
0
0
0
0
0
0
0
0
0
0
0
0
0
0.061024
0.030315
0.04252
0.466535
0.045276
0.136614
0.545276
0.286614
0.055906
0
0.038583
0.011811
0
0
0.00315
0.043307
0.031496
0
0.027559
0.242126
0.122835
0.090551
0.005906
0.007874
0.017717
0
0
0
0.001969
0
0
0
0.019685
0.051181
0.138976
0.209449
0.336614
0.67126
0.004724
0.006693
0.00315
0.00315
0.030315
0.004724
0.08189
0.006693
0.148819
0.316929
0.080709
0.208661
0.00315
0.04252
0.036614
0.058268
0.160236
0.06378
0.001181
0
0
0
0
0
0
0
0
0.112205
0.126772
0.077953
0.114961
0.055906
0.083465
0.00315
0.017717
0.001181
0
0
0
0.001181
0
0
0
0.034646
0.023622
0.007874
0.00315
0
0
0
0
0
0.001181
0
0
0
0.203937
0.492913
0.165354
0.283465
0.001181
0.007874
0
0.005906
0.004724
0.025591
0.014961
0.020472
0.181102
0.043307
0.00315
0
0
0
0.208661
0.129134
0.064961
0.119291
0.057087
0.005906
0.059843
0.001969
0
0
0
0.003937
0.074016
0.051181
0.390945
0.037402
0.022441
0.043307
0
0
0.090551
0.227559
0.064961
0.143701
0.600394
0.107087
0.068898
0.129134
0.061024
0.033465
0.018504
0
0
0.17126
0.175197
0.166142
0.024409
0.285433
0.195669
0.05315
0.194882
0.05
0.011811
0
0
0
0
0
0
0
0
0
0
0
0
0.008661
0
0
0
0.017717
0.003937
0
0
0
0
0
0
0
0
0.001969
0
0
0.001969
0.068898
0
0
0
0
0.007874
0.006693
0
0
0
0.001181
0.122835
0
0
0
0
0
0
0
0
0
0
0
0
0
0.057087
0
0
0
0
0
0
0
0
0
0
0
0
0
0
0.017717
0.179134
0.114961
0.011811
0
0.055118
0
0
0.005906
0
0.006693
0.134646
0.095276
0.011024
0
0
0
0
0
0
0
0
0
0
0
0
0
0
0
0.00315
0.270866
0.040157
0
0
0
0
0
0
0
0
0
0
0
0.003937
0.074016
0
0
0.084646
0.04252
0.237402
0.001181
0
0
0
0
0
0
0
0
0
0
0
0
0
0
0
0
0
0
0
0
0
0
0
0
0.020472
0
0
0.001969
0
0
0
0
0
0
0
0
0
0
0
0
0
0
0
0
0
0
0
0
0.00315
0.020472
0
0.009843
0.080709
0.107087
0.26378
0.023622
0.024409
0.011811
0.026772
0.011024
0.006693
0
0
0.001969
0.005906
0.037402
0.014961
0.011811
0
0.083465
0.027559
0.006693
0
0.011811
0.001181
0.014961
0
0
0.074016
0.222441
0.048425
0.247244
0
0.001181
0.040157
0.325591
0.146457
0.085433
0
0.021654
0.009843
0.163386
0.136614
0.468504
0.512598
0.01378
0.001969
0
0.009843
0.003937
0
0.033465
0
0.232283
0.015748
0.098425
0.007874
0.001181
0.465354
0.061024
0.004724
0.023622
0.411417
0.074016
0.016929
0.017717
0.026772
0.03937
0.068898
0.025591
0.003937
0.007874
0
0.022441
0
0.034646
0.035433
0
0.006693
0
0.062205
0.007874
0.001969
0.001969
0
0.11811
0.201575
0.203937
0.03937
0.015748
0.026772
0.045276
0.138976
0.020472
0.185827
0.011811
0.005906
0.008661
0.037402
0.016929
0
0.026772
0
0
0
0
0.018504
0.004724
0.662598
1.181102
0.168504
0.126772
0
0.017717
0.015748
0.024409
0.178346
0.363386
0.05
0.015748
0
0.059843
0.08189
0.004724
0.014961
0
0.00315
0
0
0
0
0
0
0
0
0
0
0
0
0
0
0
0
0
0
0
0
0
0
0
0.00315
0.062205
0.00315
0
0
0
0
0
0
0
0
0
0
0
0
0.023622
0.124016
0.05315
0
0.033465
0.096457
0.046063
0.120079
0.085433
0.004724
0
0
0
0
0
0
0
0
0
0
0
0
0
0
0.008661
0
0.602362
0.165354
0.004724
0.006693
0.00315
0
0.019685
0
0.254724
0.320866
0.007874
0.247244
0.011811
0
0
0
0
0.04252
0.143701
0.001969
0
0
0
0
0
0
0
0
0
0.04252
0.095276
0.119291
0.006693
0
0
0
0
0
0
0
0.025591
0
0
0
0
0
0
0
0
0.01378
0.001969
0.001181
0.08189
0.044094
0
0
0
0
0
0
0
0
0
0
0
0
0
0
0
0
0
0
0.007874
0
0
0
0
0.011024
0
0
0
0
0
0
0
0
0
0
0
0
0
0
0
0
0
0
0
0
0
0
0
0
0
0
0
0.326772
0.184252
0.017717
0.009843
0.016929
0
0
0
0
0
0
0
0
0
0
0
0
0
0
0
0
0
0
0
0
0
0
0
0.051181
0
0
0
0
0
0
0
0
0.006693
0
0
0
0
0
0
0
0
0
0.114173
0.054331
0
0
0
0
0
0
0.008661
0.435039
0.34252
0.083465
0.298031
0.008661
0.435039
0.465354
0.469685
0.25
0.147638
0.303937
0.08189
0.007874
0
0
0.046063
0.207874
0.131102
0
0
0
0.001181
0
0.00315
0.036614
0
0.001181
0
0
0.009843
0.009843
0.00315
0.001181
0
0
0
0
0
0.10315
0.238189
0.207874
0.06378
0.170079
0.001181
0.001181
0
0
0
0
0.001969
0.011024
0.089764
0.624016
0.113386
0.001969
0
0
0
0
0
0.001969
0
0
0
0
0
0
0
0
0
0
0.018504
0.154331
0.226378
0.02874
0.147638
0.189764
0.234252
0.006693
0.009843
0
0.05315
0.143701
0.116929
0.06378
0.122047
0.044094
0.001969
0
0.024409
0.016929
0
0
0
0
0
0
0
0
0.001181
0.025591
0.017717
0.043307
0.034646
0
0.017717
0
0
0
0
0
0
0.044094
0.035433
0.03937
0
0
0
0.094488
0.219291
0.112205
0.170079
0
0
0
0.049213
0.061024
0.043307
0
0
0
0
0
0.026772
0.008661
0.034646
0.104331
0.001181
0
0
0
0
0
0
0
0
0
0
0
0
0
0
0
0.101575
0.064961
0.122835
0.122047
0.082677
0
0.00315
0.058268
0.057087
0.058268
0.02874
0.001181
0
0
0.099606
0.231496
0.004724
0
0.032283
0.070866
0.023622
0.001181
0.001969
0.022441
0.251969
0.141732
0.009843
0
0.029528
0.137795
0.01378
0.009843
0.009843
0
0.174409
0.152756
0.089764
0
0
0.614173
0.269685
0.001969
0
0.652756
0.037402
0.068898
0.188976
0.433071
0.119291
0.062205
0.664567
0.585827
0.045276
0.001969
0.032283
0
0.065748
1.127953
0.268504
0.15748
0.148819
0.019685
0.001969
0
0
0
0
0
0
0
0
0.075591
0.181102
0
0
0
0
0
0.095276
0.165354
0.124803
0.381102
0.015748
0.001969
0
0
0
0
0
0.223622
0.021654
0.001181
0.031496
0
0
0
0
0
0.004724
0.017717
0.082677
0
0
0
0
0
0
0
0
0
0
0
0
0.035433
0
0
0
0
0
0
0
0
0
0
0
0
0
0
0
0
0
0
0
0
0
0
0
0
0
0
0
0
0
0
0
0
0
0
0
0
0
0
0
0
0
0
0
0
0
0
0
0
0
0
0
0
0
0
0
0
0
0
0
0.018504
0.01378
0
0
0
0
0
0
0.007874
0
0
0
0
0
0.100394
0.174409
0
0.011811
0
0
0
0
0.058268
0.284252
0.230315
0.133858
0.023622
0
0
0
0.001969
0
0.029528
0.004724
0
0
0.017717
0.034646
0.031496
0
0
0
0.001969
0
0
0
0.04252
0.024409
0.100394
0.00315
0.001969
0.001969
0.129921
0
0.298031
0.232283
0.124803
0.11811
0.08189
1.095669
0.793307
0.102362
0.004724
0.007874
0.004724
0.004724
0.095276
0.025591
0.001181
0
0
0
0
0
0.001181
0
0
0.088583
0.149606
0.006693
0.095276
0.119291
0.009843
0.18189
0.287402
0.046063
0.032283
0.034646
0.001969
0.022441
0.112205
0.031496
0
0
0.001969
0
0.001969
0
0.001969
0
0.069685
0.21063
0.246063
0.120079
0.514567
0.287402
0.036614
0.011811
0.192126
0.335433
0.258661
0.303937
0.198031
0.585827
0.466535
0.072047
0.591339
0.019685
0.001181
0
0.011024
0.112205
0.04252
0.012598
0.01378
0.012598
0.011024
0.215354
0.155512
0.034646
0.272835
0.080709
0.070866
0.025591
0.145669
0
0.001969
0.001969
0
0.033465
0.090551
0.016929
0.145669
0.035433
0.298031
0.225197
0.095276
0.011811
0.083465
0.054331
0.035433
0
0.001181
0.001181
0
0
0
0
0
0
0
0
0.194882
0.011811
0
0
0
0
0
0
0
0.122047
0.748819
0.164567
0.070866
0.008661
0.100394
0
0.075591
0.062205
0.032283
0.059055
0.216535
0.06378
0.036614
0.011811
0.045276
0.04252
0.018504
0.049213
0.109449
0
0
0.069685
0.001181
0
0
0.127953
0.077953
0.001181
0.007874
0.033465
0.011811
0.011024
0.011811
0.043307
0.237402
0.169291
0.088583
0.036614
0.011024
0.003937
0.006693
0.017717
0.119291
0.113386
0.070866
0.00315
0
0.258661
0.345276
0.020472
0
0
0.020472
0.047244
0.134646
0.018504
0.004724
0.007874
0
0
0
0
0
0
0
0
0
0
0
0
0.00315
0
0
0
0
0
0
0
0
0
0.004724
0
0.00315
0.02874
0.101575
0.020472
0
0
0.604331
0.014961
0.045276
0.030315
0
0
0.014961
0.014961
0
0
0
0
0
0
0
0
0.003937
0
0.014961
0.001969
0.001969
0
0
0
0
0
0
0
0
0
0
0
0
0.06811
0.25315
0
0
0
0
0
0
0
0
0
0
0
0
0
0
0
0
0
0
0
0
0
0
0
0.031496
0
0.001969
0
0
0
0
0
0
0
0
0
0
0
0.255906
0.037402
0.036614
0
0.01378
0
0
0.023622
0
0
0
0
0
0
0
0
0
0
0
0
0
0
0
0
0
0
0
0
0
0
0
0
0
0
0
0
0
0
0.003937
0
0.001969
0
0.025591
0
0
0.018504
0.001181
0
0
0
0
0
0
0
0
0
0
0
0
0.413386
0.338583
0.01378
0
0
0.011024
0
0
0
0
0
0.076772
0.194094
0.004724
0
0
0
0
0
0
0
0
0
0
0
0
0
0.00315
0.009843
0.036614
0.054331
0.017717
0.061024
0
0.088583
0.065748
0.069685
0.046063
0.047244
0.065748
0.093701
0.161417
0.05315
0.006693
0
0
0.055118
0.001969
0.006693
0.072047
0.015748
0
0
0.125984
0.096457
0.088583
0
0
0.006693
0
0
0
0
0
0
0.003937
0.10315
0.137795
0.011024
0.427165
0.560236
0.244882
0.024409
0
0
0
0
0
0.03937
0.003937
0
0
0.025591
0.175984
0.055118
0
0
0
0
0
0
0.40748
0.254724
0.005906
0
0
0.001969
0.004724
0.018504
0.001969
0
0
0
0
0.032283
0.004724
0
0
0
0
0
0
0
0
0
0
0
0
0
0
0
0
0
0
0
0.00315
0.238976
0.229134
0.019685
0.259843
0.105118
0
0
0.00315
0.030315
0.00315
0
0.043307
0
0.001969
0.366929
0.525591
0.06378
0.001969
0.461811
0.041339
0.058268
0.143701
0.014961
0.011811
0
0
0
0
0.011811
0.004724
0.05315
0
0
0
0
0
0
0
0
0
0.049213
0.170079
0
0
0
0
0.055118
0.201575
0.011811
0.011024
0
0
0
0
0
0
0
0
0
0.017717
0.059843
0.023622
0
0.079921
0.048425
0
0.084646
0.006693
0
0.120079
0.004724
0.037402
0.011811
0.058268
0.040157
0.091732
0
0
0
0
0
0
0
0.129921
0.091732
0.008661
0.113386
0
0.001181
0
0
0.00315
0
0
0
0
0
0
0
0
0
0
0.01378
0
0
0
0
0
0
0
0
0
0
0
0
0.06378
0
0.045276
0.212598
0.024409
0
0
0.048425
0.070866
0.001181
0
0
0
0
0
0
0
0
0
0
0
0
0
0
0
0
0
0
0
0
0
0
0
0
0
0.046063
0
0
0.160236
0.001969
0.008661
0
0
0
0.017717
0.072835
0.111417
0
0
0
0
0
0
0
0
0
0
0
0
0
0
0.026772
0
0
0
0
0
0
0
0
0
0
0
0
0
0
0
0.023622
0.018504
0
0
0
0
0
0
0
0
0
0.007874
0.001969
0.004724
0
0
0
0
0.01378
0
0
0
0
0
0
0
0
0
0
0.016929
0.001969
0.034646
0.270866
0.003937
0
0.009843
0.024409
0
0
0
0
0.109449
0.017717
0.023622
0.155512
0.018504
0.007874
0
0
0.004724
0
0
0
0.05
0.008661
0.048425
0.006693
0
0.033465
0.163386
0.116929
0.341732
0.881102
0.025591
0.144488
0
0
0
0
0
0
0.198819
0.630709
0.442126
0.004724
0
0.001969
0
0
0
0.001969
0
0
0
0.031496
0.06378
0.009843
0.049213
0.004724
0.00315
0.021654
0.027559
0.160236
0.091732
0
0
0
0
0
0
0.046063
0.009843
0
0
0.011811
0
0
0.175197
0.025591
0.049213
0.238189
0.068898
0
0
0
0
0
0
0
0.02874
0.006693
0.006693
0.033465
0.061024
0.051181
0.00315
0.001969
0.006693
0.047244
0.086614
0.009843
0.045276
0.009843
0.022441
0
0
0
0
0.430315
0.478346
0.06811
0.041339
0.041339
0.012598
0.183071
0.251181
0
0.030315
0.014961
0.00315
0
0.001969
0.003937
0
0
0.003937
0.041339
0.004724
0.059055
0.072047
0.004724
0.074803
0.362205
0.10315
0.148819
0.030315
0.070866
0.105118
0.18189
0.06378
0.054331
0.014961
0
0
0
0
0.00315
0.00315
0
0
0
0
0
0
0
0
0.016929
0.014961
0.03937
0.155512
0.051181
0.04252
0.012598
0
0
0.015748
0.055906
0.004724
0.001969
0
0
0
0.007874
0.01378
0
0
0
0.035433
0.062992
0.007874
0.016929
0
0.014961
0.023622
0.007874
0.001969
0
0
0.009843
0.015748
0.05315
0.04252
0.009843
0.05
0.007874
0.007874
0
0
0
0
0.007874
0.00315
0.045276
0.065748
0.05315
0.006693
0
0
0
0
0.054331
0.011811
0
0
0
0
0.015748
0.014961
0.011811
0.041339
0.009843
0
0
0
0
0.014961
0.022441
0
0
0
0
0
0.008661
0.00315
0
0
0
0
0
0
0
0
0
0
0
0.173228
0.041339
0.00315
0.054331
0.124803
0.046063
0.074016
0.261811
0.817717
0.564961
0.488189
0.240157
0.026772
0.003937
0.011024
0.146457
0.003937
0
0
0
0
0
0
0
0
0
0
0
0
0
0
0
0
0
0.049213
0
0
0
0
0
0
0
0
0
0
0
0
0
0
0
0
0
0
0
0
0
0
0
0
0
0
0
0
0.00315
0
0
0
0
0
0
0
0
0
0
0
0
0
0
0.026772
0.069685
0.001969
0
0
0
0
0
0
0
0
0
0
0.024409
0.009843
0
0
0
0
0
0
0
0
0
0
0
0
0
0
0
0
0
0
0
0
0
0
0
0
0
0
0
0
0.006693
0
0
0
0
0.001181
0
0
0
0
0
0
0
0
0
0.001181
0.107087
0.105118
0.003937
0.036614
0
0
0
0.003937
0
0
0
0
0
0
0
0
0
0
0
0
0
0
0
0
0
0
0
0
0.027559
0.045276
0.135827
0.090551
0.038583
0.159449
0.088583
0.024409
0
0.011811
0.016929
0.135827
0.035433
0.009843
0
0.001969
0
0.001969
0
0
0.031496
0
0.00315
0
0
0.001181
0
0
0
0
0
0.006693
0
0
0
0
0
0
0
0
0
0
0.022441
0.019685
0.023622
0.112205
0
0
0.107087
0.111417
0.012598
0.124803
0.072047
0.032283
0.126772
0.029528
0.003937
0.219291
0.012598
0.04252
0
0.020472
0.038583
0.054331
0
0.01378
0.05315
0.011811
0.014961
0.017717
0
0.00315
0
0
0.006693
0.007874
0.007874
0.003937
0
0.007874
0
0
0.020472
0.112205
0.011024
0.062992
0.074016
0.022441
0
0.025591
0
0.003937
0
0
0
0
0
0.006693
0
0
0.155512
0.062205
0.001969
0.027559
0.04252
0.218504
0.125984
0.059055
0.029528
0
0
0
0.001181
0.05
0.192126
0.524409
0.079921
0.064961
0.017717
0
0
0.009843
0.232283
0.253937
0.101575
0.011811
0.003937
0
0.008661
0
0
0
0
0
0
0.034646
0.008661
0.00315
0
0
0.00315
0.312992
0.064961
0.019685
0
0
0.001181
0
0.008661
0.014961
0
0
0
0.049213
0.003937
0
0
0
0.106299
0.301181
0.10315
0.031496
0.011811
0.003937
0
0.020472
0
0
0
0
0
0
0
0
0.02874
0
0
0
0.016929
0.064961
0.04252
0.055118
0.108268
0.052362
0.082677
0.072047
0.061024
0.11811
0.003937
0
0
0
0
0
0.003937
0
0
0
0
0
0
0
0
0
0
0
0
0.001969
0
0
0.017717
0
0.019685
0.851181
0.253937
0.162205
0.072047
0.663386
0.194882
0.004724
0.047244
0.062205
0.192913
0.267717
0.144488
0.045276
0.049213
0.047244
0.048425
0.027559
0
0
0.001969
0.070866
0.044094
0
0
0
0
0
0
0
0
0.016929
0
0
0
0
0
0.00315
0
0
0
0
0
0
0
0
0
0
0
0
0
0
0
0
0
0
0
0
0
0
0.006693
0
0.024409
0.09252
0.014961
0.006693
0
0.017717
0.097244
0.003937
0
0
0
0
0
0
0
0
0
0
0
0
0
0
0
0
0
0
0
0
0
0
0
0
0
0
0
0
0
0
0
0
0
0
0
0.006693
0
0
0
0
0
0
0
0
0
0
0
0
0
0
0.011024
0
0
0
0
0
0.062205
0.001181
0
0
0
0
0
0
0
0.517717
0.188976
0.083465
0.01378
0
0
0.152756
0.014961
0.003937
0
0
0
0
0.116142
0.037402
0.017717
0.003937
0
0
0
0
0
0
0.070866
0.090551
0
0
0.012598
0.001181
0.052362
0.093701
0.015748
0.001969
0
0
0.027559
0.046063
0.001969
0.089764
0.04252
0.027559
0.001181
0
0.001969
0.468504
0.098425
0
0
0
0
0.003937
0.003937
0
0
0.003937
0
0
0
0
0.110236
0.110236
0.055906
0.061024
0
0.015748
0.003937
0.003937
0
0.020472
0.062992
0.03937
0
0
0
0.001969
0.012598
0
0.052362
0.05
0.048425
0.10315
0.007874
0
0.003937
0.025591
0.004724
0
0.083465
0.018504
0.001181
0.151575
0.389764
0.165354
0.003937
0
0.006693
0.034646
0.21378
0.312205
0.296457
0.074803
0.033465
0.004724
0.120079
0.114961
0.09252
0
0
0.007874
0.011811
0.003937
0.038583
0.00315
0.01378
0.062205
0.034646
0.011024
0
0.006693
0.01378
0.001181
0.018504
0
0
0.014961
0.006693
0.00315
0.00315
0
0
0
0
0
0.001181
0.011811
0.018504
0.271654
0
0
0.036614
0.01378
0.051181
0.009843
0.00315
0
0
0.029528
0.011811
0.00315
0
0.052362
0.059055
0
0.005906
0
0
0
0
0
0.00315
0
0
0.011811
0.01378
0.018504
0
0
0.150787
0.140945
0.011811
0.001969
0.02874
0.004724
0.016929
0.027559
0.007874
0
0
0
0.00315
0.027559
0.016929
0.017717
0.04252
0
0
0
0
0.007874
0.311024
0.255906
0
0
0
0
0.12126
0.423228
0.106299
0.009843
0
0
0
0
0
0
0
0
0.008661
0.06811
0.21378
0.093701
0.003937
0
0
0
0
0.001969
0.03937
0.01378
0.007874
0.007874
0.00315
0.12126
0.006693
0.008661
0.035433
0.011024
0.027559
0
0
0.02874
0.087402
0.023622
0.04252
0.3
0.021654
0
0
0.025591
0.30315
0.014961
0.004724
0
0
0
0
0
0
0.058268
0.004724
0
0
0
0
0.411417
0.018504
0
0
0
0
0
0
0
0
0
0
0
0
0
0
0
0
0
0
0
0
0
0
0
0
0
0
0
0
0
0
0.049213
0.03937
0
0
0
0
0
0.01378
0
0
0
0
0
0
0
0
0.011024
0
0
0
0
0
0
0
0
0
0
0
0
0
0
0
0.131102
0.094488
0.011024
0.098425
0.00315
0
0
0
0
0
0
0
0.079921
0.007874
0
0
0
0
0
0
0
0
0.012598
0.035433
0.012598
0
0
0
0
0
0
0
0
0
0
0
0
0
0.036614
0
0.016929
0.07874
0
0
0
0
0
0
0
0
0
0
0
0
0
0
0.023622
0.48937
0.496063
0.398425
0.035433
0.091732
0.037402
0.001181
0.041339
0.008661
0
0
0
0
0
0.020472
0.146457
0.031496
0.022441
0.057087
0.001969
0
0
0
0
0
0
0.054331
0.107087
0.06811
0.139764
0.06811
0.007874
0
0
0
0.033465
0
0.004724
0
0.062992
0.590551
0.105118
0
0.131102
0.089764
0
0
0.06811
0.02874
0.06378
0.038583
0.235039
0.158661
0.007874
0.012598
0.015748
0.051181
0.490157
0.124803
0.007874
0
0.00315
0
0
0.161417
0.020472
0.269685
0.037402
0.005906
0
0.129921
0.020866
0.002756
0.005906
0.005906
0.002756
0.002756
0
0
0.002756
0.217717
0.358661
0.449606
0.088189
0.005906
0.053937
0.007874
0.005906
0
0
0
0.002756
0.005906
0.002756
0.002756
0
0.002756
0.002756
0.157087
0.082283
0.006693
0.002362
0.002362
0.002362
0.002362
0
0.002362
0.002362
0
0.002362
0
0
0
0.102362
0.559449
1.082677
0.466142
0.306693
0.170079
0.076772
0.046457
0.051969
0.018898
0.002362
0.092126
0.072441
0.007874
0.00315
0.012205
0.321654
0.504331
0.069685
0.042913
0.462598
0.24685
0.071654
0.099606
0.074409
0.235827
0.051575
0.124803
0.714961
0.38189
1.070472
0.477953
0.252362
0.568898
1.201969
1.18937
0.153937
0.268504
0.828346
0.868898
0.629528
0.623228
0.170472
0.032677
0.003543
0
0.002756
0
0
0.002362
0
0
0.024016
0.053937
0.011417
0
0.002362
0.002362
0.04252
0.046063
0.116535
0.35748
0.087008
0.073228
0.064961
0
0.411024
0.190945
0.03189
0.249606
0.187008
0.074016
0.005118
0.851181
0.514567
0.001575
0
0
0
0
0
0
0
0
0
0
0
0
0
0
0.202756
0.422047
0.339764
0.493701
0.134646
0
0
0
0
0
0.16378
0.593307
0.166142
0.073228
0.049606
0.018898
0.085039
0.487008
0.374016
0.116929
0.039764
0.112205
0.056693
0.048425
0.014567
0
0
0
0.002362
0
0
0
0
0
0
0
0
0
0
0
0
0
0
0
0.459449
1.217323
0.258661
0.00315
0
0
0
0
0
0
0
0
0
0
0
0
0.046063
0.025984
0
0
0
0.11811
0.017323
0
0
0
0
0
0
0
0
0
0
0
0
0
0
0
0
0
0
0
0
0
0
0
0
0
0
0
0
0
0
0
0
0
0
0
0
0
0
0
0
0
0
0
0
0
0
0
0
0
0
0
0
0
0
0.009055
0.004724
0
0
0
0
0
0
0
0
0
0
0.038189
0.058268
0.003543
0
0
0
0
0
0.082677
0.477165
0.801575
0.733071
0.275591
0
0
0.311024
0.693307
0.083465
0
0
0.001969
0.001969
0.001969
0
0
0
0
0
0
0
0.001969
0
0.001969
0
0.001969
0
0
0
0
0.011811
0.031102
0.007087
0.349606
0.134252
0.003937
0
0
0
0
0
0
0
0
0.007087
0.01811
0.132283
0.198425
0.176378
0.287402
0.343307
0.517717
0.299213
0.037795
0.002756
0.006299
0
0.002756
0.002756
0.002362
0
0
0
0
0.002362
0.002362
0
0
0.002362
0
0
0
0.06378
0.116142
0.002362
0.002362
0.007874
0.004331
0
0
0.002362
0.002362
0
0
0
0.007087
0.050394
0.07874
0.206299
0.065748
0.000787
0
0.002756
0
0
0
0.002756
0
0
0
0
0
0.009449
0.002756
0.004724
0.003937
0.21378
1.107874
1.404331
1.606693
0.646457
0.590551
0.317323
0.321654
0.409055
0.055906
0.002756
0
0.003937
0.007874
0.1
0.080315
0
0
0
0.009843
0.118898
0.247244
0.065748
0.02874
0.03622
0.030709
0.250787
0.144094
0.009843
0.006693
0
0
0.004331
0.048425
0.027559
0
0.005512
0.006693
0.007874
0.004331
0.002362
0.026378
0.447244
0.516535
0.205512
0.005118
0.001181
0
0
0
0
0
0
0.030315
0.080709
0.4
0.616535
0.516929
1.094882
0.848819
0.12874
0.006299
0.113386
0.226772
0.137795
0.040157
0.077953
0.474409
0.433858
0.523228
1.455512
0.702362
1.12874
0.99252
0.301181
0.034646
0.014173
0.129134
0.103543
0.099606
0.006299
0
0
0.070472
0.305906
0.661811
0.79252
0.413386
0.043307
0
0
0
0.026772
0.017717
0
0
0
0
0.001575
0.064961
0.055118
0.001575
0
0
0
0
0.025984
0.153543
0.080315
0
0
0
0
0
0
0
0
0
0
0
0
0
0
0
0
0
0
0
0
0.003937
0.002362
0
0
0
0
0
0
0
0.075984
0.140945
0.056693
0
0
0
0
0
0
0
0
0
0
0
0
0
0
0
0.027165
0.146457
0.133858
0.06378
0.012205
0.005512
0
0
0.019291
0.057874
0
0
0
0
0
0
0
0
0
0
0
0
0
0
0
0.037402
0.24252
0.077953
0
0
0
0
0
0
0
0
0
0
0
0
0
0
0
0
0
0
0
0
0
0
0
0
0
0
0
0
0
0
0
0
0
0
0
0
0
0
0
0
0
0
0
0
0
0
0
0
0
0
0
0
0
0
0
0
0
0
0
0
0
0
0
0
0
0
0
0
0
0
0
0
0
0
0
0
0
0
0
0
0
0
0
0
0
0
0
0
0.001181
0
0
0
0
0
0.283071
0.257874
0.194094
0.147244
0.005512
0
0.001181
0.004331
0.001969
0.052362
0.430315
0.187402
0.006299
0.002756
0.002756
0.006299
0
0
0.075984
0.040157
0.001969
0.000787
0.03937
0.059055
0.007087
0.003937
0.316535
0.548819
0.255118
0.505512
1.087795
0.46063
0.002756
0
0.000787
0
0.002756
0.093307
0.663386
1.693701
1.405512
1.601575
1.146063
0.374409
1.220472
0.520866
0.002362
0
0
0
0.081496
0.275197
0.023622
0
0.000787
0.433071
0.677559
0.303937
0.569291
0.421654
0.616535
0.849606
0.738583
0.555906
0.234646
0.50748
0.241732
0.009843
0.062205
0.029134
0.022047
0.012205
0
0
0
0.020079
0.151575
0.063386
0.020079
0.020866
0.022047
0.014173
0
0
0
0
0
0
0
0
0
0
0
0.033858
0.426378
0.192913
0.033071
0.01811
0.003937
0.001969
0
0.007874
0.003937
0.00315
0
0
0
0.023228
0.084646
0.12874
0.033071
0
0
0.002362
0
0
0
0
0
0
0.037402
0.07126
0.02874
0.005512
0.016535
0.005512
0.001181
0
0
0
0
0
0.001181
0
0.042913
0.558661
0.417323
0.012598
0
0.003543
0
0
0
0
0
0
0
0
0.011024
0.333071
0.325591
0.020079
0
0
0.009055
0.079528
0.057087
0.029134
0.022835
0.010236
0.505906
0.498031
0.094882
0.016929
0.193307
0.692913
0.209843
0.066535
0.159055
0.064961
0
0
0
0
0
0
0.005118
0
0
0
0
0
0
0
0
0
0
0
0
0
0
0
0
0
0
0
0.009449
0.02126
0.076378
0.379921
0.159055
0
0
0
0
0
0
0.001575
0
0
0
0
0.002362
0.001575
0
0
0
0.080315
0.195669
0.059055
0.003937
0
0
0
0
0
0
0
0
0
0
0
0
0
0
0
0
0
0
0
0
0
0
0
0.00315
0.120079
0.32874
0.620472
0.257874
0
0
0
0
0
0.06063
0.196063
0.014567
0.002756
0
0
0
0
0
0
0
0
0
0
0
0
0
0
0
0
0
0
0
0
0
0
0
0
0
0
0
0
0
0
0
0
0
0
0.006693
0.041732
0.017323
0
0
0
0
0
0
0
0
0.006693
0.006693
0.016142
0
0.025197
0.225591
0.007874
0
0
0
0
0
0
0
0
0
0
0
0
0
0
0
0
0
0
0
0
0
0
0
0
0.206299
0.367717
0.109055
0.01378
0
0.024803
0.01378
0
0.054724
0.362598
0.227165
