start_date: 1960-10-01 24:00
start_date: 2013-09-30 24:00
data_date: 1960-10-01 24:00
timestep: 1 DAY
units: in/day
scale: 1.000000
#Series Slot: Copco 1 Reservoir.Precipitation Rate [1 in/day]
0
0
0
0
0.061024
0.701969
0.444882
0.006693
0
0
0.003937
0.038583
0
0
0
0
0
0.011811
0
0
0
0
0
0
0.001181
0.229134
0
0
0
0
0
0
0
0
0
0
0
0
0
0
0.009843
0.169291
0.088583
0.258661
0.270866
0.086614
0.048425
0.070866
0.573622
0
0.011024
0.041339
0.001181
0.675984
0.849606
1.635827
0.314961
0.040157
0
0
0.082677
2.346457
0.262992
0.009843
0
0
0
0
0
0
0
0
0
0
0
0.005906
0.14252
0.996063
0.10315
0.024409
0
0
0
0
0
0.001969
0
0
0
0
0
0
0
0
0
0
0
0
0.001181
0.054331
0.069685
0.00315
0
0
0.044094
0.00315
0
0
0
0
0
0
0
0.001181
0.145669
0
0
0
0
0.001181
0.022441
0.074016
0.997244
0.01378
0.431102
0.023622
0.007874
0
0.21378
0.001969
0.185039
0.37874
0.280315
0.875197
0.091732
0.003937
0.01378
0.247244
0.030315
0.052362
0.02874
0
0
0.049213
0.03937
0
0.004724
0.12126
0.032283
0.17126
0.003937
0.079921
0.001181
0.001181
0.001969
0.381102
0.058268
0
0.008661
0.059843
0.127953
0.188189
0.046063
0.005906
0.004724
0.448031
0.052362
0.029528
0
0.040157
0.025591
0.00315
0.156299
0.03937
0.324016
0.312992
0.286614
0.059843
0.016929
0
0
0
0
0
0
0
0
0
0
0
0
0
0
0.052362
0
0
0
0
0
0.005906
0
0.016929
0.101575
1.25315
0.082677
0
0
0
0
0
0.037402
0.001181
0.141732
0
0.009843
0.035433
0.116142
0.181102
0
0
0.175984
0.183071
0.312992
0.001969
0
0
0
0
0
0
0
0.008661
0
0
0
0
0.004724
0.085433
0
0
0.133858
0.280315
0.011024
0.070866
0.386614
0.001181
0
0.001969
0.243307
0
0.001969
0
0.007874
0.122835
0
0
0
0
0
0
0
0
0
0
0
0
0
0.061024
0
0
0
0
0
0
0
0
0
0
0
0
0
0
0
0
0.01378
0.001969
0
0
0
0
0
0
0
0
0
0
0
0
0
0
0
0
0
0
0
0
0.011024
0.005906
0.199606
0
0
0.001181
0
0
0.009843
0
0.016929
0
0
0
0
0
0
0
0
0
0
0
0
0
0
0
0.011811
0
0
0
0
0
0
0
0
0
0
0
0
0
0
0
0
0.018504
0.60748
0.488189
0.022441
0
0
0
0
0
0
0
0
0
0
0
0
0
0
0
0
0
0
0
0
0
0.014961
0.716535
0.097244
0
0
0
0
0
0
0.015748
0.00315
0.003937
0
0.025591
0
0.008661
0.173228
2.567717
0.216535
0
0
0.008661
0
0.014961
0.140945
0
0
0
0
0
0
0.034646
0.001969
0
0
0
0
0
0
0
0.01378
0.163386
0.116142
0.11811
0.113386
0.881102
2.018898
0.011024
0
0.001969
0.072047
0.098425
0.211811
0.317717
0.015748
0.004724
0.031496
0
0
0
0
0.001181
0.001969
0
0.021654
0.765748
0.007874
0.007874
0.147638
0.155512
0.969291
0.662598
0.280315
0
0
0.00315
0.088583
0
0.001181
0
0
0
0
0
0
0
0
0
0.055118
0
0
0
0
0.011024
0.383071
0.096457
0.005906
0.026772
0
0.00315
0.356299
0.668504
0.695669
0
0
0
0
0
0
0
0
0
0
0
0
0
0
0
0
0.015748
0.152756
0.153543
0.170079
0.015748
0.038583
0.281496
0.247244
0.077953
0.194094
0.122835
0.001969
0.051181
0.004724
0
0
0
0.011024
0.058268
0
0.001181
0.001181
0.030315
0.059843
0.283465
0.007874
0
0.036614
0.04252
0.029528
0.011811
0.166142
0.031496
0.027559
0.001969
0
0
0
0
0
0
0.014961
0.155512
0.006693
0.122047
0
0.224409
0.086614
0.001969
0
0
0
0
0
0
0
0
0
0
0
0
0
0
0
0
0
0
0
0
0
0
0
0.009843
0.06811
0
0
0
0
0
0
0.429134
0.04252
0.015748
0.00315
0.102362
0.129134
0.004724
0
0
0
0.012598
0.097244
0.09252
0.318898
0.247244
0.001181
0.008661
0
0.001181
0
0.011811
0
0
0.044094
0
0.093701
0.467717
0.018504
0.04252
0.001181
0
0.008661
0
0
0
0
0.017717
0.083465
0
0
0
0
0
0
0
0
0
0.015748
0
0
0
0
0
0
0
0
0
0.00315
0
0
0
0
0
0
0
0
0
0
0
0
0
0
0
0
0
0.001181
0.031496
0
0
0
0
0
0
0
0
0
0
0
0
0.008661
0
0
0
0
0.001969
0
0
0
0
0
0
0.032283
0.11811
0.219291
0.134646
0.003937
0
0
0
0
0
0
0
0
0
0
0
0
0
0
0
0
0
0
0
0
0
0
0
0
0
0
0
0
0
0
0
0
0
0
0
0
0
0
0
0
0
0
0
0
0
0
0
0
0.450787
0.024409
0
0
0.029528
0.619291
0
0
0
0.008661
0.509843
2.577559
1.662205
0.896457
2.070079
0.979528
0.131102
0.10315
0
0
0
0
0
0
0
0
0
0
0
0
0
0
0
0
0
0
0
0.001181
0.027559
0
0
0.001969
0.264567
0.003937
0.318898
0.622835
0.007874
0.001181
0.008661
0.049213
0.144488
0.023622
0
0.001969
0.03937
0.159449
0
0
0.101575
0.709449
0.148819
0.021654
0
0.012598
0.290551
1.937008
0.188976
0
0
0
0
0
0
0
0
0.020472
0.035433
0.025591
0.679134
0.091732
0.416142
0
0
0
0
0
0
0
0
0
0
0
0
0
0
0
0.001969
0.024409
0
0
0
0
0
0
0
0
0
0
0
0
0
0
0
0
0
0
0
0
0
0
0
0
0
0.052362
0.897638
1.033465
0.741339
0.10315
0.740157
0.165354
0.054331
0.083465
0.001969
0
0
0
0
0.043307
0.005906
0
0.001181
0.225197
0.062992
0.145669
0.025591
0.336614
0
0
0
0
0.049213
0.178346
0.001181
0.077953
0
0.035433
0
0
0.059843
0.075591
0
0
0
0
0
0
0.009843
0.162205
0.037402
0.066929
0.001969
0
0
0
0
0
0
0
0
0.129134
0.296457
0.375984
0.070866
0.049213
0.033465
0.008661
0
0
0
0.396457
0.744094
0.179134
0.034646
0.188976
0.137795
0.040157
0.001181
0.020472
0.653543
0.153543
0.005906
0.009843
0.079921
0.232283
0.293307
0
0
0
0
0
0
0
0
0
0
0
0.025591
0.303937
0.194882
0
0.014961
0.336614
0.029528
0.054331
0.095276
0.102362
0
0
0.001969
0
0
0
0
0
0.001181
0.080709
0.006693
0
0
0
0
0
0
0.003937
0
0
0
0.007874
0.001181
0.014961
0.160236
0
0
0
0.00315
0
0
0
0
0
0
0.00315
0
0
0.693701
0.004724
0.007874
0.181102
0
0
0
0.001181
0.28937
0.312205
0.046063
0
0
0
0
0
0.00315
0.003937
0.005906
0
0
0
0
0
0.011811
0
0
0
0.007874
0
0
0
0
0
0
0
0
0
0
0
0
0
0
0
0
0
0
0
0
0
0
0
0
0
0
0
0
0
0
0
0
0
0
0
0
0
0
0
0
0
0
0
0.007874
0.065748
0
0
0
0
0
0
0
0
0
0
0
0.014961
0.137795
0.001181
0.036614
0
0.001969
0
0
0
0
0
0
0
0
0
0
0
0
0
0
0
0
0
0.045276
0.238976
0.00315
0
0
0.037402
0.650394
0.041339
0
0
0
0
0
0
0
0
0.025591
0.330709
0.695669
0.179134
0.184252
0
0.001181
0.040157
0.038583
0
0
0
0
0.004724
0.137795
0.041339
0.277559
0.04252
1.085827
0.41063
0
0
0.001181
0.038583
0.887795
0.080709
0.044094
0
0.022441
0.14252
0.005906
0
0.065748
0.429134
0.101575
0
0.00315
0
0
0
0
0
0
0
0
0.00315
0
0.012598
0.112205
0.240945
0
0
0
0
0
0
0
0
0
0
0.112205
0
0
0
0
0
0.093701
0.170079
0.473228
0.055906
0
0.011811
0.011811
0.209449
0
0
0.00315
0.492913
0.129134
0
0.126772
0.04252
0
0
0.05315
0.055118
0
0.242126
0.583465
0.06811
0.511024
3.213386
0.174409
0.064961
0.079921
0.159449
0.003937
0
0
0
0.045276
0
0.170079
0
0
0
0
0
0
0
0
0
0.001969
0
0.001969
0.05
0.001969
0.281496
0.090551
0.005906
0
0
0
0
0
0
0
0
0
0
0.00315
0
0.248819
0.033465
0.036614
0.237402
0.116142
0.076772
0.001181
0.008661
0.003937
0
0.268504
0.298031
0.022441
0.004724
0
0
0
0
0
0.00315
0.109449
0.059055
0.177165
0.234252
0.004724
0
0
0
0
0
0.020472
0.37874
0.011024
0
0.001181
0.023622
0
0
0
0.003937
0.072047
0
0
0
0
0
0
0
0
0
0
0
0.038583
0.068898
0
0.001181
0
0
0.001969
0.00315
0.014961
0.059055
0.047244
0.287402
0.019685
0.014961
0.001969
0
0
0
0
0
0
0
0
0
0.011811
0.059055
0
0
0
0
0
0
0
0
0.016929
0.179921
0.109449
0
0
0
0.070866
0
0.001181
0.05
0.043307
0.788189
0.670079
0.06811
0.069685
0.034646
0
0
0
0.01378
0.192913
0.029528
0.008661
0.055118
0
0
0
0
0
0
0
0
0
0
0
0
0
0.044094
0
0.06378
0
0
0
0
0
0
0.004724
0.001181
0.006693
0.001969
0
0
0
0
0
0
0
0
0
0
0
0
0
0.001181
0.007874
0.156299
0.006693
0.184252
0
0
0
0
0
0
0
0
0
0
0
0
0
0
0
0
0
0
0
0
0
0
0
0
0
0
0
0
0
0.003937
0.06378
0
0
0
0
0
0
0
0
0
0
0
0
0
0
0
0
0
0
0
0
0
0
0
0
0
0
0
0
0
0
0
0
0
0
0
0
0
0
0
0
0
0
0
0
0
0
0
0
0
0
0
0
0
0
0
0.017717
0.06378
0.194094
0.043307
0.00315
0.066929
0.120079
0
0.003937
0.001181
0
0
0.31378
0.312992
0.089764
0.100394
0.198031
0.080709
0.016929
0
0
0
0
0
0
0
0.048425
0
0.084646
0.231496
0.096457
0.008661
0.165354
0.026772
0.360236
0.531496
0.653543
0.06378
0.001969
0.058268
0.001969
0.024409
1.074803
0.145669
0.541339
0.114173
0
0
0.038583
0.285433
0
0
0.016929
0.634646
0.177165
1.781496
3.707874
1.55315
0.798031
0.3
0.268504
0.215354
0.04252
0.096457
0.271654
0.356299
0.00315
0.037402
0.336614
0.032283
0.511811
0.53937
0.135827
0.011811
0.693701
0.255906
0.610236
0
0
0
0
0
0
0
0.001181
0
0.045276
0.001181
0.344488
0.167323
0.005906
0.06378
0.001969
0.038583
0.183071
0.022441
0
0
0
0
0
0.004724
0.001969
0
0.00315
0.018504
0
0
0
0.016929
0.00315
0
0
0
0
0
0
0
0
0
0
0
0.059055
0.491339
0
0.041339
0
0
0
0
0
0
0
0
0
0.00315
0.001181
0
0
0
0
0
0
0
0
0
0
0
0
0.001969
0.046063
0
0
0
0
0.058268
0.737402
0
0
0.001181
0.129921
0.314961
0
0
0.018504
0.170079
0.009843
0
0
0.007874
0.087402
0.254724
0.016929
0.354331
0.21063
0.012598
0.059055
0.05
0
0
0
0
0
0
0
0
0.003937
0
0
0.00315
0.009843
0.08189
0
0
0
0
0
0
0.001969
0
0
0
0
0
0.068898
0.004724
0.093701
0.008661
0.001969
0
0
0
0
0
0.003937
0
0
0
0
0
0
0
0
0
0
0
0
0.001181
0.001181
0.004724
0.272835
0.009843
0.029528
0.205512
0.008661
0
0
0
0
0.001181
0
0.007874
0
0
0
0
0.303937
0.036614
0
0
0
0
0
0
0
0
0
0
0
0
0
0
0.02874
0.161417
0
0
0
0
0
0
0.004724
0.072047
0
0
0
0
0
0
0.023622
0
0.040157
0
0
0
0
0
0
0.006693
0.149606
0.065748
0
0
0
0
0.055118
0.584646
0.027559
0.007874
0.001181
0
0.007874
0.218504
0.458661
0.001181
0
0
0
0
0
0
0
0
0
0
0
0
0
0
0
0
0
0
0
0
0
0
0
0
0
0
0
0
0
0
0
0
0
0
0
0
0
0
0.003937
0.150787
0
0
0
0
0
0
0
0
0.032283
0.035433
0.001181
0
0
0
0
0
0
0
0
0
0
0
0
0
0
0
0
0
0.009843
0.173228
0
0
0.076772
0.230315
0
0.016929
0.287402
0.469685
0.016929
0.017717
0.091732
0.001181
0.153543
0.026772
0.934252
0
0
0.001969
0.072835
0.322047
0.299213
0.058268
0.016929
0
0
0
0
0
0
0.020472
0.254724
0
0.021654
0
0
0
0
0
0
0
0
0
0
0
0
0
0.061024
0
0.038583
0.761024
0.155512
0
0.061024
0.593307
0.145669
0.007874
0.08189
0.007874
0.036614
0.208661
1.83937
1.01063
0.718504
0.005906
0.151575
0
0.055906
0.055118
0
0
0.005906
0.06378
0
0
0
0
0
0.00315
0.437795
0.015748
0.008661
0
0
0
0.003937
0
0.016929
0
0.004724
0
0
0
0.07874
0.113386
0.015748
0
0.019685
0.228346
0.004724
0.020472
0
0
0
0
0
0
0
0.02874
0
0.001969
0.007874
0.04252
0.003937
0.06811
0
0.004724
0.03937
0.108268
0.001181
0
0.00315
0.087402
0.139764
0.030315
0.032283
0.560236
0
0
0
0.001181
0.131102
0.137795
0.011811
0.014961
0.286614
0.007874
0.001181
0
0
0
0
0
0
0
0
0
0
0
0
0
0
0
0
0
0
0.088583
0.216535
0.033465
0.09252
0
0
0
0
0
0
0
0
0
0
0
0
0
0
0
0
0
0
0
0
0
0.00315
0.031496
0
0
0.01378
0.048425
0
0
0
0
0
0
0
0
0
0
0
0
0
0
0
0
0
0.011024
0.004724
0.01378
0.155512
0.188189
0.006693
0.024409
0.070866
0
0
0.024409
0.178346
0.001181
0.006693
0
0
0
0
0
0.001181
0.029528
0
0
0
0
0
0
0.072835
0
0
0
0
0
0
0
0.015748
0.03937
0
0
0
0
0
0
0
0.004724
0
0
0
0.045276
0
0
0
0
0
0
0
0
0
0
0
0
0
0
0
0
0
0
0
0
0
0
0
0
0
0
0
0
0
0
0
0
0
0
0.03937
0
0
0
0
0
0
0.021654
0.522441
0
0
0
0
0
0
0
0
0
0
0
0
0
0
0
0
0
0
0
0
0
0.059055
0.373228
0
0
0
0
0
0
0
0
0
0
0
0
0
0
0
0
0
0
0
0
0
0
0.008661
0.020472
0.038583
0
0
0
0
0
0
0.011811
0.043307
0.110236
0.178346
0
0
0
0
0
0
0
0
0
0
0
0
0.026772
0.34252
0.001181
0
0.00315
0.070866
0.440945
0.12126
0.161417
0.021654
0.177165
0.438976
0
0.024409
0.087402
0.97126
0.430315
0.230315
0
0
0.008661
0.045276
0.008661
0.310236
0.17126
0.062205
0.467717
1.044094
0.231496
0.258661
2.248031
0.009843
0.057087
0.059055
0.311024
0.145669
0.006693
0.098425
0.324016
0.016929
0
0
0
0
0
0.001181
0
0
0.023622
0.006693
0.131102
0.001969
0
0
0.033465
0.021654
0.001181
0.036614
0
0
0.024409
0.125984
0
0
0
0
0
0
0.005906
0.135827
0
0
0
0
0
0.00315
0.935039
1.283465
0.023622
0.012598
0.001181
0.05
0.978346
0.265748
0.291339
0.21063
0.145669
0.007874
0
0
0
0
0
0
0
0
0
0
0
0
0.047244
0.038583
0.074016
0.024409
0.273622
0
0
0
0
0
0
0.005906
0.072835
0
0
0.001181
0.136614
0
0
0
0
0
0
0
0.018504
0.944094
0.622835
0.001181
0.048425
0.004724
0.020472
0.636614
0.005906
0.109449
0.044094
0.005906
0
0.007874
0.05315
0
0
0
0
0.059843
0.047244
0.011811
0.007874
0
0
0.049213
0
0.03937
0.286614
0.040157
0
0.001969
0.036614
0
0
0.033465
0.031496
0.09252
0.022441
0.583465
0.189764
0.015748
0
0
0.032283
0.072047
0.040157
0.054331
0.034646
0.381102
0.00315
0.031496
0.015748
0
0
0
0
0
0
0
0.008661
1.093307
0.519685
0.051181
0.091732
0
0
0
0
0.004724
0
0
0
0
0
0
0
0
0
0.001181
0
0
0.011811
0.246063
0.56378
0.014961
0.026772
0
0.027559
0
0
0
0
0
0
0
0
0
0
0
0
0.001969
0.035433
0.03937
0.479528
0
0
0
0
0
0
0
0
0
0
0
0
0
0
0
0
0
0
0
0
0
0
0
0
0
0
0
0
0
0
0
0
0
0
0
0
0
0
0
0
0
0
0
0
0
0
0
0
0
0
0
0
0
0
0
0
0
0
0
0
0
0
0
0
0
0
0
0
0
0
0
0
0
0
0
0
0
0
0
0
0
0
0
0
0
0
0.001969
0.089764
0.131102
0
0
0
0
0
0
0
0
0
0
0
0
0.014961
1.062992
0.136614
0.031496
0.181102
0
0
0
0
0
0
0
0
0
0
0
0
0
0
0.00315
0.286614
0.005906
0
0.001181
0.147638
0
0.012598
0.096457
0
0
0
0
0
0
0
0
0
0
0.012598
0.083465
0
0
0
0.049213
0.29252
0
0
0.001181
0
0
0
0
0
0
0
0
0
0.034646
0.069685
0.622047
0.022441
0.018504
0.195669
0.062992
0.318898
1.007874
0.033465
0.891732
0
0
0.001969
0.001181
0.001181
0
0
0
0.00315
0.089764
0.695669
0.001181
0
0.043307
0
0
0
0
0
0
0
0
0
0.001969
0.003937
0
0
0
0
0
0
0.023622
0.07874
0.820866
0
0
0.011811
0.861417
0.163386
0.125984
0
0
0
0
0
0
0
0
0.003937
0.080709
0.011811
0.061024
0.033465
0.107087
0
0.001181
0.074016
0.061024
0
0
0
0
0
0.001181
0
0
0
0
0
0
0.003937
0.058268
0.003937
0.077953
0.309055
0.46063
0.527559
0.688189
0
0
0
0
0
0
0
0
0
0.006693
0.065748
0
0.155512
0
0
0
0.00315
0.155512
0.166142
0.091732
0.001181
0.08189
0.422441
0.011024
0
0
0
0
0
0.021654
0.265748
0
0
0
0
0
0
0.021654
0.127953
0
0.005906
0.051181
0
0
0
0
0
0
0
0
0
0
0
0
0.001181
0
0
0
0
0.251969
0
0
0
0
0
0
0
0
0
0
0
0
0
0
0
0
0.019685
0.290551
0.022441
0.19685
0
0
0
0
0.001181
0.101575
0.194094
0.07874
0.003937
0.022441
0.003937
0
0
0
0
0
0
0
0
0.080709
0.019685
0.017717
0.282677
0.001181
0
0
0
0
0
0
0
0
0
0
0
0
0.001969
0
0
0
0
0
0
0
0
0
0
0
0
0
0
0
0
0
0
0
0
0
0
0
0
0
0
0
0
0
0
0
0
0
0
0
0
0
0
0
0
0
0.009843
0.099606
0.004724
0.001181
0
0
0
0.00315
0.107087
0
0
0.001181
0
0.003937
0.11811
0.011024
0.062205
0.006693
0.125984
0.354331
0.00315
0
0
0
0
0
0.172441
0.001969
0
0
0
0
0
0
0
0
0
0
0
0
0
0
0
0
0.009843
0.059055
0
0
0
0.054331
0.007874
0.024409
0
0
0
0
0
0
0
0
0
0
0
0
0
0
0
0
0
0
0
0
0.14252
0.653543
0
0.094488
0.015748
0
0.001181
0
0.015748
0.494882
0
0
0
0
0
0
0
0
0.26378
0.230315
0
0.008661
0.084646
0.009843
0.007874
0.124016
0.008661
0.061024
0.055906
0.216535
0.003937
0.127953
0.658661
0
0.248031
0.332677
0.001181
0.119291
0.358268
0
0
0.119291
0.00315
0.006693
0.28937
0.198819
0
0
0
0.066929
0.325591
0.215354
0.101575
0
0
0.043307
0
0.004724
0.04252
0.029528
0.742126
0.229134
0
0.018504
0.147638
0.377953
0.251969
0.072835
0.066929
0.120079
0
0.001969
0.126772
0.285433
0.020472
0.152756
0.548425
0.004724
0.020472
0.001969
0.005906
0.001969
0.034646
0.26063
0.036614
0
0
0.008661
0.096457
0.007874
0
0.007874
0.251969
0.812992
0.885039
0.021654
0.072835
0
0
0.02874
1.386614
1.905512
0.428346
0.33937
0.038583
0.011024
0.388976
0.383858
0.113386
0.07874
0.003937
0.120079
0.01378
0.099606
0.001969
0
0.033465
0.438976
0.061024
0.001181
0.011811
0.12126
0
0.37126
0.006693
0
0.001181
0.012598
0.018504
0
0.001181
0.025591
0.034646
0.00315
0.001181
0.074016
0.095276
0.025591
0.011811
0.001181
0.291339
0.465354
0.007874
0.087402
0
0.001969
0.019685
0.026772
0.006693
0
0.001969
0
0
0
0
0
0
0.006693
0.026772
0
0
0
0
0
0
0
0
0
0
0
0
0
0.003937
0.011024
0.144488
0.026772
0.531496
0.020472
0
0
0
0
0
0.006693
0.006693
0.12126
0
0
0.001969
0
0
0
0
0.005906
0.386614
0.11811
0
0
0
0
0
0
0
0
0
0
0
0
0
0
0
0
0.014961
0.051181
0.100394
0.091732
0
0
0
0.034646
0
0
0
0
0
0
0
0.008661
0.160236
0
0
0
0
0
0
0
0.011024
0.040157
0.006693
0.001181
0.147638
0.190945
0.190945
0.152756
0.004724
0
0
0.122835
0.019685
0
0.004724
0.293307
0.087402
0
0.001969
0.066929
0.062992
0.024409
0.004724
0.007874
0.003937
0
0
0
0
0
0
0
0
0
0
0.297244
0.045276
0
0
0
0
0
0
0
0
0
0
0
0
0.007874
0.257087
0
0
0
0
0
0
0
0
0
0
0
0
0
0
0
0
0
0
0
0
0
0
0
0
0
0
0
0
0
0
0
0
0
0
0
0
0
0
0
0
0
0
0
0
0
0
0
0
0
0
0
0
0
0
0.001969
0.03937
0
0.119291
0.006693
0.003937
0.001181
0
0
0
0
0
0
0
0.029528
0.254724
0.014961
0
0
0
0.049213
0.662598
0.068898
0.602362
0
0
0
0.008661
0.438976
0.450787
0.011811
0
0
0
0
0
0
0
0
0
0.005906
0
0
0
0
0
0
0
0.054331
0.825984
0
0
0
0
0
0
0
0
0
0.001181
0.00315
0
0
0
0
0
0
0
0
0
0
0
0
0
0
0
0
0.001969
0
0
0
0.007874
0.366142
0.035433
0.026772
0.105118
2.257087
0.178346
0.42126
0.009843
0.00315
0.00315
0.02874
1.045276
0.706693
1.84252
0.070866
1.471654
0.095276
0.108268
0.047244
0.011024
0
0
0
0
0
0
0.001181
0
0
0
0
0.022441
0.036614
0.031496
0.122835
0.012598
0.15748
0.941732
0.064961
0.976378
0.373228
0.00315
0.044094
0.106299
0.169291
1.250787
1.364961
0.661417
0.021654
0.664567
1.014567
0
0
0.001181
0
0
0
0.037402
0.001969
0
0
0
0
0
0
0
0.136614
0.006693
0
0.001181
0.332677
0.251969
0
0
0
0
0
0
0
0
0
0.001181
0.904724
0.366142
0
0
0
0
0.016929
0.693701
0.140945
0.133071
0.008661
0.154331
0.011811
0.006693
0.175197
0
0
0
0
0
0
0
0
0
0
0
0
0
0
0
0
0
0
0
0
0
0
0.003937
0.015748
0
0.006693
0.095276
0
0.012598
0.06811
0.001969
0.003937
0.035433
0
0.018504
0.072047
0
0
0
0
0.001969
0.006693
0.09252
0
0
0.005906
0
0
0
0
0
0
0
0
0.327559
0.012598
0.06378
0.023622
0.019685
0
0
0
0
0
0.001181
0
0
0
0
0
0
0
0
0
0
0
0
0
0
0
0
0
0.009843
0.020472
0.999213
0.119291
0.253937
0.093701
0
0.01378
0.016929
0.133858
0
0
0
0
0
0
0
0.001969
0.001969
0.10315
0
0
0.014961
0.21378
0
0
0
0
0
0
0.008661
0.003937
0
0
0
0
0
0
0
0
0
0
0
0
0
0
0
0
0
0
0
0
0
0
0
0
0
0
0
0
0
0
0
0
0
0
0
0
0
0
0
0
0
0
0
0
0
0
0
0
0
0
0
0
0
0
0
0
0
0
0
0.006693
0.016929
0.00315
0
0
0
0
0
0
0
0
0
0
0
0
0
0
0
0
0
0
0
0
0
0
0
0
0
0
0
0
0
0
0
0
0
0
0
0
0
0
0
0
0.00315
0.100394
0.012598
0.419291
0.215354
0.547244
1.177165
0.082677
0.189764
0.045276
0
0
0
0
0
0
0
0.00315
0.055118
0.325591
0.146457
0.133071
0.683071
0.570866
0.022441
0.511811
0.139764
0
0
0
0.055118
0
0.064961
0.016929
0
0.019685
0.30315
0.277559
1.454724
0.663386
0.046063
1.163386
0.590551
0
0.397638
0.038583
0.480315
0.754724
0.464567
0.06811
0.001181
0.646457
0.467717
0
0.00315
0
0.001181
0.020472
0.015748
0.114173
0.875197
0.031496
0
0
0.038583
0.021654
0
0
0
0
0
0
0.045276
0.494094
0.00315
0.114961
0.005906
0
0
0
0
0
0
0.021654
0.112205
0.162205
0.012598
0.094488
0.06378
0.201575
0.329921
0.617323
1.225197
0.409449
0.006693
0
0
0.00315
0
0
0
0
0
0
0
0
0
0
0
0.00315
0.111417
0.147638
0
0
0
0
0
0
0
0.001181
0.006693
0.04252
0
0
0.138976
0.055906
0
0.001181
0.11811
0.005906
0.006693
0.075591
0.005906
0.098425
0.155512
0
0
0.00315
0.001969
0.001969
0
0
0
0
0.006693
0.189764
1.052362
0.031496
0.06378
0.020472
0.433858
0.005906
0
0
0
0
0.23622
0.590551
0.015748
0.437008
0.597638
0.011024
0
0
0.011811
0
0
0
0
0
0
0.011024
0.247244
0
0.306299
0.116142
0.007874
0
0
0
0
0.040157
0.093701
0.127953
0.006693
0.207874
0
0
0.440157
0.009843
0
0
0
0
0
0
0
0.036614
0.700787
0.072047
0.008661
0
0.02874
0.085433
0
0
0.001181
0.085433
0.341732
0
0
0.02874
0
0
0
0
0
0
0
0
0.116142
0.859449
0.216535
0
0
0.043307
0.116929
0.161417
0
0
0
0
0
0
0
0.00315
0.154331
0
0
0
0
0
0
0.00315
0.133858
0.001181
0
0
0
0
0.004724
0.251181
0.440945
0.003937
0
0
0
0
0
0
0
0
0
0
0
0.041339
0.203937
0
0
0
0
0
0
0
0
0
0
0.007874
0
0
0
0
0
0
0
0
0
0
0
0
0
0
0
0
0
0
0
0
0
0
0
0
0
0
0
0
0
0
0
0
0
0
0
0
0
0
0
0.004724
0.110236
0.001181
0
0
0
0
0
0
0
0
0
0
0
0
0
0
0
0
0
0
0
0
0
0
0.003937
0.062205
0.047244
0
0.024409
0.481496
0.084646
0
0
0
0
0
0
0
0
0
0
0
0
0
0.029528
0.727559
0
0
0
0.029528
0.399606
0
0.009843
0.924409
0.001181
0.005906
0.045276
0.057087
0
0
0.272835
0.017717
0.036614
0.001969
0
0
0
0
0
0
0.106299
0.133858
0.021654
0.011811
0.59252
0.026772
0
0
0
0
0
0
0
0
0.004724
0.286614
0.030315
0.981102
0.175984
0.866142
0.294094
0.029528
0.005906
0.333858
0.261811
0.141732
0.579921
0.257087
0
0.037402
0.285433
0.152756
0.006693
0.137795
0.070866
0.096457
0.160236
0
0
0
0
0
0.015748
0.327559
0.034646
0.405512
0.006693
0.045276
0
0.001181
0.184252
0
0
0
0
0
0
0
0
0.001181
0
0
0
0
0.091732
0.064961
0
0
0.001181
0.059055
0.024409
0.023622
0.096457
1.484252
2.662205
0.796457
0.02874
0.267717
0.06811
0.029528
0
0
0
0.001181
0
0
0
0.001969
0.04252
0
0
0
0
0
0
0
0.001969
0.01378
0.235039
0
0
0
0
0.140945
0.012598
0.233465
0.111417
0.179921
0.033465
0.229134
0.149606
0.974409
0.257087
0.472441
1.072047
0.45
0.001969
0
0
0
0
0
0.038583
0.089764
0.006693
0.111417
0
0
0
0
0.007874
0
0
0.037402
1.165354
0.116929
0.049213
0.046063
0.001181
0.001969
0
0
0
0.004724
0.234252
0.079921
0.009843
0.009843
0.06811
0.044094
0.00315
0.006693
0
0.011024
0.369291
0.15748
0.012598
0.001181
0
0.032283
0
0
0
0
0
0
0.005906
0.146457
0
0
0
0.066929
0
0
0
0
0
0.001969
0
0
0.228346
0.029528
0
0
0
0
0
0
0
0.058268
0.227559
0.036614
0.020472
0.318898
0.07874
0
0
0
0
0
0
0
0
0
0
0
0
0
0
0
0.135827
0.145669
0.442913
0.155512
0.742126
0.011024
0
0
0
0
0
0
0
0
0
0
0
0
0
0
0
0
0
0
0
0
0
0
0
0
0
0
0
0
0
0
0
0
0
0
0
0
0
0
0
0
0
0.00315
0
0
0
0
0
0.001181
0
0
0
0
0
0
0
0
0
0
0
0
0
0
0
0
0.021654
0.016929
0.206693
0
0
0
0
0
0
0
0
0
0
0
0
0
0
0
0
0.044094
0.00315
0.141732
0
0
0
0
0
0
0
0
0
0
0
0
0
0
0
0.003937
0.001181
0.021654
0
0.008661
0.209449
0.043307
0
0
0
0
0
0
0
0
0
0
0.006693
0.029528
0.277559
0.492126
0.006693
0.005906
0.387795
0.00315
0.065748
0.049213
0.068898
0
0
0
0
0
0
0
0
0.012598
0.076772
0.011811
0
0
0.047244
0.048425
0.17126
0.244882
0.001969
0.003937
0.026772
0.021654
0.025591
0.004724
0.030315
0.006693
0
0.004724
0.001181
0.004724
0.001181
0.041339
0.119291
0.036614
0.036614
0.026772
0
0
0.001181
0.120079
0.026772
0
0.001181
0
0
0.023622
0.811024
0.044094
0.040157
0.270866
0.021654
0
0
0
0.005906
0.272835
0.047244
0
0.001181
0.047244
0.411417
0.48622
0.282677
0.165354
0.188976
0.311024
0.029528
0.316929
0
0
0.231496
0.048425
0
0
0
0
0.005906
0.019685
0.001969
0
0
0
0.006693
0.011024
0.069685
0.340551
0.687008
0.106299
0
0.05
0.450787
0.016929
0.131102
0.102362
0.011811
0.11811
0
0
0
0.129134
0.005906
0
0
0
0.03937
0.06811
0
0
0
0.111417
0.322047
0.003937
0.037402
0
0.012598
0.244882
0.009843
0.001181
0
0.082677
0.023622
0
0
0
0
0
0
0
0.006693
0.023622
0.001969
0.111417
0.030315
0.047244
0.064961
0
0.082677
0.008661
0.003937
0.046063
0
0.001181
0.006693
0.17126
0.009843
0.005906
0.022441
0.001181
0
0.00315
0.394488
0
0.008661
0.00315
0.167323
0.004724
0
0
0
0
0
0.133071
0.00315
0.343701
0.07874
0.03937
0
0
0
0
0
0
0
0
0
0
0.02874
0.201575
0
0
0.034646
0.311024
0.00315
0.001181
0
0
0
0
0
0
0
0
0
0
0
0
0
0.006693
0.059055
0.003937
0
0
0
0
0
0
0
0
0.158661
0.179134
0
0
0.001969
0
0
0
0
0.005906
0.401575
0.061024
0
0
0
0
0.006693
0.174409
0
0
0
0
0
0
0
0
0
0
0
0
0
0
0
0.001969
0
0
0
0
0
0.040157
0
0
0
0
0
0
0
0
0
0
0
0
0
0
0
0
0
0
0
0.001181
0
0
0
0.004724
0
0.026772
0.046063
0.006693
0.003937
0
0
0
0
0
0
0
0
0
0
0
0
0
0
0
0
0
0
0
0
0
0
0
0
0
0
0
0
0
0
0
0
0
0.021654
0.015748
0
0
0
0
0
0
0
0
0
0
0
0
0
0
0
0
0
0
0
0
0
0
0.001181
0.01378
0.315748
0.129134
0
0.068898
0.136614
0.198819
0.074016
0
0
0
0
0
0
0
0
0
0
0.070866
0.158661
0
0.001181
0
0
0
0
0
0
0
0
0
0.006693
0.200787
0.63189
2.385827
0.744094
0.148819
0.001181
0
0
0.159449
0.001181
0
0.005906
0.001969
0
0.001181
0.079921
0.810236
0.521654
0.169291
0.511811
0.04252
0.230315
1.266535
0.337402
0.226378
0.021654
0.008661
0.261811
0.065748
0.18189
0.020472
0.253937
0.061024
0.253937
0.049213
0.175984
0.141732
0.05
0.084646
0.02874
0.088583
0.244094
0.679134
0
0.001181
0
0.009843
0.005906
0.216535
0
0
0.011024
0.159449
0.061024
0.570079
0.024409
0.011024
0.026772
0.533465
0
0.001181
0.225197
0.183071
0.004724
0.06811
0.011024
0.08189
0
0.301181
0.271654
0.384646
0.031496
0.009843
0
0.001969
0
0
0.00315
0.001181
0
0
0
0
0
0.201575
0.095276
0.333858
0.791339
2.677165
0.152756
0.390945
0.109449
0
0
0
0
0.001181
0
0.033465
0.140945
0
0
0.001969
0.354331
0.058268
0
0.00315
0.054331
0
0
0
0
0
0
0
0.001969
0.020472
0.058268
0.005906
0.181102
0.030315
0.748031
0.448819
0.072047
0.122835
0.147638
0
0
0.019685
0.054331
0.058268
0.549213
0.398425
0.005906
0.016929
0.031496
0.037402
0.235039
0.122047
0
0
0.00315
0.125984
0.045276
0.003937
0.054331
0
0
0.016929
0
0
0
0
0
0
0.00315
0
0.001181
0.114173
0.33937
0.65748
0.786614
0.175197
1.177165
0.001969
0
0
0.114961
0
0
0.011811
0.353543
0.004724
0.019685
0
0
0
0
0
0
0.097244
0.001181
0
0
0.012598
0.346457
0.089764
0.001181
0
0
0
0
0
0
0
0
0
0
0
0
0
0
0
0
0
0
0.004724
0
0.021654
0.062205
0.044094
0.00315
0
0
0
0
0
0
0
0
0
0
0
0
0
0
0
0.00315
0
0
0
0
0
0
0
0
0
0
0
0.001181
0
0
0
0.001969
0
0
0
0
0
0
0
0
0
0
0
0
0
0
0
0
0.001969
0.038583
0.077953
0.127953
0.044094
0
0
0
0
0
0
0.004724
0.021654
0
0
0
0
0
0
0
0
0
0
0
0
0
0
0
0.001969
0.184252
0
0
0
0
0
0
0
0
0
0
0
0
0
0
0
0
0
0
0
0
0
0
0
0
0
0
0
0
0
0
0
0
0
0
0
0
0
0
0
0
0
0
0
0
0
0
0
0
0
0
0
0
0
0
0
0
0
0
0
0
0
0
0
0
0
0
0
0
0
0
0
0
0
0
0
0.003937
0
0
0
0
0
0.009843
0.079921
0.56378
0
0.015748
0.233465
0
0
0
0
0
0
0.462598
0.004724
0.059055
0.016929
0
0
0
0
0
0
0.018504
0.408661
0
0.001181
0.015748
0.098425
0
0.008661
0.094488
0
0.007874
0.001181
0
0
0.005906
0.127953
0.024409
0.558268
0
0.011024
0.009843
0
0
0.011811
0.179134
0.303937
0.02874
0.432283
0.362205
0.026772
0.076772
0.00315
0.19685
0
0.291339
0.052362
0
0
0
0.023622
0.746063
0.009843
0.026772
0.21063
0
0
0
0.011811
0.319685
0.911417
0.216535
0.184252
0.450787
0.274409
0.377953
0
0
0
0
0
0
0
0
0
0
0
0
0
0
0.021654
0.019685
0
0.023622
0
0
0.032283
0.124803
0.466535
0.015748
0.255906
0.169291
0
0
0
0.255906
0.172441
0.047244
0.974409
0.353543
0.011024
0.00315
0.120079
0
0.061024
0.94685
0.038583
0
0
0
0
0
0.018504
0.116142
0.001181
0.004724
0.15748
0
0
0.003937
0.058268
0.015748
0.429134
0.035433
0.018504
0
0.006693
0.437795
0
0.001969
0.046063
0.290551
2.162205
0.155512
0
0.532283
0.094488
0.038583
0.187008
0.364961
0
0
0
0
0
0
0
0.003937
0.133858
0.026772
0.025591
0.054331
0.023622
0.238189
0
0
0
0
0
0.041339
0.288189
0
0
0.007874
0.144488
0
0
0.001969
0.038583
0.231496
0.046063
0
0
0
0
0
0
0.011811
0.029528
0.068898
0.149606
0
0
0
0
0.001969
0.110236
0
0
0
0
0
0
0
0.003937
0.001181
0
0
0
0
0
0
0
0
0
0
0
0.021654
0.062205
0
0
0
0
0
0
0
0
0
0
0
0
0
0
0
0.011024
0.102362
0
0
0
0.141732
1.041339
0
0
0
0
0
0.007874
0.007874
0
0
0
0
0
0
0
0
0
0
0
0
0.019685
0.678346
0
0
0
0
0
0
0
0
0
0
0
0
0.004724
0
0
0
0
0
0
0
0
0
0
0
0
0
0
0
0
0
0
0
0.062205
0.198819
0
0
0
0
0
0
0
0
0.011024
0.148819
0
0.001181
0
0
0
0
0
0
0
0
0
0
0
0.005906
0
0.049213
0.160236
0
0
0
0
0
0
0
0
0
0
0
0
0
0
0
0
0
0
0
0
0.012598
0.659449
0.058268
0.02874
0.025591
0.124803
0.090551
0
0
0
0
0
0.012598
0
0
0.001181
0.035433
0.170079
0.00315
0.015748
0.929921
0.534252
0.324016
0.094488
0.029528
0.399606
0
0
0
0
0
0.019685
0.038583
0.15748
0
0.018504
0.614961
0
0
0
0.194882
0.639764
0.065748
0.016929
0
0
0.026772
0.001181
0.001969
0
0
0
0.027559
0.02874
0.011811
0.027559
0.165354
0.333858
0
0
0.751969
0.811811
0.031496
0
0
0
0
0.03937
0.459843
0.122835
0
0.001181
0
0
0.001181
0
0
0.004724
0.062992
0.336614
0.020472
0
0.047244
0
0.089764
0.007874
0.090551
0.031496
0
0.001969
0.154331
0.230315
0.163386
0.00315
0.055118
0.370079
0.075591
0.001969
0.113386
0.062992
0.183071
0.017717
0
0
0
0
0
0
0
0.003937
0.031496
0
0.001969
0
0
0
0
0
0
0
0
0
0
0
0
0
0
0
0
0
0
0.15748
0.049213
0.027559
0.384646
0.058268
0.022441
0.602362
0
0
0
0
0.011024
0.279528
0.718504
0.03937
0.647638
0.683071
0.075591
0.027559
0
0
0
0
0.041339
0.11811
0
0
0
0
0
0
0
0
0
0.086614
0.097244
0
0
0.00315
0.00315
0.096457
0.007874
0.006693
0.001969
0.06811
0
0.009843
0.557087
0.006693
0
0
0
0
0.001181
0.009843
0.265748
0.005906
0.001969
0.007874
0.003937
0
0.006693
0.02874
0
0.040157
0.054331
0
0
0.001181
0.024409
0.055118
0.156299
0.001969
0
0
0
0
0
0
0.138976
0
0
0
0
0
0
0.005906
0.099606
0
0
0
0
0
0
0
0
0
0
0
0
0
0
0
0
0
0
0
0.005906
0.101575
0
0.016929
0.165354
0
0
0
0
0
0.062992
0.008661
0.001969
0
0
0
0
0
0
0
0
0.006693
0.040157
0
0
0
0
0
0
0
0
0.003937
0
0
0
0
0
0
0
0
0
0
0.027559
0.209449
0
0
0
0.001181
0.183071
0
0
0
0
0
0
0
0
0
0
0
0.001969
0
0.066929
1.315748
0.001181
0.194094
0.004724
0.031496
0.188189
0.001969
0
0
0
0
0
0.035433
0.416142
0.522441
0.046063
0.003937
0.049213
0.058268
0
0
0.244094
0
0.133071
0.003937
0
0
0
0
0
0
0
0
0
0
0
0
0
0
0
0
0
0
0.001969
0.001181
0.049213
0.354331
0.01378
0
0
0.058268
0
0
0
0
0
0
0
0
0
0
0.038583
0.399606
0
0
0
0
0
0
0
0
0
0
0
0
0
0
0
0
0
0
0
0
0.001181
0.001181
0.096457
0
0
0
0
0.001181
0
0
0
0
0
0
0
0
0
0
0
0
0
0.011024
0.662598
0.377953
0
0
0
0
0
0
0
0
0.001181
0
0
0
0
0
0
0
0
0
0
0
0
0
0.026772
0.161417
0
0
0
0
0
0
0
0
0
0
0
0
0
0
0
0.00315
0
0.020472
0
0.122835
0
0.007874
0.116929
0.851181
0.282677
0.001969
0.001969
0
0
0
0
0.001969
0.011811
0.174409
0.008661
0
0
0
0
0
0
0
0
0
0
0
0
0
0
0
0
0
0.019685
0
0
0
0
0
0
0
0
0
0
0
0
0
0
0
0
0
0
0
0.136614
0.419291
0.00315
0.126772
0.022441
0
0
0.016929
0.173228
0.040157
0.006693
0.208661
0
0
0
0.008661
0.094488
0.303937
0.017717
0.00315
0.10315
0.00315
0.036614
0
0
0.001181
0.001181
0
0
0
0.019685
0.294094
0.023622
0.007874
0
0.066929
0.016929
0.030315
0
0.001969
0.040157
0
0
0
0
0
0
0.098425
0.032283
0
0
0.001181
0
0
0
0
0
0
0
0
0
0
0
0
0.057087
0.082677
0
0
0
0.026772
0.059055
0.361417
0.162205
0.006693
0.006693
0.006693
0.072835
0.003937
0.23622
0.144488
0.284252
0.076772
0.004724
0
0.014961
0.160236
0.064961
0.075591
0
0
0
0.161417
0.701969
0
0.020472
0.518898
0
0
0
0
0
0
0
0
0
0
0.004724
0.040157
0.029528
0.416142
0.034646
0.133858
0.02874
0.001969
0.070866
0
0
0.166142
0.048425
0.029528
0
0
0
0
0
0
0
0
0
0
0.006693
0.059843
0
0.001181
0.001181
0
0
0
0
0
0
0
0
0
0
0
0
0
0
0
0
0
0
0
0
0.00315
0
0
0
0
0
0
0
0.015748
0
0
0
0.009843
0.15748
0
0
0
0
0
0
0
0
0
0
0
0
0.015748
0
0
0.003937
0.134646
0.18189
0
0
0
0
0
0
0
0
0
0
0
0
0
0
0
0
0
0
0
0
0.017717
0.275591
0.09252
0.021654
0.099606
0.01378
0
0
0.01378
0.356299
0
0
0.057087
0.465354
0.823622
0
0
0
0
0
0
0.076772
0
0
0
0
0
0
0
0
0
0
0
0
0
0
0
0
0.086614
0.041339
1.233465
0.011811
0
0
0.077953
0.052362
0
0.004724
0.025591
0
0.008661
0.154331
0.012598
0
0
0
0
0.048425
0.009843
0.026772
0
0
0
0.001181
0
0
0.041339
1.276378
0.456693
0.025591
0.471654
0.105118
0.679134
0.131102
0
0.001181
0
0
0.009843
0.338583
0.13189
0
0.025591
0.001181
0
0
0.005906
0.854331
0.011024
0.770866
1.727559
0.504724
0.105118
0.667323
0.02874
0
0
0
0.029528
0.272835
0
0
0.05
0.837402
0
0.175197
0.345276
0
0.008661
0.058268
0
0.075591
0.347244
0.084646
0
0.102362
0.702756
0.085433
0.044094
0.033465
0.012598
0.011811
0.610236
0.205512
0.052362
0.116929
0
0.001969
0.101575
0.022441
0
0
0.001181
0
0
0
0
0
0
0.15748
0.007874
0.175984
0.00315
0.068898
0.014961
0.740157
0.052362
0.160236
0
0
0
0
0.003937
0.021654
0.030315
0.163386
0.152756
0
0
0
0
0
0
0
0
0
0
0.001969
0.070866
0.00315
0.07874
0.41811
0.016929
0.031496
0.816142
0.25315
0.001181
0.008661
0.124016
0.011811
0
0
0
0
0
0
0
0.026772
0.372047
0.194094
0.001181
0
0
0
0
0.00315
0.018504
0.037402
0.224409
0.01378
0.022441
0.34252
0.185827
0.360236
0
0
0
0
0
0
0
0
0.068898
0.10315
0
0
0.113386
0.061024
0.133858
0
0
0.027559
0.120079
0.044094
0
0
0.008661
0.275591
0
0
0
0
0
0
0
0.011811
0.027559
0.008661
0
0
0
0.020472
0.48937
0
0
0
0
0.018504
0.059055
0
0.001969
0.084646
0.181102
0
0
0
0
0
0
0
0
0
0.09252
0
0
0
0
0
0.05
0.001181
0
0.102362
0
0
0
0.051181
0.074803
0.00315
0
0
0
0.217717
0.383071
0
0
0.004724
0.406299
0.879921
0.035433
0.009843
0.04252
0
0
0
0
0.016929
0
0
0
0
0
0
0
0
0
0
0
0
0
0
0
0
0
0.001181
0
0.136614
0
0
0
0
0
0
0
0
0.001181
0
0
0
0
0
0
0
0
0
0
0
0
0
0
0
0.511811
0.96378
0
0.004724
0.251181
0
0
0
0.005906
0.111417
0
0
0
0.001969
0.029528
0.377953
0.32874
0.385827
0
0.05315
0.164567
0
0.003937
0.05315
0
0
0
0.031496
0.020472
0
0
0
0
0
0
0
0
0
0
0
0
0
0
0
0
0
0
0
0
0
0
0
0
0
0
0
0
0
0
0
0
0
0
0
0
0
0
0
0.008661
0.045276
0
0
0
0
0.001181
0.001181
0
0
0
0
0
0
0
0
0
0
0.004724
0
0
0.014961
0.199606
0.129921
0.001181
0
0
0
0
0
0.022441
0.360236
0.635827
0.068898
0.305118
0
0.001181
0.040157
0.195669
0
0
0
0.031496
0.00315
0.203937
0.011024
0
0.001181
0
0.001181
0.282677
0
0
0
0
0.012598
0.037402
0
0
0
0
0
0
0
0
0
0
0
0
0
0
0.012598
0.04252
0.022441
0.905512
1.259843
0.220472
0.011024
0.036614
0
0
0
0
0
0
0
0
0
0.032283
0
0
0.003937
0.008661
0
0
0
0
0
0.004724
0
0.04252
0.018504
0
0.001181
0.011024
0.004724
0.076772
0.086614
0.870079
0.218504
0.01378
0.085433
0.001181
0.169291
0
0.135827
0.158661
0.105118
0.194094
0.089764
0.001181
0.041339
0.025591
0.614173
0.044094
0.006693
0.13189
0.027559
0.035433
0
0
0
0
0
0
0
0
0.003937
0.093701
0.366929
0.052362
0.127953
0.026772
0
0.006693
0.062992
0
0
0.00315
0.001181
0.031496
0.148819
0
0
0
0
0
0
0
0.003937
0.155512
0
0.007874
0.011024
0.151575
0.279528
0.04252
0
0
0
0.353543
0.13189
0
0
0
0.011024
0.199606
0.184252
0.069685
0
0.017717
0.00315
0
0
0.018504
0.566142
0
0
0.01378
0.894882
0.425984
0.431102
0.026772
0.05
0
0
0
0
0
0
0
0
0
0
0
0
0
0.004724
0.02874
0
0
0
0
0
0
0
0
0
0
0
0
0
0
0
0
0
0
0
0
0
0.001181
0.069685
0.099606
0
0
0
0
0
0
0
0
0
0
0
0
0
0
0
0
0
0
0.001181
0
0.136614
0.005906
0.007874
0
0
0
0
0
0
0
0
0
0.00315
0
0
0
0
0
0
0
0
0
0
0
0
0
0
0
0
0
0
0
0
0
0
0
0.020472
0
0
0
0
0
0.031496
0.406299
0
0
0
0
0
0
0.01378
0.175197
0.261811
0.003937
0
0.022441
0.048425
0
0
0
0
0
0
0
0
0
0
0
0
0
0
0
0
0
0
0
0
0
0.014961
0.228346
0
0
0
0
0
0
0
0
0
0
0
0.005906
0.025591
0
0
0
0
0.001181
0.435827
0.390945
0
0.005906
0.21378
0.396457
0.865354
0.120079
0.005906
0.006693
0.309055
1.68189
0
0.129134
0.091732
0.026772
0.511811
0.02874
0.001181
0.244882
0.149606
0.104331
0.016929
0
0
0
0
0
0
0
0
0
0.020472
0.862992
0.67126
0.064961
0.065748
0
0
0.335433
0.3
0.732283
0.53622
0.027559
0.005906
0
0
0
0.006693
1.055118
0.020472
0.151575
0.065748
0
0
0
0.004724
0
0
0
0
0
0
0
0
0
0.033465
0.04252
0.26378
0.020472
0.133858
0.464567
0.158661
0
0
0
0
0.37126
0.011024
0.031496
0
0
0.005906
0.335433
0
0
0.00315
0.169291
0.011811
0.088583
1.433858
1.06378
0.857087
0.011811
0.257087
0.109449
0
0
0
0
0
0
0
0
0
0
0
0
0
0.024409
0.007874
0.100394
0.812992
0
0.00315
0.087402
0
0
0
0
0
0
0
0.020472
0.049213
0.111417
0.850394
0.322047
0.409449
0.107087
0.015748
0.007874
0
0
0
0.247244
0.022441
0.10315
0
0
0.003937
0.243307
0.018504
0.133858
0
0
0
0
0.004724
0.045276
0.001969
0.051181
0.5
0.022441
0
0.165354
0.040157
0.001969
0.234252
0.02874
0
0
0.001969
0.029528
0.020472
0
0
0
0
0.016929
0.009843
0
0.016929
0.005906
0.102362
0.144488
0
0.037402
0.096457
0
0
0
0
0
0
0
0
0
0.003937
0.672441
0.151575
0
0
0
0
0
0
0
0
0
0
0
0
0
0.001181
0.068898
0
0.00315
0.416142
0.364961
0.006693
0
0.026772
0
0
0
0
0
0
0
0
0.001181
0.005906
0.011024
0.001181
0
0.001969
0.00315
0
0
0
0
0.016929
0.192126
0.192913
0.492126
0.001181
0
0
0
0
0.026772
0.404331
0.075591
0.004724
0
0
0
0
0
0
0
0
0
0.00315
0
0.05
0
0
0
0
0
0.001969
0
0
0
0
0
0
0
0
0
0
0
0
0
0
0
0
0
0
0
0
0
0
0
0
0
0.004724
0.044094
0
0
0
0
0
0
0
0
0
0
0
0
0
0
0
0
0
0
0
0
0
0
0
0
0
0
0
0
0
0
0
0
0
0
0
0
0
0
0
0
0
0
0
0
0
0
0
0
0
0.04252
0.282677
0
0.091732
0
0
0
0
0
0
0
0
0
0
0
0
0
0
0
0
0
0
0
0
0.017717
0.75
0.122835
0.108268
0
0
0
0
0
0
0
0
0
0.009843
0.167323
0.168504
0
0
0
0
0
0.003937
0
0
0
0
0.004724
0.387795
0.021654
0.011024
0
0
0
0
0.113386
0
0.001181
0
0
0
0
0.061024
0.675197
0.169291
0.034646
0
0
0
0
0.033465
0.074803
0.201575
1.083465
0.944094
0.541339
0.012598
0.024409
0
0
0
0
0
0
0
0
0
0
0
0
0.001181
0.007874
0.30315
0
0
0.012598
0.224409
0.006693
0.359055
0.001969
0
0
0
0
0
0.011024
0.001969
0
0
0
0
0
0
0
0
0
0
0
0.158661
0.019685
0
0
0
0.001181
0.177165
0.48937
0.04252
0.00315
0.12126
0.423228
0.214567
0.08189
0.003937
0
0
0
0
0
0.064961
0
0
0
0
0.007874
0.257087
0
0.267717
0.538583
0
0.369291
0
0.011811
0.297244
0.077953
0
0
0.011811
0.431102
0.052362
0.02874
0.001969
0
0
0
0.031496
0.639764
0.016929
0
0
0
0
0
0
0.00315
0.026772
0
0.009843
0.137795
0.00315
0
0.02874
0.017717
0
0.08189
0
0.012598
0.463386
0.057087
0.012598
0.001181
0.079921
0
0.014961
0.192126
0.001181
0.016929
0
0
0
0
0.003937
0
0
0
0
0
0
0
0
0
0.007874
0.566142
0.131102
0
0
0
0.004724
0.359055
0.438976
0
0
0
0
0
0
0
0
0
0
0
0
0
0
0
0
0.011024
0.00315
0.089764
0.080709
0.006693
0.312992
0.843307
0
0
0
0.019685
0.136614
0.159449
0
0
0
0.001181
0
0
0.001181
0
0
0
0
0.051181
0.01378
0.026772
0
0
0.00315
0.087402
0.138976
0
0
0
0
0
0
0
0
0
0
0
0
0
0
0
0
0
0
0
0.003937
0
0
0.006693
0.007874
0
0
0
0
0
0
0
0
0
0
0
0
0
0
0
0
0
0
0
0
0
0
0
0
0
0
0
0.004724
0
0
0
0
0
0
0
0
0
0
0
0
0
0
0
0
0
0
0
0
0
0
0
0
0
0
0
0
0
0
0
0
0
0
0
0
0
0
0
0
0
0
0
0
0.001969
0
0
0
0
0
0
0.003937
0.090551
0.478346
0
0
0
0.001181
0.173228
0
0
0.015748
0.125984
0.679134
0
0.266929
0.761811
0.06811
0
0
0
0
0
0
0
0
0
0
0
0
0
0
0
0.083465
0.659449
0.124803
0.014961
0
0
0
0
0
0
0
0
0
0
0.045276
0.05
0.622835
0.155512
0.619291
1.516929
1.483071
0.224409
0
0.003937
0.070866
0.551181
0.068898
0.523622
0.322835
0.009843
0.207874
0.001181
0
0
0.016929
0.389764
0.007874
0.023622
0.004724
0.220472
0.999213
0
0
0.195669
0.059055
0.00315
0.099606
0.285433
0.141732
0.518898
0
0.033465
0.482283
1.899606
1.30315
0.200787
0.011024
0.031496
0.005906
0.054331
0.817717
0.090551
0.086614
0.694882
0.219291
0.375984
0.266929
0.440157
0.027559
0.069685
0.012598
0
0
0
0
0
0
0
0
0
0
0
0.038583
0.192913
0.011024
0.021654
0.084646
0.094488
0.001969
0.032283
0.008661
0.688189
0.037402
0.101575
0
0
0
0
0
0
0
0
0
0.001969
0
0
0
0
0.001181
0.509055
1.216535
0.184252
0.383858
0
0.059843
0.519685
0.19685
2.217717
0.009843
0
0
0
0.009843
0.003937
0.064961
0.544094
0.116142
0.047244
0
0.001969
0
0.007874
0
0.011811
0.298031
0.082677
0
0.008661
0.29252
0
0.023622
0.001969
0.007874
0.064961
0
0
0
0
0
0
0.006693
0.04252
0.34252
0.037402
0.146457
0.440157
0.001969
0.109449
0.049213
0.005906
0.072047
0.043307
0.040157
0
0
0.143701
0.129921
0
0.090551
0.041339
0
0
0
0
0
0
0
0
0
0
0
0
0
0
0
0
0
0
0
0
0
0
0
0
0
0
0.008661
0
0
0
0
0.011811
0.17126
0
0
0
0
0.001969
0
0
0
0
0
0
0
0
0.004724
0
0
0.00315
0.324803
0.001181
0
0
0
0
0
0.001181
0.017717
0.008661
0
0
0
0
0.001181
0.031496
0.318898
0.01378
0
0
0.017717
0.205512
0.158661
0.011811
0.268504
0.133858
0.051181
0.032283
0.165354
0
0
0
0.014961
0.218504
0.035433
0
0
0
0
0
0
0
0
0
0
0
0
0
0
0
0
0
0
0
0
0
0
0
0
0
0
0
0
0
0
0
0
0
0
0
0
0
0
0
0
0
0
0
0
0
0
0
0
0
0
0.033465
0.243307
0.032283
0
0
0
0
0
0
0
0
0
0
0.005906
0.001181
0.001181
0
0
0
0.007874
0.020472
0.161417
0.229134
0.005906
0
0
0.001181
0
0.004724
0.024409
0.094488
0.011024
0.043307
0
0
0
0
0.02874
0
0.724409
0.555118
0
0
0
0
0
0
0
0
0
0
0
0
0.018504
0.008661
0.586614
0.031496
0.085433
0.040157
0.240945
0
0.065748
1.027559
0.317717
0
0
0
0
0
0.014961
0.041339
0
0
0
0
0
0
0
0
0
0.049213
0.443701
0.811024
0.234252
0.017717
0.03937
0
0
0.001181
0
0
0.072047
0.285433
0.550394
0.351575
0.116929
0.88189
0.024409
0
0.055906
0.023622
0
0
0
0
0
0.262992
0.043307
0.023622
0.629921
1.288189
1.622835
0.025591
0.188976
0.347244
0.780709
0.408661
0.383858
0.001181
0.004724
0.044094
0.006693
0
0
0
0
0
0.001181
0.021654
0
0
0
0
0
0
0
0
0
0
0
0.138976
0.271654
0.05315
0.017717
0.425197
0.032283
0.088583
0.072835
0.052362
0.194882
0.052362
0.386614
0.482283
0
0
0
0
0
0
0
0
0.001969
0.058268
0.312992
0.145669
0.805118
0.706693
0.094488
0.279528
0.080709
0.226378
0.525591
0.232283
0.055118
0.561811
0
0.012598
0.154331
0.160236
0.016929
0.198031
0.21063
0.04252
0.080709
0.075591
0.544094
0.008661
0.020472
0.088583
0.082677
0.001969
0.015748
0.007874
0.006693
0.163386
0.243307
0.398425
0.415354
0.041339
0.003937
0
0.03937
0.001181
0
0.00315
0.072047
0.161417
0.011811
0.065748
0.051181
0.030315
0.298031
0
0.174409
0.957874
0.139764
0.017717
0.190945
0.05315
0.006693
0
0
0
0
0.005906
0.001181
0
0
0.015748
0
0
0
0
0
0.049213
0.034646
0.041339
0.025591
0.034646
0.206693
0.043307
0.110236
0.001181
0.045276
0.017717
0.305118
0.008661
0
0
0.018504
0.466535
0.163386
0.001181
0.06378
0.001181
0
0
0
0.018504
0
0
0
0
0
0
0
0
0
0
0
0
0
0
0.019685
0.029528
0
0.00315
0
0
0
0
0
0
0
0.017717
0
0.402756
0.007874
0.017717
0
0
0
0
0
0
0
0
0
0
0
0
0
0
0.238189
0
0
0
0.120079
0
0
0
0
0
0.011024
0
0
0
0
0
0
0
0
0.00315
0.18189
0
0
0
0
0
0
0
0
0
0
0
0
0
0
0
0
0
0
0
0
0
0
0
0
0
0
0.040157
0
0
0
0
0
0.012598
0
0.022441
0.273622
1.700787
0
0.007874
0.003937
0
0.003937
0.126772
0.220472
0
0
0
0
0
0
0
0
0
0
0
0
0
0
0
0
0
0
0
0
0
0
0.21063
0.156299
0
0
0
0
0
0
0
0
0
0
0
0
0
0
0.011811
0.116142
0
0
0
0
0
0
0
0
0
0
0
0
0.041339
1.105512
0
0
0
0
0
0.008661
0.093701
0.165354
0.751181
0.05
0.024409
0.107087
0.018504
0.679134
0
0.015748
0.30315
0.140945
0.173228
0.362205
0.614961
0.001181
0.007874
0.294094
0.56378
0.030315
0.651575
0.122047
0.001181
0.223622
0.846457
0.334646
0.072835
0.001181
0
0.014961
0.001181
0.023622
0.25
0.314961
0.866929
0.037402
0.075591
0.822835
0.593307
0.329921
0.147638
0.220472
0.351575
0.183071
1.450787
0.944094
0.070866
0.188189
0.10315
0.012598
0.057087
0.062992
0.030315
0
0.068898
0.284252
0.127953
0.214567
0.254724
0.018504
0.200787
0.286614
0
0
0
0
0
0
0
0
0
0
0.064961
0.021654
0
0
0
0.007874
0
0
0
0
0.007874
0.162205
0.034646
0.011024
0.032283
0
0
0
0
0
0
0
0
0
0
0
0
0
0
0.011811
0.214567
0.007874
0.282677
0.119291
1.004724
0.054331
0.37874
0.220472
0.019685
0
0.011811
0.126772
0.451969
0
0.109449
0.027559
0
0
0
0
0
0.019685
0.036614
0
0
0
0
0
0.027559
0.045276
0.001969
0
0.014961
0.432283
0.030315
0.12126
0.072835
0.425984
0.02874
0
0.007874
0.267717
0
0
0
0.079921
0.33937
0.038583
0.008661
0
0.02874
0.521654
0.018504
0
0.029528
0.235039
0.231496
0.017717
0.025591
0.25315
0.011811
0.106299
0
0.016929
0
0
0
0
0.001181
0.093701
0.209449
0.041339
0
0
0
0.021654
0.001969
0.018504
0
0
0.009843
0.335433
0.061024
0.005906
0.11811
0.004724
0.001181
0
0
0
0
0.019685
0.275591
0
0.001181
0.008661
0
0
0
0
0
0
0
0.023622
0.019685
0
0
0
0
0
0.011024
0
0
0
0
0.016929
0.281496
0.070866
0.362205
0.114961
0
0.001181
0
0
0.00315
0
0
0
0
0
0
0.024409
0.004724
0
0
0
0
0
0
0
0
0
0
0
0
0
0
0
0
0
0
0
0
0
0
0
0
0
0
0
0
0.001969
0
0.001969
0
0.001969
0
0.026772
0
0
0
0
0
0.001181
0
0
0
0
0
0
0
0
0
0
0
0
0
0
0
0
0
0
0
0
0
0
0
0
0
0
0
0
0.062992
0.332677
0.584646
0
0
0
0
0
0
0
0
0
0
0
0
0
0.034646
0
0
0
0
0.052362
0.07874
0
0
0
0
0
0
0
0
0
0.033465
0
0
0
0
0
0
0
0.018504
0.518898
0.212598
0.555118
0.079921
0.076772
0.017717
0.054331
0.435827
0.181102
0.369291
0.233465
0.040157
0.026772
0
0
0
0.022441
0.133858
0.009843
0.616142
0.052362
0.001181
0
0.049213
1.036614
0.192126
0.090551
0.011024
0.219291
0.059843
0.173228
0.178346
0.320866
0.599606
0.183071
0.159449
0.045276
0.021654
0.005906
0.009843
0.325591
0.045276
0.847244
0
0.05
0.059843
0.824803
0.017717
0
0.451969
0.325591
0.094488
0.046063
0
0.116929
0.277559
0
0
0
0
0.005906
0.030315
0.478346
0.079921
0.170079
0.020472
0.007874
0.555118
0.057087
0.031496
0.379921
0
0
0
0
0
0
0
0
0
0
0.012598
0.203937
0
0
0
0
0
0
0
0.011024
0.011024
0
0
0
0
0
0
0
0
0
0
0
0
0
0
0
0
0
0
0.007874
0.064961
0
0.01378
0.005906
0.066929
0.109449
0.05
0
0.005906
0.001181
0.309055
1.348425
0.069685
0.01378
0.527559
0.019685
0
0
0
0
0
0
0.025591
0.089764
0
0
0
0
0
0
0
0.004724
0.018504
0.005906
0.035433
0.074016
0.018504
0.119291
0.116929
0.055118
0
0
0
0
0
0
0
0
0
0
0
0.004724
0
0
0.006693
0.188189
0.034646
0.09252
0.198819
0.188189
0
0.001181
0
0
0
0
0
0
0
0
0
0
0
0
0
0
0
0.041339
0.006693
0
0.079921
0.045276
0.018504
0.087402
0.015748
0.001181
0
0
0
0
0
0
0
0
0
0.00315
0
0
0.00315
0.040157
0.029528
0
0.004724
0
0
0
0
0
0.004724
0.160236
0
0
0
0
0
0.001181
0
0
0
0.122047
0.688976
0.104331
0.031496
0.379921
0.406299
0.030315
0.003937
0.020472
0
0
0.027559
0
0
0
0
0
0
0
0
0
0
0
0
0
0
0
0
0
0
0
0
0
0
0
0
0
0
0
0
0
0
0
0
0
0
0
0
0
0
0
0
0
0
0.001181
0
0
0
0
0
0
0
0.278346
0.005906
0.165354
0.531496
0.041339
0
0
0
0
0
0
0
0
0
0
0
0
0
0
0
0.001969
0.07874
0
0.05
0
0
0
0
0
0
0
0
0
0
0
0.096457
0.077953
0
0
0.001181
0.01378
0.711811
0.240157
0.438976
0.089764
0
0
0.153543
0.356299
0
0.001969
0.005906
0
0
0
0
0
0
0
0
0
0
0
0
0
0
0
0
0
0
0.00315
0.026772
0
0
0
0.099606
0.026772
0
0
0
0
0
0
0.026772
0.111417
0.913386
0.337402
0
0.001181
0.040157
0
0.00315
0.162205
0
0.061024
0
0
0
0
0.004724
0.017717
0
0.00315
0.021654
0.281496
0.324803
0.008661
0
0
0.006693
0.18189
0.07874
0.135827
0.055118
0
0.012598
0.011024
0.012598
0.065748
0.358268
0
0
0.022441
0.706693
0.110236
0.00315
0.284252
0.25
0
0.011024
0.285433
0.122047
0.415354
0.025591
0
0
0
0
0
0
0
0
0
0
0
0
0
0
0
0
0
0
0
0
0
0
0
0.097244
0.008661
0.097244
0.027559
0.09252
0
0.011024
0.09252
0.008661
0
0
0
0
0.008661
0.177165
1.194882
0.340551
0.011024
0.28937
0
0.00315
0.024409
0.13189
0
0
0
0.027559
0.167323
0.06378
0.146457
0.033465
0.108268
0.440945
0.161417
0.074803
0
0
0
0
0
0
0.01378
0.393701
0.374803
0.531496
0.596457
0.751969
1.141732
0.876772
0.775591
0.333858
0.066929
0.105118
0.007874
0
0
0.029528
0
0
0
0.008661
0
0
0.017717
1.014567
0.494882
0.04252
0.005906
0.023622
0.059843
0.172441
0.134646
0.00315
0.004724
0.001969
0
0
0
0
0
0.001969
0.009843
0.057087
0
0
0
0
0
0
0
0.043307
0.014961
0
0
0
0
0.055906
0.152756
0
0
0.003937
0.112205
0
0
0.001181
0.029528
0.346457
0
0
0
0
0.00315
0
0
0.033465
0.00315
0.029528
0.001181
0.00315
0
0.027559
0.261811
0.437008
0.096457
0.326772
0.029528
0
0
0.012598
0
0
0
0
0
0
0
0
0
0
0.025591
0.129134
0.05
0
0
0
0
0
0
0.001969
0.036614
0.025591
0.179921
0.008661
0.020472
0
0.00315
0.491339
0.094488
0
0
0
0
0
0.026772
0
0
0
0.009843
0.072835
0
0
0
0
0
0.008661
0
0
0
0
0.155512
0
0
0
0.003937
0.001969
0
0
0
0
0
0
0
0
0
0
0
0
0
0
0
0
0
0
0
0
0
0
0
0
0
0
0
0
0
0
0
0
0.005906
0
0
0
0
0.016929
0
0
0
0
0
0
0
0
0
0
0
0
0
0
0
0
0
0
0
0
0
0
0
0
0
0
0
0
0
0
0
0
0
0.003937
0.097244
0.069685
0.464567
0.035433
0.419291
0.095276
0.004724
0.014961
0.024409
0.318898
0.080709
0.29252
0.094488
0.00315
0.001181
0.014961
0
0
0
0
0
0
0
0
0
0
0
0
0
0
0.006693
0.023622
0.194094
0.00315
0
0
0
0
0
0
0.012598
0.018504
0.614173
0.023622
0.566142
0.045276
0
0
0
0
0
0
0.023622
0.376772
0.052362
0.111417
0
0
0
0
0.004724
0
0
0.001181
0.00315
0.054331
0.189764
0.45
0.448031
0.008661
0.173228
0.007874
0
0
0.392913
0.108268
0.021654
0
0
0
0.018504
0.214567
0.06811
0
0
0
0
0
0
0.089764
0.021654
0
0
0
0.169291
0.026772
0.011024
0.049213
0.25
0.023622
0.137795
0.001969
0.011024
0
0.004724
0.02874
0.020472
0.214567
1.253937
0.062992
0.683071
0.02874
0
0
0
0
0
0
0
0.019685
0.015748
0.012598
0
0
0
0
0
0
0
0.008661
0.122047
0.417323
0.641732
0
0.083465
0.600394
0.006693
0.168504
0.022441
0.034646
0.597638
0.049213
0
0
0
0
0
0
0.011811
0.169291
0.024409
0.208661
0.075591
0.061024
0.012598
0.009843
0.03937
0
0.003937
0.004724
0.014961
0.065748
0
0
0
0
0
0
0
0
0
0.040157
0.045276
0
0.09252
0.007874
0.003937
0.222441
0.228346
0.152756
0.324016
0.015748
0.017717
0.086614
0.116142
0.007874
0
0
0.035433
0.229134
0
0
0
0
0
0
0
0
0
0.014961
0.044094
0.001969
0
0
0
0
0
0.004724
0.016929
0
0
0
0
0
0.011024
0
0
0
0
0
0
0
0
0
0
0
0
0.09252
0.580709
0
0
0
0
0
0.033465
0
0
0
0
0
0
0
0
0
0
0
0
0
0.003937
0
0.05
0.198819
0.114173
0
0
0.001181
0
0.011811
0.192126
0
0
0
0
0
0
0.015748
0.075591
0.020472
0.001181
0
0
0
0.07874
0.521654
0.007874
0
0
0
0.009843
0
0
0
0
0
0
0
0.027559
0
0.001969
0.017717
0.04252
0.036614
0
0
0
0
0
0
0
0
0
0
0.007874
0
0.003937
0.661417
0.267717
0.06378
0
0.462598
0.119291
0.001969
0
0
0
0
0
0
0
0
0
0
0
0
0
0
0
0
0
0
0
0
0
0
0
0
0
0
0
0
0
0
0
0
0
0
0
0
0
0
0.288189
0.095276
0
0
0
0
0
0
0
0
0
0
0
0
0
0
0
0
0
0
0
0
0
0
0
0
0
0
0
0
0
0
0
0
0
0
0
0
0
0
0
0
0
0
0
0
0
0
0
0
0
0
0
0
0
0
0
0
0.001181
0.015748
0
0.008661
0.079921
0.009843
0
0
0.001969
0
0
0.007874
0.237402
0
0.08189
0.448819
0.036614
0.023622
0.032283
0.01378
0
0
0
0.183071
0.054331
0.006693
0.009843
0.07874
0
0
0
0
0.001969
0.026772
0.720472
1.154724
0.020472
0.158661
0.062992
0.733071
0.031496
0.685827
0.509843
0.597638
0
0
0
0.035433
0.560236
0.088583
0
0
0
0.014961
0.183071
0.054331
0.057087
0
0
0
0
0
0.001969
0.258661
0.009843
0
0.016929
0.102362
0.043307
0.001969
0.021654
0.21063
0.105118
0.395669
0.25315
0.25
0.011811
0.209449
0.149606
0.698819
0.908661
0.001181
0.188976
0
0
0
0
0
0
0
0
0.032283
0.012598
0.089764
0.07874
0.148819
0
0
0
0
0
0
0.011024
0.030315
0
0.059055
0
0
0
0
0
0
0.001181
0
0
0
0
0
0
0
0
0
0
0
0.068898
0.462598
0.001181
0.008661
0.00315
0.032283
0.037402
0
0.018504
0.145669
0
0
0
0
0
0
0
0
0
0
0
0.113386
0.003937
0.001969
0
0
0.005906
0.017717
0
0
0
0
0
0.001181
0.007874
0
0
0
0
0
0
0
0
0
0.011811
0.137795
0.051181
0.00315
0.018504
0.124016
0.138976
0.032283
0.26378
0.098425
0.016929
0
0
0
0
0.012598
0.110236
0.036614
0.129921
0.00315
0.009843
0.030315
0.491339
0.027559
0.376772
0.178346
0.008661
0
0
0.03937
0.461811
0
0.262992
0.083465
0
0
0
0
0
0
0
0
0
0
0.023622
0.751181
0.023622
0
0.105118
0.138976
0.026772
0.145669
0.255906
1.244094
0.072835
0.035433
0.008661
0.082677
0.051181
0
0
0
0
0
0
0
0
0
0
0
0
0
0
0.315748
0
0
0
0
0
0
0
0
0
0
0
0
0
0
0
0
0
0
0
0
0
0
0
0
0
0
0
0
0
0
0
0
0
0
0
0
0
0
0
0
0.009843
0.066929
0
0
0
0.005906
0
0
0
0
0.175197
0
0
0
0
0
0
0
0
0
0
0
0
0
0
0
0
0
0
0
0
0
0
0
0
0
0
0
0
0
0
0
0
0
0
0.165354
0.005906
0
0
0
0
0
0.001181
0
0
0
0
0
0
0
0.00315
0
0
0
0
0
0
0
0
0
0
0
0
0
0
0
0
0
0
0
0
0
0
0
0
0
0
0
0.00315
0.312205
0.354331
0.046063
0.017717
0.394488
0.003937
0.08189
0.049213
0.104331
0.021654
0.131102
0.633071
0.012598
0.129921
0.271654
0.401575
0.008661
0.001969
0.019685
0.614173
1.208661
0.682283
0.019685
0.231496
0.009843
0.036614
0.273622
0
0
0
0
0
0
0.001181
0
0
0
0
0
0
0
0
0
0
0
0
0.006693
0.194094
0.275591
0.384646
0.448819
0.061024
0.34252
0.120079
0.001969
0.061024
0.100394
0.033465
0.152756
0.075591
0.007874
0.235039
0
0.03937
0.491339
0.090551
0.129134
0.183071
0.194882
0.783465
0.032283
0
0.295276
0.011811
0.034646
0
0
0
0
0
0.068898
0.67126
0
0
0
0
0
0
0
0
0.007874
0.06378
0.027559
0.04252
0
0
0
0
0
0
0
0
0
0
0
0.00315
0.024409
0.148819
0.038583
0.243307
0.001969
0.019685
0.370079
0
0
0
0
0
0
0.055118
0.738189
0.033465
0.175197
0.555118
0.074016
0.034646
0.467717
0.801181
0.046063
0.113386
0.052362
0.194882
0
0.041339
0.472441
0.008661
0.035433
0.101575
0.016929
0.159449
0
0.011024
0.109449
0.119291
0.034646
0.020472
0.18189
0
0.062992
0.282677
0.069685
0.194094
0.09252
0
0
0
0
0
0
0
0
0
0
0
0.033465
0
0
0
0
0.036614
0.660236
0.104331
0.521654
0.246063
0.246063
0.033465
0
0
0
0.007874
0.150787
0
0
0
0
0
0
0.070866
1.058268
0.102362
0
0
0.029528
0
0
0
0
0
0
0
0
0.072047
0.639764
0.110236
0.008661
0.005906
0.10315
0.054331
0.009843
0
0
0
0.001969
0.004724
0.282677
0
0
0
0
0
0
0
0
0
0
0.083465
0.072835
0
0
0
0
0
0
0
0
0
0
0
0.007874
0.033465
0
0
0
0
0
0
0
0
0
0
0
0
0
0
0
0
0
0
0
0
0
0
0
0
0
0
0
0
0
0
0
0
0
0
0
0
0
0
0
0.021654
0.348425
0.006693
0
0
0
0
0
0
0
0
0
0
0
0.184252
0.016929
0
0
0
0
0
0.027559
0.293307
0
0
0
0
0
0
0
0
0
0
0
0
0
0
0
0
0.163386
1.294488
0.163386
0
0
0
0
0
0
0.009843
0.045276
0.029528
0
0.064961
0.111417
0
0
0
0
0
0
0
0
0
0
0
0
0
0
0
0
0
0
0
0.038583
0.223622
0.286614
1.170472
0.388976
0.100394
0.097244
0.346457
0.011811
0
0
0
0
0
0
0
0
0.00315
0.008661
0
0
0
0
0.001181
0
0
0
0
0
0
0
0
0
0
0.076772
0.146457
0.377953
0.262992
0
0
0
0
0
0
0
0.021654
0.944094
0.055906
0.012598
0.337402
0
0
0
0
0
0
0
0
0
0
0
0
0
0
0
0
0
0
0
0
0
0
0.016929
0.25315
0.011024
0
0.001969
0.001969
0.107087
1.865354
2.297244
0
0
0
0.01378
0.257874
0.102362
0.021654
0.276772
0
0
0
0
0
0
0
0
0.011811
0.07874
0.001181
0.015748
0.096457
0.376772
0.090551
0.445669
0.01378
0.074016
0.158661
0.057087
0.077953
0.015748
0.045276
0.011024
0
0
0.016929
0.114173
0
0.091732
0.41811
0.15748
0.019685
0
0
0
0
0
0
0
0
0
0
0.012598
0.444882
0.357087
0.266929
0.185039
0
0.018504
0.231496
0.016929
0.511024
0.08189
0.112205
0.006693
0.175197
0
0
0
0
0
0
0
0.017717
0.159449
0
0.001181
0.027559
0
0
0
0
0
0
0
0
0
0
0
0.147638
0.058268
0
0
0
0
0
0
0
0.040157
0.45748
0
0.004724
0
0
0.101575
0.586614
0.007874
0
0
0.009843
0
0
0.006693
0
0
0
0
0.001181
0
0
0
0
0
0
0
0
0
0
0
0
0
0.022441
0.062992
0.199606
1.055118
1.05315
0.019685
0.011811
0.072047
0.511811
0.116142
0.011811
0.652756
0.215354
0.119291
0.009843
0.011811
0
0
0.001181
0
0
0
0
0
0.001181
0
0
0
0
0
0
0
0
0
0
0
0
0
0
0
0
0
0
0.00315
0.055906
0.001181
0
0.003937
0
0
0
0
0
0
0
0
0
0
0
0
0.011811
0.687008
0
0
0
0
0
0
0
0
0
0
0.185039
0
0
0
0
0
0
0
0
0.00315
0.016929
0
0
0
0
0
0
0
0.001969
0.09252
0.004724
0.01378
0.041339
0
0
0.00315
0.006693
0.00315
0
0
0.009843
0.209449
0
0
0
0
0
0
0
0
0
0
0
0
0
0
0
0
0
0
0
0
0
0
0
0.004724
0.065748
0.413386
0.090551
0
0
0
0
0
0
0
0
0
0
0
0
0
0
0
0
0
0
0
0
0.008661
0.44685
0.041339
0.009843
0.017717
0.21063
0
0
0
0
0.008661
0.054331
0
0.026772
0.492913
0.017717
0
0.001969
0.034646
0.006693
0
0.030315
0.41063
0.007874
0
0
0
0.046063
0.779528
0
0
0.001969
0.045276
0.012598
0.020472
0
0
0
0.027559
0.685827
0.06811
0.001969
0
0.005906
0
0.00315
0
0
0.035433
0
0
0
0
0.018504
0.786614
0.05
0
0.061024
0
0.006693
0.044094
0
0.026772
0.095276
0.001969
0
0
0
0
0
0
0.001181
0.021654
0
0
0
0
0
0
0
0
0.003937
0.012598
0
0.021654
0.227559
0.016929
0.307087
0.288189
0.05315
0.011024
0
0
0.021654
0.406299
0
0
0
0
0
0
0
0
0
0
0
0
0.011811
0.46063
0.200787
0.501181
0.165354
0
0
0
0
0
0
0.01378
0.179134
0
0
0.005906
0.006693
0.012598
0
0
0
0
0
0
0
0
0
0.049213
0.187008
0.579921
0.553937
0.581496
0.151575
0.036614
0
0
0.006693
0.095276
0.007874
0.218504
0.03937
0.108268
0
0.003937
0
0.082677
0.008661
0.020472
0.05315
0.055906
0.246063
0.105118
0.261811
0.174409
0
0
0
0
0
0
0.006693
0
0
0.185827
0.259843
0
0.014961
0.006693
0.059055
0
0
0
0.004724
0.040157
0
0.006693
0.01378
0.001181
0.024409
0.164567
0.040157
0.099606
0.194094
0.052362
0.018504
0
0
0
0.009843
0.485039
0.020472
0
0
0
0.004724
0.004724
0.038583
0.008661
0
0.030315
0.036614
0.432283
0.03937
0.011811
0.302362
1.025591
0.150787
0.001181
0.005906
0
0
0
0
0
0
0
0
0.179134
0.061024
0
0
0
0
0
0
0
0
0
0
0
0
0
0
0
0
0
0
0.059843
0.885827
0
0
0
0.232283
0.062205
0.001969
0.001969
0.006693
0.009843
0.377953
0
0
0
0
0
0
0
0
0
0
0
0
0.001969
0
0
0.040157
0.290551
0.468504
0
0
0
0
0
0.001969
0.003937
0.119291
0
0
0
0
0
0
0
0
0
0
0
0
0
0
0
0
0
0
0
0
0.006693
0.034646
0
0
0
0.033465
0.169291
0
0
0
0
0
0
0
0
0
0
0
0
0
0
0
0
0
0
0
0
0
0
0
0
0
0
0
0
0
0
0
0
0
0
0
0
0
0.074016
0
0
0
0
0
0
0
0
0
0
0
0
0
0
0
0
0
0
0
0
0
0
0
0.006693
0
0.080709
0.238976
0.576772
0.058268
0.059843
0.086614
0
0
0
0
0
0
0
0
0
0.154331
0.084646
0
0
0.023622
0.034646
0.064961
0
0.093701
0.766929
0.153543
0.014961
0.477165
0
0
0.003937
0.017717
0
0.03937
0.297244
0.009843
0
0
0.006693
0.112205
0
0
0.004724
0.633858
0.532283
0
0
0
0.001969
0.001181
0
0
0
0
0.043307
0.561811
0.033465
0.001181
0.021654
0
0
0
0
0
0.011811
0.011024
0.024409
0.009843
0
0
0.021654
0.006693
0.450787
0.135827
0.033465
0.448031
0
0
0.048425
0.033465
0
0
0
0
0.034646
0.054331
0
0
0
0
0
0
0
0
0
0.008661
0.104331
0
0
0.005906
0.359055
0
0.00315
0
0
0
0
0
0
0
0.003937
0.195669
0.029528
0.149606
0.29252
0.074803
0
0.020472
0.033465
0.043307
0.433071
0.029528
0
0
0
0
0
0
0
0
0.00315
0.051181
0.09252
0.095276
0.047244
0.017717
0
0.005906
0
0
0
0
0.03937
0.139764
0.17126
0.03937
0
0
0
0
0
0.045276
0.509055
0.01378
0.110236
0
0
0
0.018504
0
0
0
0
0
0
0
0
0
0.164567
0.072835
0.023622
0.047244
0.062205
0.00315
0.02874
0.06378
0.409449
0
0
0
0
0
0
0
0
0
0
0
0.031496
0.207874
0
0
0
0
0
0
0.016929
0.006693
0
0
0
0
0
0
0.03937
0
0.003937
0.026772
0.188189
0.162205
0
0
0
0
0
0
0
0
0
0
0
0
0
0
0
0
0
0
0
0
0
0.011024
0.15748
0.066929
0
0.001969
0
0.014961
0.564961
0
0
0
0
0
0.023622
0.006693
0
0
0.05
0.577953
0.19685
0
0
0
0.020472
0.817717
0
0
0
0
0
0
0
0
0
0
0
0
0
0
0
0
0
0
0
0
0
0
0
0
0
0
0
0
0
0
0
0
0
0
0
0
0
0
0
0
0.006693
0
0
0
0
0
0
0
0
0
0
0
0
0
0
0
0.00315
0.029528
0.021654
0.246063
0
0
0
0
0
0
0
0
0
0
0
0
0
0
0
0
0
0
0
0.001181
0.015748
0
0
0
0
0
0.014961
0.041339
0.190945
0.113386
0
0
0
0
0
0
0
0
0
0
0
0
0
0
0
0
0.181102
0.639764
0
0
0
0
0.015748
0.003937
0.207874
0.233465
0.566142
0.21063
0.400787
0.026772
0.001181
0.032283
0.017717
0
0.00315
0.003937
0.027559
0
0
0
0
0
0
0
0.006693
0.108268
0.220472
0.041339
0.077953
0.496063
0.05315
0.001181
0.038583
0.00315
0.122835
0
0
0.00315
0.168504
0.23622
0
0
0
0.076772
0.072835
0.856299
1.027559
0.925984
0.231496
0.061024
0
0.044094
0
0.05315
0.187008
0.090551
0.001969
0.033465
0.06811
0
0
0
0
0.001969
0.047244
0.433858
0.061024
0.088583
0.393701
0.479528
0
0.015748
0.114961
0
0.032283
0.136614
0.138976
0.09252
0.076772
0.047244
0.001969
0.06378
0.564961
0.016929
0.055118
0
0.001181
0.131102
1.459843
0.620079
0.966535
0
0
0
0
0
0
0
0
0
0
0
0
0.003937
0.160236
0
0
0.064961
0.145669
0.047244
0.215354
0.020472
0
0
0
0
0.025591
0.029528
0.104331
0.322835
0.127953
0.090551
0.869291
0.001969
0.001181
0
0
0.001181
0.001969
0.004724
0.065748
0.017717
0
0
0
0
0
0.161417
0.133071
0.008661
0.181102
0.23622
0.208661
0.385827
0.614173
0.036614
0.001181
0
0
0.020472
0.394488
0.561024
0
0
0
0
0
0.031496
0.018504
0.240945
0.036614
0.127953
0.3
0.006693
0.014961
0.058268
0.208661
0.008661
0.03937
0.051181
0
0.008661
0.036614
0.033465
0.020472
0.906299
0.15748
0
0.007874
0.024409
0.008661
0.079921
0.054331
0.026772
0.016929
0
0
0
0
0
0.019685
0.336614
0.011811
0.006693
0.259843
0.011024
0
0
0
0
0
0
0
0
0
0
0
0.040157
0.004724
0.001181
0
0
0.003937
0.011024
0.00315
0.03937
0.001969
0.009843
0.244882
1.584646
0.740157
0.288189
0.035433
0.547244
0.841732
0.08189
0.049213
0
0
0
0
0
0
0
0
0
0
0
0
0
0
0
0
0
0
0
0
0
0
0
0
0
0
0
0
0
0
0
0
0
0
0
0
0
0
0
0
0
0
0
0.012598
0.046063
0.074016
0
0
0
0
0
0
0
0
0
0
0
0
0
0
0
0
0
0
0
0.00315
0
0.021654
0.422441
0.066929
0
0
0.012598
0
0
0
0
0
0
0
0
0
0
0
0
0
0
0
0
0
0.004724
0.016929
0
0
0
0
0
0
0
0
0
0.029528
0
0
0
0
0
0
0
0
0
0
0
0
0
0
0
0
0.017717
0.012598
0.139764
0
0
0.00315
0.041339
0.343701
0.037402
0
0.02874
0.340551
0
0
0
0
0
0
0
0
0
0
0
0
0
0
0
0
0
0
0
0
0
0
0
0
0
0
0
0
0
0
0
0
0.005906
0.090551
0
0
0.004724
0.015748
0.02874
0
0
0
0
0
0.338583
0.032283
0.165354
0.021654
0.015748
0.226378
0
0
0.472441
0.751181
0.012598
0.011811
0.598425
0.057087
0.183071
0.233465
0.001969
0
0
0
0
0.016929
0
0
0
0
0
0
0
0
0
0.161417
0.037402
0.314961
0.021654
0.005906
0.246063
0.083465
0.043307
0
0.311024
0.037402
0.02874
0.032283
0
0
0
0
0
0
0
0
0
0.089764
0.027559
0.373228
0.022441
0.023622
0.001969
0.001969
0
0
0
0
0
0
0
0
0.003937
0.005906
0.208661
0.005906
0.009843
0.356299
0
0
0
0.016929
0
0.009843
0.07874
0.06811
0.107087
0.046063
0.208661
0.045276
0.019685
0.005906
0.040157
0.099606
0.111417
0.032283
0
0
0
0
0.001181
0
0
0
0
0.026772
0.072835
0
0
0
0.001181
0.280315
0.004724
0.017717
0.017717
0
0.003937
0.017717
0.00315
0
0
0
0
0
0.007874
0.232283
0.011024
0
0
0
0
0.012598
0.161417
0.041339
0.022441
0.044094
0.006693
0.001181
0
0
0
0
0
0
0
0
0
0
0.011811
0.018504
0.074803
0.127953
0.015748
0
0
0.006693
0
0
0
0.001969
0.034646
0.228346
1.514567
0
0
0.012598
0
0
0
0
0.011811
0.167323
0.011811
0.006693
0.003937
0.055906
0.349606
0.791339
0.008661
0
0
0
0
0
0
0
0
0.154331
0.021654
0
0
0.007874
0.02874
0.214567
0
0
0
0
0
0
0
0.001969
0
0
0
0
0
0
0
0
0
0
0
0
0
0
0
0
0
0
0
0
0
0
0
0
0
0
0
0
0
0
0
0
0
0
0
0
0
0.001969
0.06378
0
0
0
0
0
0
0
0
0
0
0
0
0
0
0
0
0
0
0
0
0
0
0
0
0
0
0
0
0
0
0
0
0
0
0
0
0
0
0
0
0
0
0
0
0
0
0
0
0
0.043307
0.001181
0
0
0
0
0
0
0
0
0
0
0
0
0
0
0
0.164567
0.109449
0
0
0
0
0
0
0
0
0
0
0
0
0
0.006693
0.096457
0.094488
0
0
0
0
0
0
0
0
0
0
0
0.040157
0.215354
0
0
0.059843
0.783465
0.134646
0.00315
0.179921
0.435827
0.032283
0.019685
0.049213
0.768504
0.011811
0.005906
0.045276
0
0.005906
0.031496
0.324803
0.620866
0
0.007874
0.08189
0
0
0.016929
0.416142
0.438976
0.079921
0.129921
0.020472
0.058268
0.026772
0.023622
0.001181
0.116929
0
0.018504
0.140945
0.023622
0
0
0.005906
0.02874
0.011811
0.005906
0.065748
0.059055
0.494882
0.024409
0.158661
0
0
0
0
0.001181
0.355118
0.001969
0
0.045276
0.472441
0
0
0
0
0
0
0.011811
0.172441
0.122047
0.179921
0.340551
0.780709
0.419291
0.381102
0.51378
0.693701
0.352362
0.165354
0
0.059055
0.131102
0
0
0
0.003937
0.064961
0.00315
0.01378
0.606299
0.097244
0.178346
0.038583
0.60748
0.837402
0.622835
0.001181
0
0
0
0
0
0
0
0
0.001969
0.007874
0.06378
0.001181
0
0.001969
0.061024
0
0
0
0
0
0
0
0
0
0
0
0.031496
0.834646
0.572835
0.003937
0.033465
0.003937
0.001181
0.099606
0.26063
0.561024
0.198819
0.112205
0.093701
0.31378
0.15748
0
0.014961
0.662598
0.070866
0.409449
0.090551
0.102362
0.109449
0.059843
0
0.005906
0
0
0
0
0.009843
0.286614
0
0
0
0.068898
0.312992
0.322047
0.285433
0.037402
0.022441
0.025591
0.062992
0.992126
0
0.052362
0.016929
0.031496
0.087402
0.015748
0.353543
0
0
0
0
0
0.008661
0.018504
0.448819
0.122835
0.502756
0.369291
0.008661
0.019685
0.270866
0.008661
0.011811
0
0
0.192126
0.079921
0.038583
0.019685
0
0
0
0
0
0
0
0
0.044094
0.068898
0
0
0
0
0
0
0
0
0
0.00315
0.014961
0
0.007874
0.120079
0.147638
0.172441
0
0
0.00315
0.041339
0
0.02874
0.864173
1.037402
0.015748
0.059843
0.238189
0.054331
0.011024
0
0
0
0
0
0
0
0
0
0.004724
0
0.00315
0
0
0
0.001969
0.017717
0.049213
0.614961
0.059055
0.043307
0.395669
0.00315
0
0
0
0.018504
0.088583
0.020472
0
0.00315
0.435039
0
0
0.001969
0
0
0
0
0
0
0
0
0
0
0
0.001969
0.006693
0
0
0
0
0
0
0
0
0
0
0
0
0
0
0
0.006693
0
0
0
0
0
0
0
0
0
0
0
0
0
0
0
0
0
0
0
0
0
0
0
0.005906
0
0
0
0
0
0
0
0.014961
0.001969
0
0
0.038583
0
0
0
0
0
0
0
0
0
0
0
0
0.875197
0
0
0
0
0
0
0
0
0
0
0
0
0
0.00315
0
0
0
0
0
0
0
0
0
0
0
0.00315
0.027559
0.079921
0.003937
0
0.021654
0
0
0
0.017717
0
0.06378
0
0.009843
0
0.102362
0.009843
0.001181
0.055906
0.288189
0.026772
0.324016
0
0.215354
0.620079
0.019685
0.113386
1.064961
0.398425
0.430315
0.188189
0.026772
0.158661
0
0.679134
1.996063
1.016929
0.029528
1.959843
0.043307
0
0.024409
0
0.021654
0
0
0
0
0
0
0
0.058268
0.692913
1.025591
0.112205
0
0
0
0.001969
0.021654
0.024409
0
0.080709
0.357087
0.395669
0.006693
0
0
0
0.336614
0.741339
1.323622
0.262992
1.004724
0.555118
0.25
0.161417
1.140945
0.240157
0.105118
0.515748
0.225197
0.111417
0.3
0.029528
0.032283
0.001969
0
0
0.627165
0.021654
0.046063
0
0.049213
0.009843
0
0
0
0
0
0
0.309055
0.015748
0.223622
0.270866
0.309055
0.074803
0.009843
0
0.274409
0.059843
0.033465
0.037402
0.007874
0.016929
0.006693
0
0
0.17126
0.302362
0
0.018504
0.113386
0
0.001181
0.110236
0.135827
0
0
0
0
0
0
0
0
0
0.00315
0.068898
0.006693
0
0
0.320866
0.531496
0.023622
0
0
0.355118
0.009843
0.012598
0
0
0
0
0
0
0.09252
0.005906
0.006693
0.016929
0
0
0.145669
0.018504
0.069685
0.01378
0.160236
0.192913
0.008661
0.014961
0.530709
0.019685
0
0
0
0
0
0
0
0
0
0
0
0
0
0
0
0
0
0.008661
0.409449
0.152756
0.192126
0.324016
0.575591
0.069685
0
0.354331
0.228346
0.01378
0.018504
0
0
0
0.016929
0
0
0
0
0
0
0
0
0
0
0
0
0
0
0
0
0
0
0
0.083465
0.008661
0
0
0.001969
0
0.001969
0.246063
0.120079
0.113386
0.770866
0.020472
0
0
0
0
0
0
0
0
0
0
0
0
0
0
0
0.001969
0.007874
0.011024
0
0.12126
0.006693
0
0
0
0
0
0
0.00315
0
0.273622
0.016929
0.061024
0.009843
0
0
0
0
0
0
0
0
0
0
0
0
0
0.05
0.001181
0
0
0
0
0
0
0
0
0
0
0
0.05
0
0
0
0
0
0
0
0
0
0
0
0
0
0
0
0
0
0.091732
0.604331
0.041339
0.017717
0
0
0
0
0
0
0
0
0
0
0
0
0
0
0
0
0
0
0
0
0
0
0
0
0
0
0.083465
0.00315
0
0
0.424016
0.258661
0
0
0
0.26378
0.594488
0.307874
0.383071
0
0
0.496063
0.015748
0.00315
0
0
0
0
0.001181
0
0
0
0
0
0
0
0
0.052362
0.12126
0.001181
0.398425
1.057087
0.827559
0.587795
0.025591
0.364173
0.018504
0.084646
0.150787
0.011024
0
0.315748
0.022441
0.004724
0.364961
0.031496
0.011811
0
1.722441
0.192126
0.108268
0.608268
1.170472
1.018898
0.284252
0.30315
0.10315
0.007874
0
0
0
0
0
0.093701
0.830709
0.201575
0.05315
0.016929
0.198031
0.359055
0.40748
0.037402
0.145669
0.519685
1.519685
1.691732
1.681102
0.816929
0.012598
0
0
0
0
0
0
0
0
0
0
0
0
0.219291
0.001969
0
0.033465
0.311024
0.359055
0.00315
0
0.529528
0.143701
0.011811
0.22126
0
0
0.116142
0.235039
0
0
0.031496
0
0
0.03937
0.338583
0
0.240945
0.016929
0.011811
0.001969
0
0
0
0.189764
0.003937
0.03937
0.004724
0.153543
0
0
0
0.001969
0.205512
0.18189
0.016929
0
0.586614
0.035433
0.001969
0
0
0
0
0
0
0
0
0
0
0.122047
0.02874
0.114961
0.001969
0
0.185039
0.003937
0
0
0
0
0
0.001969
0.106299
0
0
0.136614
0.065748
0
0
0
0
0
0.024409
0.004724
0.055906
0
0
0
0
0.035433
0
0
0
0.138976
0.160236
0.131102
0.03937
0.19685
0.284252
0.054331
0
0
0.026772
0
0.188976
0.094488
0.014961
0
0
0
0
0
0
0
0
0
0.229134
0
0
0.177165
0
0
0
0
0
0
0
0
0.271654
0.897638
0
0
0.064961
0.027559
0.208661
0
0.085433
0.008661
0
0.278346
0.833465
0.015748
0.006693
0
0
0
0
1.889764
0.017717
0.03937
0
0
0
0
0
0
0
0
0
0
0
0
0
0
0
0.082677
0.392913
0.560236
0.020472
0.01378
0
0
0
0
0
0
0
0
0
0
0
0
0
0.588583
0
0.007874
0
0
0
0
0
0
0
0
0
0
0.253937
0.009843
0
0.001181
0
0
0
0
0
0
0
0
0
0
0
0
0
0
0
0
0.799213
0.120079
0.034646
0.001181
0
0.267717
0
0.024409
0.009843
0
0
0
0
0
0
0
0
0
0
0
0
0
0
0
0
0
0.498031
0.156299
0.038583
0.144488
0.364961
0
0
0
0
0
0
0
0
0
0
0
0
0
0.625984
0.034646
0
0
0
0.727559
0.015748
0.573622
0.10315
0.029528
0.011811
0
0.006693
0
0
0
0
0
0
0
0
0.057087
0
0
0
0
0
0.158661
0.001181
0.90748
0.029528
0
0
0
0
0.08189
0.37874
0.025591
0
0
0.032283
0.062205
0.04252
0.07874
0
0.02874
0.082677
0.003937
0.226378
0.005906
0
0
0.026772
0.116929
0.451969
0.110236
0.15748
0
0
0.038583
0.018504
0
0
0.021654
0
0.062992
0.29252
0.267717
0.052362
0
0
0
0
0.045276
0.108268
0.055906
0.496063
0.001181
0
0.021654
0.192913
0
0
0.164567
0
0
0
0
0
0
0
0.442913
0.443701
0.116142
0.620079
0.136614
0.024409
0.080709
0.075591
0.045276
0.14252
0.373228
0.270866
0.169291
0.02874
0.650394
0.414173
1.706693
0.027559
0.711811
0.001181
0.047244
0.074803
0.037402
0.114961
0.084646
0.242126
1.240157
0.015748
0.325591
0.061024
0
0.007874
0.356299
0.547244
0.038583
0.01378
0.069685
0.015748
0.011024
0.011024
0.051181
0.006693
0.047244
0.057087
0.281496
0.032283
0
0.037402
0.022441
0.037402
0.315748
1.243307
0.502756
0.041339
0.185039
0.066929
0.005906
0
0.052362
0.112205
0.219291
0.189764
0.059843
0
0.001969
0
0.049213
0
0
0
0
0.01378
0
0.001969
0.00315
0
0
0
0
0
0.379921
0.803937
0.458661
0.119291
0.003937
0.108268
0.151575
0.022441
0
0.459843
0.139764
0.041339
0.155512
0.261811
0.097244
0.218504
0.246063
0.006693
0.158661
0.036614
0.018504
0
0.044094
0.004724
0.007874
0
0
0
0
0
0
0
0
0.356299
0.004724
0
0
0
0
0
0
0.074803
0
0.238976
0.276772
0.087402
0.116142
0.005906
0.003937
0
0.044094
0.307087
0.00315
0.003937
0.021654
0.314961
0.052362
0
0.030315
0.925197
0.207874
0.019685
0.167323
0.047244
0.523622
0.004724
0.004724
0.109449
0.139764
0.036614
0.001181
0
0.065748
0.074803
0.027559
0
0
0
0
0.062992
0.437008
0.08189
0.004724
0
0.001181
0
0
0
0
0
0
0
0.082677
0
0
0.234252
0.001969
0
0
0
0
0
0
0
0
0
0
0
0
0
0
0.006693
0
0
0
0
0
0
0
0
0
0
0
0
0.278346
0.037402
0
0.045276
0
0
0
0
0
0
0
0
0
0
0
0
0
0
0
0
0
0
0
0
0
0
0
0
0
0
0
0
0
0
0
0
0
0
0
0
0
0
0
0
0
0
0
0.337402
0.004724
0
0
0
0
0
0
0
0
0
0
0
0
0
0
0.054331
0.009843
0
0.011024
0.004724
0
0
0.009843
0.006693
0
0
0
0
0.452756
0.015748
0.029528
0
0
0.274409
0.037402
0.005906
0
0
0
0
0
0
0
0
0.337402
0.268504
0.038583
0.015748
0.194094
0
0
0
0.560236
0.019685
0.225197
0.046063
0.261811
0.059843
0.586614
0.114961
0.044094
0.17126
0.097244
0.027559
0.024409
0
0.055906
0.017717
0.340551
0.034646
0
0.026772
1.568898
1.423228
1.007087
0.355118
0.014961
0.237402
0.205512
0.003937
0.271654
0.246063
0.33937
0.138976
1.053937
0.031496
0.024409
0.551181
0
0.113386
0.00315
0
0
0
0.101575
0.240157
0.001969
0
0
0.001181
0
0.247244
0
0.001181
0
0
0.066929
0
0
0
0
0
0.084646
0
0
0
0
0
0
0
0
0
0
0
0.059843
0.001969
0.033465
0.387795
0.36811
0.230315
0.791339
0.261811
0.110236
0.494882
0.136614
1.860236
0.089764
0
0.045276
0.062992
0.001181
0
0
0.200787
0
0.00315
0.001969
0.001181
0
0.360236
1.167323
0.009843
0.57874
0.064961
0
0
0
0.413386
0
0.10315
0.471654
0.247244
0.36811
0.080709
0.181102
0.025591
0.014961
0
0.273622
0.007874
0.548425
0.396457
0.00315
0.038583
0.299213
0.014961
0.020472
0
0
0.00315
0.036614
0.106299
0
0
0.011811
0
0
0.004724
0
0
0
0
0.011024
0
0
0
0
0.006693
0
0
0.001969
0.008661
0.138976
0.03937
0
0.00315
0.005906
0.164567
0.018504
0
0.379921
0.061024
0.029528
0.022441
0
0
0
0
0
0
0
0
0
0
0.029528
0
0
0
0
0
0.007874
0
0
0
0.187008
0.061024
0.111417
0
0
0
0
0
0
0.001969
0.083465
0.001181
0.05315
0.040157
0
0
0
0
0
0
0
0.00315
0
0
0
0
0
0
0
0
0
0
0.054331
0.00315
0.001181
0
0
0
0
0
0
0
0
0
0
0
0
0
0
0
0
0
0
0
0
0
0
0
0
0
0
0
0
0
0
0
0
0
0
0
0
0
0
0
0
0
0
0
0
0
0
0
0
0
0
0
0
0
0
0
0
0
0
0
0
0.001181
0.021654
0.133071
0
0.006693
0
0.083465
0.030315
0.479528
0
0
0
0
0
0
0
0
0
0
0.126772
0.024409
0
0
0
0
0.267717
0.011024
0
0
0
0
0
0
0
0
0
0
0
0
0
0
0
0
0
0
0
0
0
0
0
0
0
0
0
0
0
0
0
0
0
0
0
0.247244
0.052362
0.00315
0
0
0
0
0
0
0
0
0
0
0
0
0
0
0
0
0
0
0.298031
1.22126
0.068898
0.001181
0.00315
0
0
0
0
0
0
0
0.004724
0.001181
0.243307
0.033465
0
0
0
0.001181
0
0.60748
0
0
0.072835
0.054331
0.001969
0.032283
0.001969
0.032283
0.011024
0.131102
0.007874
0.007874
0.820866
0.293307
0.411417
0.074803
0.004724
0
0.023622
0.144488
0.011024
0.077953
0.016929
0.100394
0.001969
0.435039
0
0.001181
0
0.005906
0
0
0
0
0
0
0
0
0
0
0
0
0
0
0.158661
0.15748
0.29252
0.059843
0.080709
0
0.023622
0.022441
0.001969
0.525591
2.333858
0.18189
0.156299
0.770866
0.900787
0.383071
0.001969
0.137795
0.183071
0.582677
0.017717
0.080709
0.006693
0.158661
0.208661
0.05315
0.001181
0
0
0
0.278346
0.089764
0
0
0.001181
0.009843
0
0.007874
0
0
0.009843
0.105118
0.112205
0.475197
0.358268
0.194094
0.029528
0.006693
0.033465
0.001969
0
0
0.005906
0.985039
0.058268
0.005906
0.34252
0.238189
0.451969
0.253937
0.003937
0.099606
0.001181
0.045276
0.669291
0.01378
0.018504
0.003937
0
0.001181
0.087402
0
0
0.069685
0
0.054331
0.004724
0.00315
0.077953
0.00315
0
0
0.061024
0.005906
0
0
0
0.005906
0
0
0
0
0
0
0
0
0
0
0
0.00315
0
0
0.007874
0.728346
0.155512
0.189764
0.048425
0.679921
0.224409
0.038583
0.001969
0
0
0.001181
0.001181
0.00315
0
0
0.111417
0.001969
0
0
0.194094
0
0.127953
0
0
0.088583
0.001181
0.003937
0.070866
0.126772
0
0
0
0.101575
0.303937
0
0
0
0
0
0
0
0
0
0
0
0
0
0.001181
0
0
0
0
0
0
0
0
0.049213
0.00315
0.003937
0
0.135827
0.001181
0
0
0
0
0
0
0
0
0
0
0
0
0
0
0
0
0
0
0
0
0
0.003937
0.062205
0
0
0
0
0
0
0
0
0
0
0
0
0
0
0
0
0
0
0
0
0
0
0
0
0
0
0
0
0
0
0.083465
0
0
0
0
0.198819
0
0
0
0
0
0
0
0
0
0
0
0
0
0
0
0
0
0
0
0
0
0.06811
0.008661
0.112205
0.068898
0.024409
0
0
0
0
0
0
0
0
0
0
0
0
0
0
0
0
0
0
0
0
0
0
0
0
0
0
0
0
0
0
0
0
0
0.065748
0.139764
0.009843
0.00315
0
0
0
0
0
0.011811
0
0.76378
0.045276
0
0.015748
0
0.026772
0
1.077953
0.354331
0.086614
0.022441
0
0.061024
0.001181
0
0
0.054331
0
0.074016
0.038583
0.001969
0.026772
0
0
0.265748
0.069685
0
0
0
0
0
0
0
0
0.05315
0
0.009843
0.003937
0
0.136614
0.101575
0
0
0
0
0
0
0
0
0.001969
0.496063
0.253937
0.014961
0.145669
0.788189
0.116929
0.001181
0.06378
0
0.001181
0
0.001181
0
0
0.324016
0
0
0
0
0
0
0
0
0
0
0
0
0
0
0.016929
0.00315
1.322835
0.024409
0.179134
0.036614
0.069685
0.011024
0.001969
0
0
0
0
0
0
0
0.311024
0.007874
0
0
0
0.026772
0.00315
0
0
0
0.052362
0.031496
0.004724
0.001181
0.00315
0
0.14252
0.059055
0.065748
0.015748
0.003937
0
0
0
0
0.005906
0
0.045276
0.011811
0.181102
0.160236
0.001969
0.055906
0
0
0
0
0.277559
0.001181
0.004724
0.111417
0.011811
0
0
0.00315
0
0
0
0.001181
0
0
0.005906
0.194882
0.087402
0
0.001181
0.001181
0
0.105118
0.001181
0.23622
0.007874
0.009843
0.046063
0.017717
0
0
0
0.00315
0.099606
0
0
0.133858
0.192126
0.021654
0.001969
0.012598
0.085433
0.015748
0
0
0
0
0.001181
0.376772
0.398425
0.072835
0.011811
0
0
0
0
0
0
0.024409
0.00315
0
0.005906
0
0
0
0
0
0
0
0
0
0
0
0
0
0.46063
0.284252
0
0
0
0
0
0
0
0
0
0
0
0
0
0
0
0.011811
0
0.001181
0
0.05315
0.001181
0
0
0
0
0
0.021654
0
0
0
0
0
0
0
0
0
0
0
0
0
0.001181
0.469685
0.006693
0
0
0
0
0
0
0
0
0
0
0
0
0.388976
0.08189
0.00315
0
0
0
0
0
0
0.01378
0.001969
0
0
0
0
0
0
0
0
0.057087
0
0
0
0
0
0
0
0
0
0
0
0
0
0
0
0
0
0
0
0
0
0
0
0
0
0
0
0
0
0
0
0
0
0
0
0
0
0
0
0
0
0
0
0
0.077953
0
0.003937
0.016929
0
0
0
0
0
0
0
0
0.498031
0.094488
0.001181
0
0
0
0
0
0
0
0
0
0
0
0
0
0.080709
0.008661
0
0
0
0
0
0
0
0
0
0
0.029528
0
0
0
0
0
0
0.340551
0.110236
0.008661
0
0
0
0
0
0
0
0
0
0
0.110236
0.018504
0.015748
0
0.26063
0.372047
0
0.015748
0.19685
0.326772
0.837402
0.044094
0.322835
0.514567
0.138976
0.023622
0.459843
0.322835
0.05315
0.507874
0.340551
0.290551
0.047244
0.391732
0.233465
0.009843
0
0.057087
0.014961
0.100394
0.009843
0.109449
1.767717
0.062992
0
0.268504
0
0.347244
0.278346
0.006693
0.00315
0.02874
0.001181
0
0
0
0.024409
0.309055
0
0.561811
0.412598
0.387795
0.262992
0.01378
0
0.248031
0.059055
0.490157
0.017717
0
0
0
0
0
0.001969
0
0.006693
0
0.170079
0.011811
0.25
0.255906
0.114961
0.011024
0
0.02874
0.037402
0
0
0
0
0.01378
0
0
0
0
0
0.179134
0.343701
0.007874
0
0
0
0
0
0
0
0.00315
0.214567
0.032283
0.757874
0.054331
0.009843
0.109449
0.021654
0
0.007874
0
0
0
0
0
0
0.036614
0.005906
0.229134
0.020472
0
0.033465
0.008661
0.018504
0.030315
0.09252
0.006693
0.003937
0.134646
0.001969
0.006693
0
0
0
0.148819
0.398425
0.022441
0.012598
0
0
0
0
0
0
0
0
0
0
0
0.001181
0
0
0.302362
0.094488
0
0
0.116929
0.001969
0.011811
0.158661
0.104331
0.044094
0
0
0
0
0
0
0
0.100394
0.00315
0
1.740945
0.188976
0.019685
0
0
0
0
0
0
0
0
0
0
0
0
0
0
0
0
0
0.246063
0.062992
0.175984
0
0
0
0
0
0.001969
0.001969
0
0
0.40748
0.022441
0
0
0
0
0
0
0.004724
0
0
0
0
0
0
0
0
0
0.001181
0
0
0.008661
0
0
0.014961
0
0
0
0
0
0
0
0
0
0
0
0
0
0
0
0
0
0
0.003937
0
0
0
0
0
0
0
0
0.007874
0.001181
0
0
0
0
0
0
0
0
0
0
0
0.006693
0
0
0
0
0
0
0
0
0
0
0
0
0
0
0
0
0
0
0
0
0
0
0
0
0
0
0
0
0
0
0
0
0.007874
0
0
0
0
0
0
0
0
0
0
0.008661
0
0
0
0
0
0
0
0
0
0
0
0.014961
0.019685
0
0
0.015748
0
0
0
0
0
0
0
0
0
0
0
0
0
0
0
0
0
0
0
0
0
0
0
0
0
0
0
0
0
0
0
0
0
0.100394
0.900787
0.253937
0.317717
0.02874
0
0.215354
0.003937
0
0
0.070866
0.007874
0.001969
0
0
0
0
0
0
0
0
0
0
0
0
0
0
0
0
0
0
0
0
0.45
0.040157
0.062992
0.104331
0.412598
0.744094
0.906299
0.751181
0.037402
0.001181
0.145669
0.273622
0.005906
0.019685
0.023622
0
0.096457
0.299213
3.170472
0.929921
0.105118
0.761024
0.007874
0.007874
0.097244
0
0
0.001969
0
0
0
0
0.120079
0.319685
0.450787
0.88189
0.08189
0.008661
0
0
0
0
0
0.286614
0.192913
0.257087
0.036614
0.424016
0.048425
0.178346
0.01378
0.055118
0.00315
0.338583
0.080709
0.023622
0
0
0
0
0
0
0
0
0
0.364961
0.143701
0.006693
0.324016
0.020472
0.001181
0.136614
0.009843
0.011024
0.040157
0
0
0
0
0
0
0
0
0.015748
0.00315
0
0
0
0
0.001969
0.001181
0.094488
0.017717
0
0.714567
0.639764
0.097244
0.098425
0.026772
0
0.08189
0.023622
0.048425
0.083465
0.007874
0.13189
0.670079
0.194882
0.001181
0
0
0
0.392913
0.017717
0.004724
0.432283
0.074016
0.026772
0.004724
0.001181
0
0
0.133858
0.003937
0.33937
0.345276
0.423228
0.017717
0.097244
0.026772
0
0
0
0.043307
0.009843
0.571654
0.28937
0.084646
0
0.017717
0.179921
0.172441
0.00315
0
0.034646
0.204724
0.02874
0.017717
0.001969
0.278346
0.020472
0.011024
0.001969
0.184252
0.008661
0
0
0
0
0
0
0
0
0
0
0
0
0
0
0
0.001181
0
0
0
0
0
0
0
0
0
0
0
0
0
0
0
0
0
0
0
0
0
0
0
0
0
0
0
0
0
0
0
0
0
0
0
0
0
0
0
0.019685
0.00315
0
0
0
0
0
0
0
0
0
0
0
0
0
0
0.082677
0.21063
0.065748
0
0
0
0
0
0
0
0.219291
0.022441
0
0
0
0
0
0
0
0
0
0
0
0
0
0
0
0
0
0
0.008661
0
0
0
0
0
0.00315
0
0
0
0
0
0
0.129134
0
0
0
0.080709
0.089764
0.004724
0
0
0
0
0
0.004724
0
0
0
0
0
0
0
0
0
0
0
0
0
0
0
0
0
0.006693
0
0
0
0
0.00315
0
0
0
0
0
0
0
0
0
0
0
0
0
0
0
0
0
0
0.00315
0.011811
0.001181
0
0
0.347244
0.006693
0.299213
0.005906
0.045276
0.094488
0.199606
0
0.045276
0
0
0
0.076772
0.04252
0.046063
0.006693
0
0.284252
0.021654
0.00315
0
0.072835
0
0.040157
0.003937
0
0.192913
0.59252
0.126772
0.05315
0.021654
0
0.062992
0.90748
0.089764
0.125984
0.023622
0.005906
0.023622
0.429134
0.254724
0.807874
0.228346
0.034646
0
0
0
0.257087
0
0
0.001181
0.466535
0.025591
0.072835
0.024409
0
0.611024
0.007874
0.06811
0.341732
0.354331
0.021654
0.127953
0.005906
0.007874
0.096457
0.005906
0.110236
0.205512
0.055118
0
0.114961
0
0.135827
0.006693
0
0.032283
0.022441
0.127953
0.001969
0
0
0.240945
0.095276
0.003937
0.284252
0.204724
0.027559
0.126772
0.065748
0.001969
0.055906
0.011811
0.004724
0.00315
0.049213
0.354331
0.040157
0
0.001969
0
0
0
0
0
0.17126
1.892913
0.614961
0.01378
0.001181
0
0.001181
0.001181
0.089764
0.599606
0.254724
0.129134
0.069685
0
0.720472
0.185039
0.004724
0.048425
0.166142
0.020472
0
0
0.001181
0
0
0
0
0
0
0
0
0
0
0
0
0
0
0
0
0.290551
0.001969
0
0
0.178346
0.114961
0.003937
0
0
0
0
0
0
0
0
0
0
0
0
0
0.177165
0.347244
0.011024
0.082677
0.009843
0.049213
0.214567
0.08189
0
0
0
0
0
0
0
0
0
0
0
0
0
0
0
0.021654
0
0.585827
0.219291
0.011811
0
0
0
0
0
0.63189
0.099606
0.003937
0.009843
0.005906
0
0
0
0
0.040157
0.138976
0.093701
0
0
0
0
0
0
0
0
0.001181
0.008661
0
0
0
0
0
0
0
0
0
0
0
0
0
0
0
0
0
0
0
0
0
0.124803
0.481496
0.009843
0
0
0
0
0
0
0
0
0
0
0
0
0
0
0
0
0
0.004724
0
0
0
0
0.001181
0.315748
0.001969
0
0
0
0
0
0.093701
0
0.004724
0
0
0
0
0
0
0
0
0
0
0
0
0
0
0
0
0
0
0.152756
0.008661
0.016929
0.005906
0
0
0
0
0
0
0
0
0
0
0
0
0
0
0
0
0
0
0
0
0
0
0.004724
0.037402
0.022441
0.001181
0
0
0
0
0
0
0
0
0
0
0
0
0
0
0
0
0
0.501181
0
0
0
0
0
0
0
0.324016
0.470472
0.108268
0.404331
0.040157
0.026772
2.05315
0.085433
0
0.973622
0.295276
0.077953
0.080709
0.043307
0.017717
0
0
0.429134
0.003937
0
0
0
0
0
0.072835
0.012598
0
0.011811
0.001181
0
0.001969
0.001181
0
0.001969
0
0
0
0
0
0.48937
0.140945
0.303937
0.020472
0
0.034646
0.001969
0
0
0
0
0.001181
1.16063
1.715748
1.259055
0.05
0
0
0
0.001181
0
0
0
0
0
0
0
0
0
0
0
0.058268
1.009843
0.504724
0.072047
0.163386
0.155512
0.177165
0.351575
0.011024
0.006693
0
0
0.994882
0.183071
0.385827
0.072835
0.005906
0.015748
0
0
0.18189
0.003937
0.005906
0
0
0
0
0
0
0
0
0.043307
0.127953
0.105118
0.003937
0
0
0
0
0
0
0.001181
0
0.061024
0.001969
0
0
0
0
0.257087
0.465354
0.007874
0
0
0
0
0.207874
0.00315
0
0.004724
0
0
0
0
0.024409
0.005906
0.237402
0.003937
0
0
0
0
0
0
0
0
0
0
0
0
0
0
0
0.001181
0
0.00315
0.240945
0.202756
0.003937
0.001969
0
0.018504
0.537402
0.219291
0.085433
0.001181
0
0
0.020472
0.155512
0.001969
0
0.14252
0.188189
0.035433
0
0
0.001181
0.001181
0.005906
0
0
0.266929
0.02874
0.011811
0.007874
0.001969
0
0.134646
0.001969
0
0.006693
0
0.983465
0.059843
0.131102
0.006693
0.116929
0.008661
0.11811
0.244094
0.111417
0.023622
0.51378
0.642913
0.526772
0.026772
0.001969
0.001969
0.046063
0.299213
0.159449
0.155512
0.164567
0.219291
0.183071
0
0
0
0
0
0
0
0.108268
0.096457
0.009843
0.003937
0.005906
0
0
0
0
0.006693
0.150787
0.00315
0.001181
0
0
0
0
0
0
0
0.030315
0.26378
0
0
0
0
0
0
0
0.007874
0
0.011024
0
0
0
0
0
0
0
0
0
0
0
0.007874
0
0
0
0
0
0
0
0
0
0
0
0
0
0
0
0
0
0
0
0
0
0.005906
0
0
0
0
0
0
0
0
0
0
0
0
0
0
0
0
0
0
0
0
0
0
0
0
0
0
0
0
0
0
0
0
0
0
0
0
0
0
0
0.001181
0.08189
0.001181
0
0
0
0
0.074016
0.134646
0.001181
0
0
0
0.194094
0.009843
0
0
0
0
0
0
0
0.003937
0.093701
0.012598
0.001181
0
0
0
0.00315
0
0
0
0
0
0.36811
0.139764
0.018504
0
0
0.008661
0
0
0
0
0.006693
0.363386
0.00315
0.015748
0.220472
0
0.014961
0.006693
0.557087
0.05
0.773622
0.064961
1.527559
1.438189
0.851181
0.029528
0
0.020472
0
0.107087
0.240945
0.00315
0
0
0
0
0
0
0
0
0
0.494094
0.290551
0.008661
0.317717
0.415354
0.011811
1.343307
0.285433
0.019685
0.011811
0
0
0
0.090551
0.00315
0
0
0
0
0
0
0
0
0.160236
0.542126
0.411417
0.093701
0.370079
0.226378
0.020472
0.114173
0.234252
0.299213
0.937008
0.45
0.425197
1.964567
0.305118
0.310236
0.011811
0.799213
0.001969
0
0.032283
0.174409
0.022441
0.08189
0.322835
0.001181
0.158661
0.990157
0.064961
0.26063
0.079921
1.032677
0.136614
0.090551
0.355118
0.015748
0.026772
0.003937
0.003937
0.244882
0.179134
0.529528
0.169291
0.590551
0.026772
0.885039
0.413386
0.020472
0.183071
0.072047
0
0.005906
0
0
0
0
0
0
0
0
0
0
0.00315
0
0
0
0.006693
0
0
0
0
0.318898
0.948031
0.049213
0.219291
0
0.140945
0.003937
0.003937
0.34252
0.025591
0.22126
0.058268
0.051181
0.009843
0.011024
0.278346
0.008661
0.00315
0.00315
0.003937
0.006693
0
0.018504
0
0.001181
0.021654
0.126772
0.005906
0
0.001969
0.144488
0.004724
0.090551
0.15748
0.033465
0.235039
0.168504
0.046063
0.007874
0
0
0.069685
0.209449
0.004724
0.175984
0.006693
0
0.216535
0.084646
0.016929
0.001969
0
0
0.007874
0.059843
0
0
0.058268
0.00315
0
0
0
0
0
0
0
0
0
0
0
0
0
0
0
0
0
0
0
0
0
0
0.001181
0.25315
0.112205
0.014961
0.003937
0.048425
0.037402
0.001181
0.096457
0.034646
0.001969
0
0
0
0.01378
0.006693
0.003937
0
0
0
0
0
0
0
0
0
0.614961
0
0.00315
0
0
0
0
0
0
0
0
0
0
0
0
0.086614
0.423228
0
0
0.001969
0
0
0
0
0
0
0
0
0
0
0
0
0
0
0
0
0
0
0
0
0
0.003937
0
0
0
0
0
0
0
0
0
0
0
0
0.006693
0.055906
0.01378
0
0
0
0
0
0
0
0
0
0
0
0
0
0
0
0
0
0
0
0
0
0
0
0
0
0
0
0
0
0
0
0
0
0
0
0
0.005906
0.00315
0
0
0
0.001181
0.080709
0
0
0
0
0
0
0
0
0
0
0
0
0
0.614173
0.062992
0.006693
0
0
0
0
0
0
0
0
0.203937
0.150787
0.00315
0
0
0
0
0
0
0
0
0
0
0
0
0
0
0.017717
0.172441
0.179134
0.001181
0
0.01378
0.21063
0.033465
0.001969
0.45
0
0.713386
0.65748
0.017717
0.452756
0.016929
0
0
0.140945
0.008661
0.079921
0.160236
0
0.004724
0.031496
0.315748
0.147638
0.065748
0
0.001181
0
0
0
0
0
0
0.014961
0.009843
0.265748
0.016929
1.033465
1.471654
0.641732
0.126772
0.011024
0
0
0
0
0.272835
0.068898
0.001181
0.001969
0.448031
0.228346
0.999213
0.06378
0
0
0
0
0
0.347244
1.147638
0.061024
0.038583
0.095276
0.005906
0
0.021654
0.03937
0.00315
0
0
0
0
0.065748
0.001181
0
0
0
0
0
0
0
0
0
0
0
0
0
0
0
0
0
0
0
0
0.474409
0.34252
0.154331
0.282677
0.025591
0.024409
0
0.295276
0
0
0.012598
0
0
1.415354
1.861417
0.124803
0.144488
0.570866
0.085433
0.244094
0.084646
0.037402
0.120079
0.026772
0
0
0
0.017717
0.009843
0.133071
0
0
0
0
0
0
0
0
0
0
0.282677
0.014961
0
0
0
0.094488
0.036614
0.156299
0.026772
0
0
0
0
0
0
0
0
0
0.055906
0.007874
0.02874
0.004724
0.075591
0.076772
0.00315
0.170079
0.059843
0
0.001181
0.129134
0.12126
0.003937
0.00315
0.094488
0.001969
0.00315
0
0
0
0
0
0
0
0.399606
0.014961
0.094488
0
0
0
0.001181
0.271654
0.160236
0
0
0
0
0
0
0
0
0
0
0
0
0
0
0
0
0
0
0
0
0
0
0.006693
0
0
0.913386
0.074016
0.016929
0
0
0.009843
0
0
0
0
0
0
0
0
0
0
0
0
0
0
0
0
0
0
0
0
0
0
0
0
0
0
0
0
0
0
0.004724
0.044094
0
0
0
0
0
0.653543
1.012992
0.001181
0
0
0
0
0
0
0
0
0
0
0
0
0
0
0
0
0
0
0
0
0
0
0
0
0
0
0
0
0
0.064961
0
0
0
0
0
0
0
0
0
0
0
0.070866
0
0
0
0
0.001969
0
0
0
0
0
0
0
0
0
0
0
0.06811
0.001181
0
0.051181
0.001969
0
0
0
0
0
0
0.07874
0.02874
0.011024
0.251969
0.012598
0.046063
0.022441
0.045276
0.00315
0
0
0
0.576772
0.035433
0.224409
0.003937
0
0
0.340551
0.425197
0.174409
2.791339
0.961417
0
0.072047
0
0
0
0
0
0
0
0.244094
0.026772
0
0
0
0
0
0.001181
0
0
0
0.017717
0.366142
0.008661
0.218504
0.012598
0.001181
0.03937
0.160236
0.282677
0.703937
0.057087
0
0
0
0
0
0.014961
0.13189
0
0.017717
0
0
0.009843
0.001969
0.522441
0.021654
0.133858
0.622047
0.06811
0.001969
0.009843
0
0
0
0
0.037402
0.026772
0.048425
0.014961
0.004724
0.970472
0.044094
0
0.072047
0.230315
0.026772
0.062205
0.062205
0.306299
0.138976
0.00315
0.011024
0.001969
0
0
0.976378
0.112205
0.091732
0.341732
0.364173
0.018504
0.801181
0.006693
0.208661
0
0.005906
0.012598
0
0
0
0
0.076772
0.00315
0
0.003937
0.008661
0
0.001969
3.351181
0.908661
0.23622
0.129134
0.90748
0.283465
0.140945
0.505906
0.01378
0.003937
0.001969
0
0
0
0
0
0
0.001969
0
0
0
0
0
0
0
0
0.029528
0.105118
0.208661
0.111417
0.005906
0
0
0
0.005906
0.097244
0
0.001969
0
0
0
0.003937
0
0.007874
0
0.156299
0.016929
0.019685
0.079921
0.021654
0.045276
0.091732
0.11811
0.047244
0.00315
0.001181
0
0.110236
0.012598
0.001181
0.062205
0.003937
0.004724
0
0.012598
0
0
0
0
0
0
0.001181
0.124803
0.005906
0
0
0
0
0
0.133858
0.001181
0
0
0
0.027559
0.007874
0.170079
0.172441
0.008661
0
0
0
0
0
0.047244
0.004724
0
0
0
0
0
0.00315
0
0
0
0
0
0
0
0
0
0
0
0
0
0.147638
0
0.01378
0.00315
0.019685
0.184252
0.17126
0.511811
0.49685
0.05
0.011024
0.279528
0
0.055906
0.020472
0.001969
0
0
0.001969
0
0
0
0
0
0
0
0
0
0
0
0
0.008661
0
0
0
0
0
0
0
0
0
0
0
0
0
0
0
0
0
0
0
0
0
0
0
0
0
0
0
0
0
0
0
0
0
0
0
0
0
0
0
0
0
0
0
0
0
0.107087
0.005906
0
0
0
0
0
0
0
0
0
0
0
0.058268
0
0
0
0
0
0
0
0
0
0
0
0
0
0
0
0
0
0
0
0
0
0
0
0
0
0
0
0
0
0
0
0
0
0
0
0
0
0
0
0
0
0
0
0
0.00315
0.738189
0.072047
0
0.023622
0
0
0.090551
0
0
0
0
0
0
0
0
0
0
0
0
0
0
0
0
0
0
0
0
0.046063
0.062992
0.184252
0.029528
0.273622
0.019685
0.890551
0.021654
0
0.584646
0.001969
0.347244
0.294094
0.024409
0.008661
0
0
0
0
0
0
0.016929
0.054331
0
0
0
0
0
0
0
0
0
0.021654
0
0
0
0
0
0.026772
0
0
0
0
1.712598
0.061024
0.140945
0.019685
0.004724
0
0.527559
0.00315
0.187008
0.310236
0.211811
0.06811
0.454724
0.001969
0.392913
0.444882
0.257874
0.005906
0
0.057087
0.074016
0.015748
0
0.076772
0.678346
0.017717
0.006693
0.005906
0
0
0
0
0
0
0
0
0
0
0
0
0
0.001969
0
0.277559
0.007874
0
0.235039
0
0
0
0
0
0
0
0
0.090551
0.003937
0
0.100394
0.003937
0.175984
0.014961
0.207874
0.034646
0.086614
0.003937
0.064961
0.001181
0
0
0
0.153543
0.891732
0.020472
0.019685
0.023622
0.004724
0
0.023622
0.131102
0.597638
0.257874
0.133858
0.014961
0
0
0.004724
0.004724
0
0
0
0
0.001969
0.521654
0.040157
0
0
0
0
0.021654
0
0.017717
0.027559
0.505906
0
0
0.055906
0.017717
0.017717
0
0
0.114961
0.004724
0
0
0
0.086614
0.189764
0.38189
0
0
0.004724
0.009843
0.016929
0
0
0
0
0
0
0
0
0
0
0
0
0
0
0
0.156299
0.32874
1.106299
0.020472
0.358268
0.072835
0.00315
0
0
0
0
0
0
0.008661
0
0
0
0
0
0
0
0
0
0
0
0
0
0
0
0
0.364961
0.617323
0.01378
0.162205
0.345276
0.178346
0.019685
0
0
0
0.251969
0.166142
0.168504
0.016929
0.170079
0.055906
0.059055
0
0
0
0
0.036614
0
0
0
0
0
0
0
0
0
0
0.001181
0.001181
0
0
0
0
0
0
0
0
0
0
0
0
0
0
0
0
0
0
0
0
0
0
0
0
0
0
0.011024
0.005906
0
0.074803
0
0.007874
0
0
0.038583
0
0
0
0
0
0
0
0
0
0
0
0
0
0
0
0
0
0
0
0
0
0
0
0
0
0
0
0
0
0
0
0
0
0
0
0
0
0
0
0
0
0
0
0
0
0
0
0
0
0
0
0
0
0.004724
0
0
0
0
0
0
0
0
0
0
0
0
0.006693
0.220472
0.102362
0.00315
0
0
0.055118
0.029528
0.012598
0
0
0
0
0
0.079921
0.048425
0
0.167323
0
0
0
0.007874
0.019685
0.005906
0.122835
0.005906
0.017717
0
0.069685
0.003937
0.198819
0.06811
0.008661
0
0.026772
0
0.240157
0.055906
0
0.150787
0.222441
0
0.001181
0
0
0.309055
0.007874
0
0
0
0
0
0
0
0
0
0
0
0
0
0.038583
0.065748
0
0.030315
0.312992
0.024409
0.059055
0.024409
0
0.026772
0.094488
0.004724
0
0
0
0.034646
0
0
0.296457
0.122047
0.14252
0.136614
0
0
0.088583
0.048425
0.074016
0.064961
0.126772
0
0.008661
0.15748
0.211811
0.052362
0
0
0.001181
0.096457
0.278346
0.090551
0.113386
0.052362
0
0.034646
0.33189
0.679134
0.007874
0
0
0
0.052362
0
0.101575
0.262992
0.001969
0.116929
0.031496
0.019685
0.018504
0.052362
0.001181
0.122047
0.116142
0.122835
0
0.041339
0
0
0
0
0
0
0
0
0.270866
0.011024
0
0.085433
0
0
0
0.244094
0.090551
0.016929
0
0
0
0.014961
0.082677
0.005906
0
0.529528
0
0
0
0
0
0
0
0
0.090551
0
0
0.507874
0.005906
0
0
0.025591
0.237402
0.072047
0.020472
0.011024
0.345276
0.007874
0.188976
0.044094
0
0.005906
0
0
0
0.085433
0.189764
0.079921
0.043307
0
0
0
0
0.275591
0.230315
0.085433
0
0
0
0
0.688189
0.494094
0.06811
0.038583
0.001181
0
0
0.004724
0
0
0
0
0
0.198819
0.211811
0.001181
0
0
0
0
0
0
0.00315
0.011024
0.001969
0.110236
0.06378
0
0.00315
0.147638
0.178346
0.234252
0.001181
0
0
0.001969
0.00315
0.269685
0.51378
0.05315
0
0
0
0.106299
0.033465
0.003937
0.001969
0
0
0
0
0
0
0
0
0
0
0
0
0
0.008661
0
0
0
0
0
0
0.004724
0.020472
0
0
0
0.091732
0
0
0
0
0
0
0
0
0
0
0
0
0
0
0
0
0
0.046063
0.020472
0
0
0
0
0
0
0
0
0
0
0
0
0
0
0
0
0
0
0.018504
0
0
0.027559
0
0
0
0
0
0
0
0
0
0
0
0
0.009843
0
0
0
0
0
0
0
0
0.012598
0
0
0
0
0
0
0
0
0.004724
0.379921
0.126772
0.006693
0
0
0
0
0
0
0
0
0
0
0
0
0.189764
0
0
0
0.001181
0
0
0
0
0
0
0
0
0
0
0
0
0
0
0.67126
2.169291
0.774409
0.247244
0.008661
0.362205
0.551969
0.001181
0.070866
0.015748
0
0
0
0
0.022441
0.467717
0.188189
0.009843
0.399606
0.004724
0.001969
0
0.003937
0.01378
0.001969
0
0.448031
0.224409
0.014961
0.220472
0.064961
0.698031
0.007874
0
0
0.928346
1.885039
0
0.005906
0.109449
0.442913
0.761811
0.043307
0.001181
0.098425
0.011024
0.006693
0.254724
0.299213
0.195669
0.007874
0.126772
0.783465
0.040157
0
0
0.240157
0.240945
0.41063
0.015748
0.007874
0
0
0
0.413386
0.219291
0.17126
1.120079
0.080709
0.005906
0
0.059449
0
0.00315
0.005906
0
0.001181
0.003937
0
0.014173
0.00315
0.007087
0.072835
0.133071
0.023228
0.052362
0.108661
0.029528
0.020866
0
0
0
0
0
0
0
0
0
0
0.003937
0.011811
0.003937
0
0
0
0
0.000787
0.002756
0
0
0
0
0
0
0
0.003937
0.381496
0.457087
0.101969
0.062598
0.030709
0.00748
0.001969
0.017717
0.033858
0.144882
0.114961
0.03189
0.022441
0
0.001181
0.008268
0.009843
0.008268
0.084252
0.297638
0.186614
0.012598
0.019291
0.057087
0.035433
0.008268
0.059843
0.097638
0.162205
0.165748
0.040157
0.053543
0.035433
0.315748
0.23622
0.032677
0.024409
0.032677
0.037008
0.046457
0.052362
0.03189
0.002362
0.008268
0.005118
0.017717
0.033858
0.005906
0.025984
0.020866
0.049606
0.052756
0.009843
0
0.005906
0.011024
0.069685
0.082677
0.032677
0.053543
0.045669
0.212205
0.179921
0.066929
0.269685
0.26063
0.005118
0.030709
0.09252
0.053543
0.005118
0.001181
0.018898
0.011811
0
0
0
0
0
0
0
0.006693
0.017323
0
0
0.027165
0.028346
0
0
0.020079
0.068504
0.092126
0.07874
0.004331
0.005118
0.017323
0.012205
0.027165
0.029921
0.102362
0.049213
0.019291
0.014961
0.008661
0.004331
0.022047
0.044488
0.027165
0
0
0.01063
0.01378
0.000787
0
0
0
0
0.002756
0.007874
0
0
0
0
0
0
0
0
0
0
0
0
0
0.012992
0.041732
0.026772
0
0
0
0
0
0
0
0
0
0
0
0
0
0.02874
0.007087
0.001575
0
0
0.051181
0.074016
0.001575
0
0
0
0
0
0
0
0
0
0
0
0
0
0
0
0
0
0
0
0
0
0
0
0
0
0
0
0
0
0
0
0
0
0
0
0
0
0
0
0
0
0
0
0
0
0
0
0
0
0
0
0
0
0.062992
0.039764
0.018898
0.025197
0.012598
0
0
0
0
0
0
0
0
0
0.001181
0
0
0
0
0
0
0.004331
0.051181
0.088189
0.017323
0
0
0.11063
0.151181
0.001181
0
0
0
0
0
0
0
0
0
0
0
0
0
0
0
0
0
0
0
0
0
0
0.004724
0.009843
0.06063
0.064961
0.004724
0
0
0.001181
0
0
0
0
0.004724
0.011024
0.035039
0.117717
0.029921
0.039764
0.015748
0.012992
0.046063
0.081496
0.004724
0
0.015748
0.033071
0
0.00315
0
0
0
0
0
0
0
0
0
0
0
0
0
0.001181
0.001181
0
0
0
0
0
0
0
0
0
0
0
0.034252
0.10748
0.180709
0.090551
0.012205
0
0
0
0
0
0
0
0
0
0
0
0
0
0
0.018898
0.011024
0.005906
0.030315
0.038189
0.196457
0.284646
0.079921
0.105906
0.073622
0.127953
0.129134
0.01811
0.00315
0.001181
0.001181
0.012992
0.020472
0.002756
0
0
0
0.002756
0.01378
0.027165
0.012992
0.010236
0.008268
0.070079
0.124409
0.03189
0.019685
0.002756
0.000787
0.002756
0.019685
0.216929
0.136614
0.004331
0
0.068504
0.003937
0.059843
0.042126
0.081496
0.092913
0.047638
0.001181
0
0
0.00748
0.00748
0
0
0
0.030315
0.09252
0.067323
0.226772
0.188976
0.170472
0.432677
0.218504
0.026772
0.097638
0.06811
0.073228
0.094882
0.020866
0
0.001181
0
0.077953
0.158661
0.034252
0.059843
0.185039
0.016929
0.014961
0.083858
0.142126
0.071654
0.012992
0
0
0
0.038583
0.100787
0.169291
0.089764
0.048819
0.001969
0.011024
0.032677
0.066929
0.08189
0.01378
0
0.005118
0.012992
0.011024
0.173228
0.222047
0.001969
0
0
0
0
0.005118
0.032283
0.124803
0.004331
0
0
0
0
0
0
0
0
0
0
0.006693
0.022835
0
0
0
0.003543
0.009449
0
0.076378
0.156693
0.061024
0.011417
0.002756
0.005118
0
0
0
0
0.071654
0.190157
0.114173
0.005512
0.007087
0
0
0
0
0
0
0
0
0
0
0
0
0
0.003937
0.040945
0.045276
0.005512
0.057087
0.060236
0
0
0
0.017323
0.048819
0
0
0
0
0
0
0
0
0
0
0
0
0
0
0
0
0.002362
0.009449
0
0
0
0
0.011024
0.007087
0
0
0
0
0
0
0
0
0
0
0.029528
0.017717
0
0
0
0
0
0
0
0
0
0
0.013386
0.017717
0.008268
0.00748
0
0
0
0
0
0
0
0
0
0
0
0
0
0
0
0
0
0
0
0
0
0
0
0
0
0
0
0
0
0
0
0
0
0
0
0
0
0
0
0
0
0
0
0
0
0
0
0
0
0
0
0
0.00315
0
0
0.114961
0.09252
0
0
0.011811
0.013386
0.025197
0.101575
0.219685
0.285827
0.218898
0.004331
0.001575
0.005906
0.002756
0.00748
0.066142
0.02874
0.009843
0.009843
0
0.001181
0.00315
0.001181
0.053937
0.119291
0.02874
0.012992
0.038583
0.029921
0.011024
0.001181
0.070472
0.165354
0.176378
0.071654
0.285039
0.090551
0
0.00315
0.009843
0
0
0
0.041732
0.698425
0.666535
0.425197
0.551969
0.550787
0.094488
0.056299
0.00315
0
0
0
0.001181
0.037008
0.074409
0.007087
0.037008
0.076378
0.114567
0.096457
0
0
0.029921
0.102756
0.254331
0.364173
0.088189
0.145669
0.577953
0.033071
0.031102
0.026772
0.00315
0
0
0
0
0
0.031496
0
0
0.00315
0.114173
0.12126
0.022441
0
0
0
0
0
0
0
0
0
0
0
0.012992
0.047244
0.123228
0.038189
0.01811
0.034252
0.00315
0
0
0
0
0
0.006299
0.017717
0.032677
0.06063
0.000787
0
0
0
0
0
0
0
0
0
0.070079
0.170079
0.027165
0.000787
0.02874
0.027165
0.012992
0.008268
0.000787
0.006299
0.015748
0.003543
0.00748
0.020866
0.005906
0.047638
0.057087
0.020866
0.003543
0
0
0
0
0
0
0
0
0
0
0.008268
0.013386
0.005118
0
0
0
0.012598
0.022047
0.008268
0.003543
0
0.005118
0.235433
0.424803
0.020866
0.009055
0.017717
0.020866
0.024803
0.07874
0.124409
0
0.007087
0.003937
0
0
0.009843
0.033858
0.041732
0.012992
0
0
0
0
0
0
0
0
0
0
0
0
0
0
0
0
0
0.043701
0.173228
0.233465
0.175197
0.093701
0.005118
0
0
0
0.001575
0.043701
0.167323
0.163386
0.014961
0
0
0.008661
0.014961
0.015748
0
0.001181
0.05315
0.2
0.105906
0.01063
0
0
0
0
0
0
0
0
0
0
0
0
0
0
0
0
0
0
0
0.02126
0.041732
0.005906
0.001969
0.033858
0.203937
0.312205
0.082283
0.076772
0
0
0
0
0.038189
0.116929
0.008661
0
0
0
0
0
0
0
0
0
0
0
0
0
0
0
0
0
0
0
0
0
0
0.006299
0
0
0
0
0
0
0
0
0
0
0.012598
0.037795
0.015748
0.030315
0.004331
0.000787
0.091732
0.035433
0
0
0
0
0
0
0
0.046063
0.140157
0.005906
0.014567
0.051181
0.014567
0
0
0
0
0.000787
0.00315
0.004331
0.01378
0
0.006299
0.006299
0
0
0
0
0
0
0
0
0
0.064173
0.176378
0.037795
0
0.107087
0.259055
0.057874
0.027559
0.094488
0.096457
0.014567
0
0.020079
0.141339
0.112992
