start_date: 1960-10-01 24:00
start_date: 2013-09-30 24:00
data_date: 1960-10-01 24:00
timestep: 1 DAY
units: in/day
scale: 1.000000
#Series Slot: Gerber Reservoir.Precipitation Rate [1 in/day]
0
0
0
0
0
0.491339
0.198031
0
0
0.059055
0
0.038583
0
0
0
0
0
0
0
0
0
0
0
0
0
0.226378
0
0.031496
0
0
0
0
0
0
0
0
0
0.21063
0
0
0
0.146457
0.127953
0.185039
0.012598
0.041339
0.05315
0.054331
0.253937
0
0.018504
0
0.097244
0.143701
0.022441
1.08189
0.60315
0
0.011024
0.007874
0.001181
0.855512
0.425984
0
0
0
0
0
0
0
0
0
0
0
0
0.00315
0.038583
1.058268
0.114173
0
0
0
0
0
0
0
0.001181
0
0
0
0
0
0
0
0
0
0
0
0.00315
0
0.11811
0
0
0
0.015748
0.001181
0
0
0
0
0
0
0
0
0.069685
0.001181
0
0
0
0
0.12126
0
0.951575
0
0.935039
0
0.001181
0
0.105118
0.025591
0.168504
1.033465
0
0.413386
0.363386
0.124803
0.001969
0.268504
0
0.014961
0
0.007874
0
0
0.035433
0
0.001969
0.062205
0
0.090551
0
0.026772
0.001181
0
0.031496
0.229134
0.011024
0
0.00315
0.131102
0.068898
0.224409
0.014961
0.007874
0.032283
0.055906
0.017717
0.004724
0
0
0.037402
0
0.090551
0.07874
0.271654
0.045276
0.244882
0.089764
0
0
0
0
0
0
0
0
0
0
0
0
0
0
0
0.113386
0
0
0
0
0
0
0
0.111417
0.065748
0.200787
0.12126
0
0
0
0
0
0
0
0.122835
0.027559
0
0
0.012598
0.184252
0.074016
0
0.05
0.105118
0.195669
0.035433
0
0
0
0
0
0
0
0.093701
0
0
0
0
0
0.240945
0.003937
0.024409
0.67126
0.573622
0.038583
0.575591
0.178346
0.057087
0.009843
0
0.006693
0
0.052362
0.021654
0
0.161417
0
0
0
0
0
0
0
0
0
0
0
0
0
0
0
0
0
0
0
0
0
0
0
0
0
0
0
0
0
0
0
0.001181
0
0
0
0
0
0
0
0
0
0
0
0
0
0
0
0
0
0
0
0
0
0
0.090551
0.096457
0
0
0
0
0.021654
0.161417
0
0
0
0
0
0
0
0
0
0
0
0
0.020472
0
0
0
0.111417
0
0
0.020472
0
0
0
0
0
0
0
0
0
0
0
0
0
0
0.062992
0.419291
0.098425
0
0
0
0
0
0
0
0
0
0
0
0
0
0
0
0
0
0
0
0
0
0
0.283465
0.133858
0
0
0
0
0
0
0
0.340551
0.037402
0
0
0
0
0.112205
1.037402
0.017717
0.113386
0
0
0
0
0.058268
0.001181
0
0
0
0
0
0.00315
0
0
0
0
0
0
0
0
0.022441
0.021654
0.020472
0.051181
0.018504
0.284252
0.818898
0
0.00315
0
0.066929
0.07874
0.609449
0.133858
0
0
0.001181
0
0
0
0
0
0
0
0
0.488189
0
0.018504
0.392913
0.222441
0.553937
0.444882
0.261811
0
0
0
0.001181
0
0
0
0
0
0
0
0.006693
0
0
0
0
0.006693
0.003937
0
0
0
0.535433
0
0
0
0
0
0.26063
0.57874
0.370079
0
0
0
0
0
0
0
0
0
0
0
0
0
0
0
0
0.014961
0.215354
0.055118
0.645669
0.836614
0.105118
0.164567
0.315748
0
0.288189
0.048425
0
0.018504
0.011024
0.068898
0
0
0
0
0
0
0
0.148819
0.079921
0.218504
0.034646
0
0.04252
0.32874
0.205512
0
0.016929
0.113386
0.00315
0
0
0
0
0
0
0
0
0.285433
0.04252
0.19685
0
0.097244
0
0
0
0
0
0
0
0
0
0
0
0
0
0
0
0
0
0
0
0
0
0
0
0
0
0.030315
0
0
0
0
0
0
0.047244
0.214567
0.011811
0.001181
0
0.059055
0.074803
0
0
0
0
0.001969
0.025591
0
0.031496
0.203937
0
0
0.080709
0.035433
0.062205
0
0.244094
0.030315
0.285433
0.001181
0.209449
0.820866
0
0.494882
0.14252
0
0.046063
0
0
0
0
0
0.094488
0
0
0
0
0
0
0.15748
0
0
0
0
0
0
0
0
0
0
0
0
0
0
0
0
0
0
0
0
0
0
0
0
0
0
0
0
0
0
0
0
0
0
0
0
0
0
0
0
0
0
0
0
0
0
0
0
0
0.183071
0
0
0
0
0
0.018504
0
0.05
0.01378
0.036614
0
0
0
0
0
0
0
0
0
0
0
0
0
0
0
0
0
0
0
0
0
0
0
0
0
0
0
0
0
0
0
0
0
0
0
0
0
0
0
0
0
0.012598
0
0
0
0
0
0
0.001181
0.616142
0.019685
0
0
0.192913
0.031496
0.184252
0
0
0.07874
0.270866
1.257874
2.10748
0.990945
1.352362
0.663386
0.335433
0
0
0
0
0
0
0
0
0
0
0
0
0
0
0
0
0
0
0
0
0
0.13189
0
0
0
0.253937
0.065748
0.01378
0.299213
0
0
0
0
0.046063
0.041339
0
0
0
0.148819
0
0
0
0.538583
0.146457
0.137795
0
0.014961
0.209449
0.827559
0.061024
0
0
0
0
0.012598
0.001181
0
0
0
0.007874
0
0.711811
0.370079
0.282677
0.055906
0
0
0.007874
0
0.008661
0
0
0
0
0
0
0
0
0
0
0
0
0
0
0
0
0
0
0
0
0
0
0
0
0
0
0
0
0
0
0
0
0
0
0
0
0.006693
0.675984
1.020472
0.490157
0.02874
0.209449
0.011024
0.001181
0.001969
0
0
0
0
0
0.048425
0.045276
0.181102
0
0.075591
0.14252
0.02874
0.001181
0.558268
0
0
0
0
0.105118
0.134646
0
0
0
0.005906
0
0
0
0
0
0
0
0
0
0
0
0.102362
0.044094
0.272835
0.179921
0
0
0
0
0
0.098425
0
0
0.044094
0.433071
0.257874
0.022441
0.164567
0.188189
0
0.001181
0
0
0.287402
0.541339
0.200787
0.026772
0.334646
0.089764
0.020472
0
0.001181
0.164567
0.333858
0.181102
0.21063
0.018504
0.229134
0.001181
0.006693
0.00315
0
0.014961
0.005906
0.203937
0
0
0
0
0
0.077953
0.218504
0.005906
0.021654
0
0.430315
0.532283
0.37874
0.015748
0.05
0
0
0
0.169291
0
0
0
0
0
0.07874
0.134646
0.005906
0
0
0
0
0.09252
0.105118
0.069685
0
0
0
0
0
0.177165
0
0
0
0
0.119291
0
0
0
0
0.031496
0
0
0
0
0
0.001181
0.369291
0.044094
0.027559
0
0
0
0.611024
0
0.029528
0
0
0
0
0
0
0
0
0
0
0
0
0
0
0
0.175984
0.030315
0
0
0
0
0
0
0
0
0
0
0
0
0
0
0
0
0
0
0
0
0
0.001969
0.026772
0
0
0
0
0
0
0
0
0
0
0
0.001181
0
0
0
0
0
0
0
0
0.016929
0.065748
0
0
0
0
0.116142
0.012598
0
0.017717
0.18189
0
0
0.006693
0.244094
0
0.05
0
0
0
0
0
0
0
0
0
0
0
0
0
0
0
0
0
0
0
0
0.023622
0
0
0.124803
0
0.401575
0.001181
0
0
0
0
0
0
0
0.001969
0.012598
0
0.634646
0.054331
0.08189
0
0
0.001181
0.145669
0.160236
0.001181
0
0
0.025591
0.225197
0.147638
0.46063
0.029528
0.273622
0.195669
0
0
0
0.215354
0.501181
0
0
0
0
0.024409
0
0.029528
0.099606
0.07874
0
0
0
0
0
0
0
0
0
0
0
0
0
0
0
0.088583
0
0
0
0
0
0
0
0
0
0
0.169291
0
0
0
0
0
0.295276
0.198819
0.428346
0
0.001181
0
0.009843
0.014961
0
0
0
0.286614
0.110236
0.003937
0.061024
0.003937
0
0
0
0.043307
0.001181
0.13189
0.389764
0.36811
0.541339
2.959843
0.035433
0.032283
0.008661
0.044094
0.009843
0
0
0
0.244094
0
0.113386
0
0
0.001181
0
0
0
0
0
0
0
0
0
0
0
0.198819
0.001969
0
0
0
0
0
0
0
0
0
0
0
0.003937
0
0.089764
0
0.037402
0.074016
0.004724
0.114173
0
0
0.00315
0
0.07874
0.257087
0.108268
0.001181
0
0
0
0
0
0
0.15748
0.01378
0.022441
0.12126
0
0
0
0
0
0
0.031496
0.293307
0
0
0
0
0
0
0
0.088583
0
0.004724
0
0
0
0
0
0
0
0
0
0
0.005906
0.005906
0.088583
0
0
0
0
0.021654
0.046063
0.404331
0.040157
0.021654
0.069685
0.003937
0
0
0
0
0
0
0
0
0
0
0
0.003937
0
0
0
0
0
0
0
0.007874
0.201575
0.370079
0.097244
0.030315
0
0
0
0
0
0.029528
0
1.314961
0.438976
0.173228
0.085433
0.759843
0.258661
0.106299
0
0
0.706693
0.238976
0
0.251969
0
0
0
0
0
0
0
0
0
0
0
0
0
0
0
0.077953
0.006693
0
0
0
0
0
0
0
0.062992
0
0
0
0
0
0
0
0
0
0
0
0
0
0
0.035433
0.190945
0.261811
0
0.062992
0
0
0
0
0
0
0
0
0
0
0
0
0
0
0
0
0
0
0
0
0
0
0
0
0
0
0
0
0.001181
0.046063
0.138976
0
0
0
0.024409
0
0
0
0
0
0
0
0
0
0
0
0
0
0
0
0
0
0
0
0
0
0
0
0
0
0
0
0
0
0
0
0
0
0
0
0
0
0
0
0
0
0
0
0
0
0
0
0
0
0
0
0.034646
0.104331
0.167323
0.00315
0
0.047244
0.09252
0
0
0
0
0
0.153543
0.247244
0.064961
0.08189
0.113386
0.009843
0.101575
0
0
0
0
0
0
0
0.146457
0
0.040157
0.052362
0.322835
0.099606
0.190945
0.005906
0.188976
0.238976
0.358268
0.074016
0.025591
0.307087
0
0.015748
0.803937
0.307087
0.822835
0.031496
0
0
0.017717
0.206693
0
0
0.015748
0.266929
0.083465
1.413386
3.528346
2.059055
1.040157
1.117323
0.322835
0.231496
0.208661
0.234252
0.389764
0.058268
0
0.15748
0.484252
0.146457
0.622047
0.845669
0.212598
0.005906
0.814961
0.310236
0.504724
0
0
0
0
0
0
0
0
0.008661
0.009843
0
0.346457
0.163386
0.055118
0.00315
0
0.001181
0.012598
0
0
0
0
0
0
0
0.008661
0
0
0
0
0
0
0.104331
0.045276
0
0
0
0
0
0
0
0
0
0
0
0.001969
0.144488
0
0
0
0
0
0
0
0
0
0
0
0
0.017717
0.026772
0
0
0
0
0
0
0
0
0
0
0
0.005906
0.01378
0
0
0
0.001181
0
0.201575
0.007874
0
0
0.212598
0.388976
0
0.111417
0.112205
0.159449
0.015748
0
0
0
0.04252
0.514567
0.018504
0.166142
0.139764
0.074803
0.012598
0.012598
0.014961
0
0
0
0
0
0
0
0
0
0
0
0
0.001181
0
0
0
0
0
0
0.030315
0
0
0
0
0
0
0
0.195669
0.112205
0
0
0
0
0
0
0
0
0
0
0
0
0
0
0
0
0.061024
0.149606
0
0.019685
0.101575
0.036614
0.268504
0.001181
0.425197
1.505906
0.006693
0
0
0
0
0.090551
0.122835
0.425197
0
0
0
0
0.036614
0.096457
0
0
0
0
0
0
0
0
0
0
0
0
0
0
0.006693
0.00315
0
0
0
0
0
0
0
0
0.094488
0
0
0
0
0
0.035433
0.001181
0
0
0
0
0
0
0
0.015748
0.437008
0.029528
0
0
0
0
0.005906
0.170079
0.046063
0.116142
0
0
0.032283
0.026772
0.097244
0
0
0
0
0
0
0.040157
0.143701
0
0
0
0.004724
0
0
0
0
0
0
0
0
0
0
0
0
0
0
0
0
0
0
0
0
0
0
0
0
0
0
0
0
0
0
0
0
0
0
0
0
0
0.17126
0.036614
0
0.004724
0
0
0
0
0
0
0
0
0
0
0.017717
0
0
0
0
0
0
0
0
0
0.007874
0.088583
0
0
0.273622
0.411417
0.074016
0.035433
0
0.025591
0.024409
0.542126
0.043307
0
0
0
0.156299
0.584646
0.110236
0.082677
0.011024
0
0
0
0
0
0.018504
0.086614
0
0
0
0
0
0
0.001181
0
0
0
0
0
0
0
0
0.022441
0.317717
0
0
0.540551
0.022441
0.08189
0
0.57874
0.114173
0.040157
0.101575
0.044094
0.020472
0.041339
1.03937
0.482283
0.163386
0.003937
0.015748
0
0.109449
0.100394
0
0
0
0
0
0
0
0
0
0
0.038583
0.005906
0.114961
0
0
0
0
0.00315
0.030315
0.026772
0.057087
0
0
0.074016
0.353543
0.025591
0
0
0.003937
0.097244
0.14252
0.011024
0
0
0
0
0
0
0
0
0
0
0.070866
0.003937
0.006693
0
0
0.001969
0.026772
0.087402
0
0
0
0.064961
0.022441
0.280315
0.163386
0.306299
0
0
0.017717
0.168504
0.025591
0.19685
0.129921
0
0
0.091732
0.014961
0
0
0
0
0
0
0
0
0
0
0
0
0
0
0
0
0
0
0.287402
0.21378
0.162205
0.02874
0
0
0
0
0.009843
0
0
0
0
0
0
0
0
0
0
0
0
0
0
0
0
0.005906
0.012598
0.005906
0
0.015748
0.031496
0
0
0
0
0
0
0
0
0
0
0
0
0
0
0
0
0
0
0
0.015748
0.373228
0.248819
0.282677
0.219291
0.06811
0.004724
0.014961
0.015748
0.417323
0.005906
0.218504
0
0
0
0
0
0.011024
0
0.01378
0
0
0
0
0.001181
0.099606
0
0
0
0
0.023622
0
0
0.362205
0.324803
0
0
0
0
0
0
0.504724
0
0
0.036614
0
0
0
0
0
0
0
0
0
0
0
0
0
0
0
0
0
0
0
0
0
0
0
0
0
0
0
0
0
0
0
0
0
0
0
0.004724
0.001181
0
0
0
0
0
0
0
0.138976
0
0
0.122047
0
0
0
0
0
0
0
0
0
0
0
0
0.147638
0
0.00315
0.312205
0.001181
0
0
0.267717
0
0
0
0
0
0
0
0.003937
0
0
0
0
0
0
0
0
0
0
0.001181
0
0
0
0
0.025591
0.001181
0
0
0
0
0
0
0
0.012598
0.172441
0
0
0
0
0
0
0
0
0
0
0
0
0
0
0.309055
0
0
0.083465
0.114173
0.351575
0.068898
0.008661
0
0.617323
0.19685
0
0.088583
0.624016
0.442126
0.499213
0.125984
0
0
0
0.037402
0
0.281496
0.156299
0
0.350394
1.216535
0.272835
0.113386
0.862992
0.012598
0.018504
0.194882
0.065748
0.226378
0.049213
0.001181
0.458661
0
0
0
0.005906
0
0
0
0.005906
0
0.008661
0
0.026772
0
0
0
0.051181
0
0
0
0
0
0.00315
0.044094
0.052362
0
0
0
0
0
0
0.055118
0
0
0.001181
0
0
0.001181
0.501969
1.066929
0.003937
0
0
0.006693
0.612992
0.299213
0.041339
0.437008
0.238189
0.126772
0
0
0
0
0
0
0
0
0
0
0
0
0.074803
0.172441
0.08189
0.006693
0.074016
0
0
0
0
0
0
0
0.068898
0
0
0
0.094488
0
0
0
0
0
0
0
0
0.648819
0.701969
0.131102
0.003937
0.020472
0.00315
0.229134
0
0.083465
0
0
0.015748
0
0.001181
0
0
0
0.146457
0.077953
0.037402
0.089764
0.091732
0.030315
0
0
0.113386
0.035433
0.025591
0.316929
0.025591
0.006693
0
0.011811
0
0.005906
0.283465
0.200787
0.001969
0.327559
0.084646
0.00315
0.047244
0.001969
0.472441
0.062992
0.005906
0.11811
0.034646
0.469685
0.089764
0.018504
0
0
0
0
0
0
0
0
0
0.467717
0.918504
0.194094
0.004724
0
0
0
0
0
0
0
0
0
0
0
0
0
0
0
0.160236
0.007874
0.059055
0.108268
0.237402
0.001181
0.021654
0
0.05315
0.023622
0.189764
0
0
0
0
0
0.090551
0
0
0
0.006693
0
0.048425
0.257087
0.134646
0.011024
0.001181
0
0
0
0
0
0
0
0
0
0
0
0
0
0
0
0
0
0
0
0
0
0
0
0.00315
0
0
0
0
0
0
0
0
0
0
0.001181
0.122047
0
0
0
0
0
0
0
0
0
0
0
0
0
0
0
0
0
0
0
0
0
0
0
0
0
0
0
0.01378
0
0
0
0
0
0
0
0
0.001181
0.004724
0
0
0
0
0.001969
0.005906
0
0
0
0
0
0.025591
0
0
0
0
0
0
0
0
0
0
0
0
0
0.005906
0.747244
0.044094
0.014961
0.05315
0
0
0
0
0
0.003937
0
0
0
0
0
0
0
0
0
0.087402
0.00315
0
0
0.001181
0
0.005906
0.238976
0
0
0
0
0.001969
0
0
0
0.001181
0
0.005906
0.051181
0
0
0
0.017717
0.005906
0
0
0
0
0
0
0
0
0.001181
0
0
0
0.052362
0.138976
0.175197
0.009843
0.023622
0.146457
0.598425
0.045276
0.546457
0.008661
1.546457
0
0
0
0
0.00315
0
0
0
0
0.00315
0.428346
0
0.001181
0.001181
0
0.007874
0.003937
0.003937
0
0.003937
0.003937
0.001181
0
0.001181
0
0
0
0
0
0
0.008661
0.008661
0.15748
0.843307
0.003937
0.017717
0.014961
0.679134
0.511024
0.15748
0.008661
0
0
0
0
0
0
0
0
0.106299
0.012598
0
0.302362
0.124016
0
0
0.238976
0.01378
0
0
0
0
0
0
0.014961
0
0
0
0
0
0.059055
0.194882
0.004724
0.017717
0.209449
0.698819
0.345276
0.32874
0
0
0
0
0
0
0
0
0
0
0.064961
0
0.00315
0
0
0
0
0.016929
0.086614
0.024409
0
0.149606
0.148819
0
0
0
0
0
0
0
0.370079
0
0
0
0
0
0
0.001969
0.005906
0
0
0.190945
0
0
0
0
0
0
0
0
0
0
0.001181
0
0
0
0
0.001969
0
0.160236
0
0
0
0
0
0
0
0
0
0
0
0
0
0
0
0
0.185039
0.020472
0.301181
0.32874
0.009843
0
0
0
0.07874
0.392913
0.646457
0.051181
0.232283
0.184252
0.038583
0.011811
0.001969
0
0
0
0
0
0.076772
0.177165
0.035433
0.386614
0.345276
0.017717
0
0
0
0
0
0
0
0
0
0
0
0
0.366142
0
0
0
0
0
0
0
0
0
0
0
0
0
0
0
0
0.003937
0
0
0
0
0
0
0
0
0
0
0
0
0
0
0
0
0
0
0
0
0
0
0
0
0.284252
0.220472
0
0
0
0
0
0.001181
0.00315
0
0
0
0
0.139764
0.045276
0.001969
0.309055
0.007874
0.08189
0.425984
0.140945
0.025591
0.001181
0
0
0
0.007874
0
0
0
0
0
0
0
0
0
0
0
0
0
0
0
0
0
0.004724
0.112205
0.005906
0
0
0.001181
0
0.001181
0.006693
0
0
0
0
0
0
0
0
0
0
0
0
0
0
0
0
0
0
0
0.168504
0.394488
0.192913
0.129921
0.299213
0.003937
0
0
0
0.279528
0
0
0
0
0
0
0
0
0.109449
0.048425
0
0
0.138976
0.177165
0.00315
0.066929
0
0.074016
0.284252
0.049213
0.001969
0.204724
0.546457
0
0.064961
0.179921
0.003937
0.072835
0.296457
0
0
0
0.108268
0
0.133858
0
0
0
0
0.01378
0.080709
0.251969
0.001181
0
0
0.036614
0
0
0.008661
0
1.352362
0.390945
0.001181
0
0.140945
0.55315
0.070866
0.025591
0.046063
0.149606
0.00315
0
0.349606
0.492913
0.129134
0.332677
0.262992
0.222441
0.06811
0
0
0
0.011811
0.25315
0.192913
0.00315
0.005906
0.00315
0.014961
0.005906
0
0.00315
0.22126
0.377953
0.614173
0
0.040157
0
0
0
1.301181
1.728346
0.743307
0.28937
0
0.062205
0.311024
0.737402
0.144488
0.15748
0.008661
0.104331
0.06378
0.254724
0
0
0
0.13189
0.088583
0
0
0.098425
0
0.055118
0.293307
0.023622
0.065748
0.001969
0.003937
0.001181
0
0
0.008661
0
0.001969
0.049213
0.02874
0.034646
0.003937
0
0.195669
0.267717
0.04252
0.473228
0.001181
0.001181
0.052362
0
0
0.089764
0.009843
0
0
0
0
0
0
0
0.064961
0
0
0
0
0
0
0
0
0
0
0
0
0
0
0
0.00315
0
0.163386
0.124803
0
0
0
0
0
0
0
0.173228
0
0.007874
0.126772
0.227559
0
0
0
0
0.329921
0.324016
0
0
0
0
0
0
0
0
0.105118
0
0
0
0
0
0
0
0
0.305118
0.05
0.320866
0
0
0.035433
0.047244
0.005906
0
0
0
0
0
0
0
0.046063
0
0
0
0
0
0
0
0
0.248819
0
0
0.682283
0.458661
0.238976
0.353543
0
0.001181
0.077953
0.025591
0
0
0.038583
0.320866
0.134646
0
0.001181
0.468504
0.04252
0.00315
0.001969
0.074016
0
0.006693
0
0
0
0
0
0
0.007874
0
0
0.062992
0.008661
0
0
0
0
0
0
0
0
0
0
0
0
0
0.024409
0.018504
0
0
0
0
0
0
0
0
0
0
0
0
0
0
0
0
0
0
0
0
0
0
0
0
0
0
0
0
0
0
0
0
0
0
0
0
0
0
0
0
0
0
0
0
0
0
0.416142
0.014961
0
0
0
0
0
0
0.070866
0
0.271654
0.036614
0
0
0
0
0
0.001181
0
0
0
0.303937
0.105118
0
0
0
0
0
0.346457
0.133071
0.307087
0
0
0.008661
0
0.612205
0.501181
0.187008
0
0
0
0
0
0
0
0
0
0.004724
0
0
0.001181
0
0
0
0
0
0.809055
0.072835
0.00315
0
0
0
0
0
0
0
0
0
0
0
0
0
0
0
0
0
0
0
0
0
0
0
0
0
0
0
0
0
0
0.450787
0.01378
0.141732
0.074016
1.945669
0.276772
0.350394
0
0
0
0.314961
0.685827
0.492913
1.399606
0.008661
0.885039
0.090551
0.314961
0.072047
0.138976
0
0
0
0
0
0
0
0
0
0
0.011811
0.09252
0.172441
0.094488
0.143701
0.106299
0.124803
0.55315
0.077953
0.65748
0.116142
0.044094
0.049213
0.005906
0.254724
0.948819
1.476378
0.751969
0.006693
0.333858
0.575591
0
0
0.094488
0.084646
0
0
0.020472
0
0
0
0
0
0
0
0
0.181102
0.001969
0
0
0.374016
0.205512
0
0
0
0
0
0
0
0
0
0
0.718504
0.771654
0
0
0
0
0.003937
0.269685
0.147638
0.08189
0.032283
0.217717
0.001969
0
0.168504
0
0
0
0
0
0
0
0
0
0
0
0
0
0
0
0
0
0
0
0
0
0
0.030315
0
0.00315
0
0.113386
0
0
0.064961
0.080709
0
0
0
0.014961
0.153543
0
0
0
0
0
0
0.219291
0
0
0
0
0
0
0
0
0
0
0
0.442126
0.057087
0.111417
0.295276
0.019685
0.008661
0
0
0
0
0
0
0
0
0
0
0
0
0
0
0
0
0
0
0
0
0.004724
0.048425
0
0.006693
0
0.183071
0.138976
0.379921
0.011024
0
0.090551
0.086614
0.036614
0
0
0
0
0
0
0.097244
0
0
0
0.093701
0
0.203937
0
0
0
0
0
0
0
0
0
0
0
0
0
0
0
0
0
0
0
0
0
0
0
0
0
0
0
0
0
0
0
0
0
0
0
0
0
0
0
0
0
0
0
0
0
0
0
0
0
0
0
0
0
0
0
0
0
0
0
0
0
0
0
0
0
0
0
0.112205
0
0
0
0
0
0
0
0
0
0
0
0
0
0.158661
0
0.001969
0
0
0
0
0
0
0
0
0
0
0
0
0
0
0
0
0
0
0
0
0
0
0
0
0
0
0
0.154331
0.006693
0.153543
0.211811
0.274409
0.55315
0.112205
0.141732
0.01378
0
0
0
0
0
0
0
0
0.032283
0.580709
0.341732
0.001181
0.234252
0.285433
0.003937
0.429134
0.163386
0
0
0
0.009843
0
0
0
0
0
0.231496
0.211811
0.307874
0.386614
0
0.394488
0.312205
0.011811
0.202756
0.253937
0.261811
0.599606
0.337402
0.148819
0
0.091732
0.319685
0.23622
0.124016
0
0
0.076772
0.096457
0.125984
0.045276
0.174409
0
0
0.317717
0.043307
0
0
0
0
0.06811
0
0.012598
0.099606
0.370079
0.005906
0.058268
0
0
0
0
0
0
0
0
0.029528
0.143701
0.003937
0.109449
0.126772
0.169291
0.257874
0.677165
0.267717
0.23622
0
0
0
0
0
0
0
0
0
0
0
0
0
0
0
0.040157
0.041339
0.001181
0
0
0
0
0
0
0
0
0.031496
0.12126
0
0.09252
0.091732
0
0
0.011811
0
0.040157
0.06811
0.018504
0.051181
0.204724
0.154331
0
0
0.003937
0
0
0
0
0.006693
0.016929
0.014961
0.612205
0.764567
0.005906
0.138976
0.120079
0.203937
0
0
0
0
0.158661
0.28937
0.048425
0.133071
0.492126
0.284252
0
0
0.001181
0
0
0
0
0
0
0
0
0
0.264567
0.21063
0.49685
0
0
0.00315
0
0.201575
0.120079
0.375984
0.05315
0.080709
0.054331
0.194094
0.016929
0.070866
0
0
0
0
0
0
0
0.064961
0.264567
0.388976
0
0
0.091732
0.544094
0.001181
0
0.009843
0.152756
0.286614
0
0.156299
0
0
0
0
0.001181
0
0
0
0.055118
0.087402
0.096457
0.593307
0.122835
0.167323
0
0.700787
0.385827
0.187008
0
0.001969
0
0
0
0
0
0.216535
0
0
0
0
0
0
0.001969
0.173228
0.068898
0
0
0
0
0
0.258661
0.722441
0.005906
0
0
0
0
0
0
0
0
0
0
0
0.338583
0.131102
0
0
0
0
0
0
0
0
0.001181
0
0.06378
0
0
0
0
0
0
0
0
0.087402
0
0.055906
0
0
0
0
0
0
0
0.04252
0
0
0
0
0
0
0
0
0
0
0
0
0
0
0
0
0
0.001969
0
0.00315
0
0.032283
0
0
0
0
0
0
0
0
0
0
0
0
0
0
0
0
0
0
0
0
0
0
0
0
0
0.29252
0.082677
0.322047
0.848425
0.08189
0
0
0
0
0
0
0
0
0
0
0
0
0
0
0.033465
0
0
0
0
0.114173
0
0
0.734252
0.075591
0
0.001969
0.001969
0
0.001181
0.286614
0
0
0
0
0
0
0
0
0
0.031496
0
0.016929
0.151575
0.074803
0.018504
0
0
0
0
0
0
0
0.003937
0
0.100394
0.054331
0.478346
0.141732
0.330709
0.069685
0.001181
0
0.091732
0.23622
0.017717
0.433071
0.048425
0
0.015748
0.167323
0.379921
0.038583
0.352362
0.003937
0.148819
0.005906
0
0
0
0
0
0
0.374803
0.119291
0.172441
0.125984
0.041339
0.154331
0
0.219291
0
0
0
0
0
0
0
0
0
0
0
0
0.006693
0.006693
0
0
0
0
0.049213
0.185039
0.009843
0.001181
1.085827
1.775591
0.179134
0
0.137795
0.017717
0.035433
0.012598
0
0
0
0
0
0
0.017717
0
0
0
0
0
0
0
0
0
0.001969
0.001969
0
0
0
0
0.049213
0
0.56811
0.285433
0.336614
0.047244
0.072047
0.064961
0.798031
0.032283
0.411417
0.972441
0.059055
0.020472
0
0
0
0
0
0.113386
0.026772
0.049213
0.034646
0
0
0
0
0
0
0
0
0.3
0.001181
0.036614
0.120079
0.001969
0
0
0
0
0
0.390945
0.097244
0
0.001969
0.079921
0.005906
0.085433
0.004724
0.04252
0.03937
0.145669
0.278346
0.032283
0
0
0
0
0
0
0
0
0
0
0.049213
0
0
0
0
0
0
0
0
0
0
0.001969
0
0.107087
0.064961
0
0
0
0
0
0
0
0
0.09252
0.009843
0.007874
0.517717
0.043307
0.02874
0
0
0
0
0
0
0
0
0
0
0
0
0
0.004724
0.048425
0.102362
0.076772
0.004724
0.044094
0.074016
0
0
0.023622
0
0
0
0
0
0
0
0
0
0
0
0
0
0
0
0
0
0
0
0
0
0
0
0
0
0
0
0
0
0
0
0
0
0
0
0
0
0
0
0
0
0
0
0
0
0
0
0
0
0
0
0
0
0
0
0
0
0
0
0
0
0
0.009843
0.001969
0
0
0
0
0
0
0
0
0
0
0
0.006693
0
0
0
0
0
0.262992
0.05315
0.001181
0
0
0
0.05315
0
0.001181
0
0
0
0
0
0
0.001969
0
0
0.005906
0
0
0
0.276772
0.15748
0
0
0
0
0
0
0
0
0
0
0
0.346457
0.158661
0.71063
0.147638
0.326772
0.175984
0.009843
0.025591
0.112205
0
0
0
0
0
0
0
0
0
0
0.112205
0.001181
0
0
0.017717
0.068898
0.074016
0.271654
0
0
0.199606
0.015748
0.001181
0
0.03937
0
0
0.004724
0.032283
0.068898
0.001181
0.090551
0.246063
0.001181
0.047244
0
0.003937
0.001181
0
0.02874
0
0.00315
0
0.001969
0.001181
0.149606
0.264567
0
0.020472
0.153543
0.035433
0
0
0
0
0.307087
0
0
0
0.003937
0.546457
0.317717
0.259843
0.072047
0.072047
0.287402
0.065748
0.181102
0
0
0.072047
0.058268
0
0
0
0
0
0
0
0
0.00315
0
0.046063
0.169291
0.207874
0.169291
0.361417
0.003937
0
0.015748
0.516535
0.020472
0.058268
0.167323
0.058268
0.089764
0
0
0.006693
0
0
0
0
0.00315
0.041339
0.062205
0
0
0
0.011811
0.353543
0.109449
0.041339
0
0.017717
0.416142
0.034646
0.017717
0.001181
0.18189
0
0
0
0
0
0
0
0
0
0.044094
0.047244
0.040157
0.040157
0.082677
0.205512
0
0.09252
0.029528
0
0.075591
0.004724
0.084646
0
0.307874
0
0
0
0
0
0.019685
0.177165
0
0
0.122835
0.040157
0.001181
0
0
0
0
0.022441
0.005906
0
0.366929
0.034646
0.150787
0
0
0
0
0
0
0
0
0
0
0
0.065748
0.145669
0
0.076772
0.085433
0.005906
0.011024
0
0
0
0
0
0
0
0
0
0
0
0
0
0.021654
0.41811
0.076772
0
0
0
0
0
0
0
0
0.069685
0.011811
0.355118
0.005906
0
0
0
0
0
0
0.651575
0.021654
0
0
0
0
0.188189
0.177165
0
0
0
0
0
0
0
0
0
0
0
0
0
0
0
0
0.030315
0
0
0
0
0
0
0
0
0
0
0
0
0
0
0
0
0
0
0
0
0
0
0
0
0
0
0
0
0
0
0
0
0.017717
0
0
0
0
0
0
0
0
0
0
0
0
0
0
0.006693
0
0
0
0
0
0
0
0
0
0
0
0
0
0
0
0
0
0
0
0.026772
0.065748
0
0
0
0
0
0
0
0
0
0
0
0
0.001969
0
0
0
0
0
0
0
0
0
0
0.001181
0.324803
0.238976
0.183071
0.03937
0.114961
0.254724
0.051181
0
0
0
0
0
0
0
0
0
0
0.06811
0.194882
0.001181
0
0
0
0
0
0
0
0
0
0
0
0.187008
0.36811
0.379921
0.363386
0.174409
0
0
0
0.174409
0
0
0.048425
0.004724
0
0.023622
0.038583
0.281496
0.462598
0.19685
0.346457
0.112205
0.248031
0.572835
0.641732
0.214567
0.022441
0.004724
0.09252
0.149606
0.440157
0
0.101575
0.027559
0.057087
0.251969
0.136614
0.158661
0.041339
0.059055
0
0.011024
0.211811
0.590551
0
0
0
0.036614
0
0.05315
0
0
0
0.172441
0.048425
0.29252
0.003937
0
0.020472
0.179134
0
0
0.198819
0.06811
0.017717
0
0.017717
0.020472
0.051181
0.362205
0.138976
0.430315
0
0.099606
0
0
0
0
0.094488
0.026772
0
0
0
0
0.055118
0.138976
0.110236
0.133071
0.49685
0.524409
0
0.384646
0
0
0
0
0
0
0
0.040157
0.030315
0
0
0
0.18189
0.138976
0.222441
0
0.011811
0
0
0
0
0
0
0
0.001969
0
0.188189
0
0.119291
0.021654
0.414173
0.148819
0.001969
0.104331
0.127953
0
0
0
0.147638
0
0.158661
0.698031
0.072835
0
0.001181
0
0.253937
0.185039
0.001181
0
0
0.058268
0.079921
0
0.009843
0.062992
0.01378
0.031496
0
0
0
0
0
0
0
0.04252
0
0.138976
0.072047
0.897638
0.576772
0.084646
0.679134
0.016929
0
0.004724
0.065748
0
0
0
0.057087
0
0
0
0
0
0
0
0
0
0
0
0
0
0
0.024409
0.015748
0.049213
0
0
0
0
0
0
0
0
0
0
0
0
0
0
0
0
0
0
0
0
0.26063
0.190945
0
0
0
0
0
0
0
0
0
0
0
0
0
0
0
0
0
0.005906
0
0
0
0
0
0
0
0
0
0
0.023622
0
0
0.001181
0
0
0
0
0
0
0
0
0
0
0
0
0
0
0
0
0.001181
0.015748
0.257087
0.414173
0.203937
0.03937
0
0
0
0
0
0
0
0.008661
0
0
0
0
0
0
0
0.008661
0
0.194882
0
0
0.164567
0
0
0
0.093701
0.004724
0
0
0
0
0
0
0
0
0
0
0
0
0
0
0
0
0
0
0
0
0
0
0
0
0
0
0
0
0
0
0
0
0
0
0
0
0
0
0
0
0
0
0
0
0
0
0
0
0
0
0
0
0
0
0
0
0
0
0
0
0
0
0
0
0
0
0
0
0
0
0
0
0
0
0
0
0
0
0
0
0
0.035433
0.360236
0
0
0.359055
0
0
0
0
0
0
0.251181
0
0.027559
0.006693
0.001181
0
0
0
0
0
0.001969
0.175197
0
0
0.017717
0.043307
0.004724
0
0.064961
0
0.087402
0
0
0
0
0.167323
0.284252
0.734252
0.031496
0.022441
0.005906
0
0
0
0.179134
0.279528
0.017717
0.395669
0
0
0.020472
0
0.237402
0.234252
0.267717
0.01378
0.001181
0
0
0.001181
0.664567
0
0
0.07874
0
0
0
0
0.087402
0.716535
0.166142
0.219291
0.276772
0.178346
0.101575
0.009843
0
0
0
0
0
0
0
0
0
0
0
0
0
0.00315
0.10315
0.011811
0.00315
0.020472
0
0.129921
0.329921
0.61811
0.087402
0.238976
0.281496
0
0.001969
0.014961
0.064961
0.145669
0
0.56378
0.381102
0.001969
0
0.038583
0
0.057087
0.416142
0.001181
0
0
0
0
0
0.135827
0.178346
0.001181
0.021654
0.126772
0.003937
0
0
0.051181
0.011811
0.146457
0
0.001969
0.011811
0
0.040157
0
0
0.059055
0.114173
0.633858
0.288189
0.003937
0.311024
0.113386
0.04252
0.234252
0.270866
0
0
0
0
0
0
0
0
0.04252
0.140945
0.094488
0.120079
0.052362
0.173228
0.001969
0.167323
0
0
0.023622
0.074016
0.135827
0
0
0
0.113386
0
0
0
0.145669
0.279528
0.011024
0
0
0
0
0
0
0
0.405512
0.01378
0
0
0
0
0
0
0
0
0
0
0
0
0
0
0
0
0
0
0
0
0
0
0
0
0
0
0
0
0
0
0
0
0
0
0
0
0
0
0
0
0
0
0
0
0.004724
0.133071
0.004724
0
0
0.001181
0.617323
0.001181
0
0
0
0
0
0
0
0
0
0.006693
0
0
0
0
0.055118
0
0
0.038583
0
0.678346
0.007874
0
0
0
0
0
0
0
0
0
0
0
0
0.386614
0
0
0
0
0
0
0
0
0
0
0
0
0
0
0
0
0
0
0.129921
0.156299
0.025591
0
0
0
0
0
0
0
0
0.047244
0
0
0
0
0
0
0
0
0
0
0
0
0
0.011811
0.009843
0.011811
0.164567
0.101575
0.156299
0
0
0
0
0
0
0
0
0
0
0
0
0
0
0
0
0
0
0
0.80315
0.072835
0
0.00315
0.162205
0.047244
0.061024
0
0
0
0
0
0.011024
0
0.075591
0.122047
0.074803
0
0.33189
0.344488
0.150787
0.139764
0.100394
0.172441
0.085433
0
0
0
0
0
0.006693
0.06811
0.215354
0.058268
0
0.055906
0.001181
0
0
0.005906
0.442913
0
0
0
0.01378
0.006693
0
0
0
0
0
0
0.001181
0
0.001181
0.065748
0.025591
0.00315
0.00315
0.135827
0.226378
0.003937
0
0
0
0
0.062992
0.13189
0.040157
0
0.012598
0
0.001181
0.001181
0.001181
0
0.499213
0.217717
0.018504
0.00315
0.059055
0.020472
0
0.017717
0
0.01378
0
0
0
0
0.204724
0.094488
0.198031
0.119291
0.029528
0.212598
0.086614
0.332677
0.080709
0.003937
0
0
0.001181
0.001181
0
0
0
0
0
0.023622
0.001181
0
0.001181
0
0
0
0
0
0
0
0
0
0
0
0
0
0
0
0
0
0.074016
0.212598
0.038583
0.450787
0.025591
0.001181
0.56811
0
0
0
0
0
0.074803
0.601181
0.085433
0.595276
1
0.116929
0.045276
0
0
0
0
0.019685
0.024409
0
0
0
0
0
0
0
0.005906
0
0.07874
0.051181
0
0
0.116142
0.021654
0.226378
0.003937
0
0
0.125984
0
0
0.075591
0
0
0
0
0
0
0
0
0
0
0
0.029528
0.00315
0
0.001969
0
0.079921
0.227559
0
0
0
0.057087
0.009843
0.005906
0
0
0
0
0
0
0
0
0
0
0
0
0
0.024409
0.048425
0.020472
0
0
0
0
0
0
0
0
0
0
0
0
0
0
0
0
0
0
0
0.125984
0.024409
0
0
0.25
0
0
0
0
0
0.155512
0.057087
0
0.109449
0
0
0
0
0
0
0
0
0.462598
0
0
0
0
0
0
0
0
0
0
0
0
0
0
0
0
0
0
0
0
0.014961
0
0
0
0
0.137795
0.503937
0.068898
0
0
0
0.111417
0.046063
0
0
0
0
0.029528
0.385827
0
0.259843
0.040157
0.05315
0.113386
0.06811
0.09252
0
0
0
0
0
0.012598
0.044094
0.251181
0.450787
0.116142
0
0.047244
0.012598
0
0.372047
0.17126
0.020472
0
0
0
0
0
0
0
0
0
0
0
0
0
0
0
0
0
0
0
0
0
0
0.112205
0.199606
0
0.025591
0
0.001969
0
0
0
0
0
0
0
0
0
0
0
0.325591
0.001181
0
0
0
0
0
0
0
0
0
0
0
0
0
0
0
0
0
0
0
0
0
0.04252
0.001181
0
0
0.00315
0
0
0
0
0
0
0
0
0
0
0
0
0
0
0
0.135827
0.169291
0
0
0
0
0
0
0
0
0
0
0
0
0
0
0
0
0
0
0
0
0
0
0.054331
0.264567
0.001181
0
0
0
0
0
0
0
0
0
0
0
0
0
0
0
0
0
0
0.017717
0.001181
0
0.027559
0.787402
0.366929
0.001181
0.041339
0
0
0
0
0
0.160236
0.144488
0
0.001181
0
0
0.001181
0
0
0
0
0
0
0
0
0
0
0
0
0
0
0
0
0
0
0.059055
0
0.001181
0
0
0
0
0
0
0
0
0
0
0
0
0.006693
0.325591
0
0.131102
0.011811
0
0
0
0.362205
0.001181
0.037402
0.077953
0
0
0
0.00315
0.001181
0.214567
0.001181
0
0.059843
0.004724
0.005906
0
0
0
0
0
0
0
0
0.233465
0.097244
0
0
0
0.001969
0
0
0
0
0
0
0
0
0
0
0
0
0
0
0
0
0
0
0
0
0
0
0
0
0
0
0
0.001969
0.006693
0
0
0
0
0.209449
0.005906
0.140945
0.009843
0.005906
0.105118
0.011811
0
0.438976
1.131102
0.420472
0.124016
0
0
0
0.095276
0.162205
0.004724
0
0
0
0.100394
0.310236
0.319685
0.126772
0.317717
0.001969
0
0
0
0
0
0
0
0
0
0.021654
0.754724
0.332677
0.011024
0.327559
0.332677
0
0
0
0
0
0
0.202756
0.836614
0
0
0
0
0
0
0
0
0
0
0
0.122047
0.069685
0
0.024409
0
0
0
0
0
0
0
0
0
0
0
0
0
0
0
0
0
0
0
0
0
0.144488
0
0
0
0
0
0
0.004724
0
0
0
0
0.062992
0
0
0
0
0
0.007874
0
0
0
0
0
0
0
0.001969
0
0
0.106299
0.17126
0.016929
0
0
0
0
0
0
0
0
0
0
0
0
0
0
0
0
0
0
0
0
0.778346
0.038583
0.30315
0.222441
0.083465
0
0
0.030315
0.600394
0
0
0.004724
0.481496
0.338583
0
0
0
0
0
0
0.008661
0
0
0
0
0
0
0
0
0
0
0
0
0
0
0
0
0.058268
0.005906
0.386614
0.03937
0
0.001969
0.004724
0.069685
0.004724
0
0.018504
0
0.007874
0.152756
0
0
0
0
0
0.031496
0.001969
0.021654
0
0
0
0
0.007874
0.003937
0.021654
0.526772
0.238976
0.166142
0.28937
0.023622
0.160236
0.02874
0.038583
0
0
0
0.054331
0.058268
0
0
0.001181
0
0
0
0
0.757087
0.012598
0.109449
1.214567
0.708661
0.088583
0.807087
0.085433
0.01378
0
0
0.005906
0.216535
0
0
0.677165
0.918504
0.054331
0.148819
0.161417
0
0.015748
0.05315
0.001181
0.027559
0.541339
0.074803
0
0.015748
0.361417
0.144488
0.09252
0.037402
0.21378
0.299213
0.227559
0.198031
0.09252
0.395669
0.080709
0.173228
0.074803
0
0.005906
0
0
0.008661
0
0
0
0
0
0.024409
0.072047
0.037402
0
0.229134
0.032283
0.216535
0.011811
0.040157
0.440157
0.134646
0
0
0
0.08189
0.003937
0.091732
0.003937
0
0
0
0
0
0
0
0
0
0
0.062992
0.198819
0.183071
0.14252
0.551181
0.001181
0.201575
0.366929
0.070866
0
0.023622
0.014961
0.009843
0
0
0
0
0
0
0
0
0.06378
0.456693
0.001969
0
0
0
0
0.212598
0.330709
0.107087
0.810236
0.315748
0.248031
0.316929
0.049213
0.600394
0.035433
0
0
0
0
0
0
0.038583
0.114173
0.369291
0.020472
0
0.074803
0.542126
0.011024
0.04252
0
0.064961
0.085433
0.507874
0.033465
0
0.224409
0.284252
0.007874
0
0
0
0
0
0
0
0.140945
0.012598
0
0
0.008661
0.024409
0.701969
0.02874
0
0
0
0
0
0
0.134646
0.048425
0.025591
0
0
0
0
0
0
0.093701
0
0
0
0
0
0
0
0
0.189764
0
0.001969
0
0.043307
0
0
0
0.005906
0
0
0.00315
0
0
0.433858
0
0.017717
0.049213
0.349606
0.136614
0.036614
0
0.059055
0
0
0
0
0.04252
0
0
0
0
0
0
0
0
0
0
0
0
0
0
0
0
0
0
0
0
0
0
0
0
0
0
0
0
0
0
0
0
0
0
0
0
0
0
0.016929
0
0
0
0
0
0
0.032283
0
0
0.001969
0
0
0
0
0.091732
0
0
0
0
0
0
0.033465
0.401575
0.003937
0.031496
0.324803
0.015748
0
0.246063
0.045276
0
0
0.003937
0.011024
0
0
0
0
0
0
0
0
0
0
0
0
0
0
0
0
0
0
0
0
0
0
0
0
0
0
0
0
0
0
0
0
0
0
0
0
0
0
0
0
0.004724
0
0
0
0
0
0
0
0
0
0
0
0
0
0.01378
0
0
0.05315
0
0
0
0.052362
0.183071
0.332677
0.062992
0.003937
0
0.008661
0
0.003937
0.148819
0.290551
0.051181
0.129134
0
0
0.065748
0.090551
0
0
0
0.01378
0
0.043307
0.02874
0
0
0
0.00315
0.332677
0
0
0
0.005906
0
0.008661
0
0
0
0
0
0
0
0
0
0
0
0
0
0
0.046063
0.164567
0.032283
0.501969
0.890551
0.307874
0.041339
0.240945
0.07874
0
0
0
0
0
0
0
0
0.009843
0.080709
0
0.061024
0
0.00315
0
0.001181
0.011811
0
0.011811
0
0
0.001181
0
0
0
0
0.015748
0.198031
0.586614
0.672441
0.004724
0.269685
0.102362
0.021654
0.054331
0.020472
0.165354
0.08189
0.175984
0.018504
0
0.057087
0.007874
0.521654
0.3
0.062992
0.086614
0
0.025591
0
0
0
0
0
0.004724
0
0
0
0.070866
0.291339
0.01378
0.148819
0.084646
0
0
0
0
0
0
0.05315
0.094488
0.00315
0
0
0
0
0
0
0
0
0.408661
0.029528
0
0.120079
0.122835
0.111417
0.009843
0
0.001181
0.065748
0.065748
0.189764
0
0
0.001181
0
0.037402
0.069685
0.141732
0
0.112205
0.005906
0
0
0
0.322047
0
0.001181
0
0.757087
0.340551
0.268504
0.168504
0.024409
0
0
0
0
0
0
0
0
0
0
0
0
0
0.001181
0.008661
0
0
0
0
0
0
0
0
0
0
0
0
0
0
0
0
0
0
0
0
0
0
0.178346
0.240945
0.008661
0
0
0
0
0
0
0
0
0
0
0
0
0
0
0
0
0
0
0
0
0
0
0
0
0
0
0
0
0
0
0
0.001181
0.001969
0.003937
0
0
0
0
0
0
0
0
0
0
0
0
0
0
0
0
0
0
0
0
0
0.17126
0.009843
0
0
0
0
0.009843
0.091732
0.004724
0
0
0
0
0
0
0.161417
0.119291
0.065748
0
0.022441
0.004724
0.001969
0
0
0
0
0
0
0
0
0
0
0
0
0
0
0
0
0
0
0
0
0
0.098425
0.01378
0
0
0
0
0
0
0
0
0
0
0
0.052362
0
0
0
0
0
0.201575
0.740157
0
0
0.19685
0.288189
0.211811
0.016929
0.008661
0.027559
0.012598
1.137795
0.001181
0.162205
0.062205
0
0.161417
0.120079
0.001181
0.169291
0.243307
0.122047
0.035433
0
0
0
0
0
0
0
0
0
0
0.392913
0.656299
0.074803
0.065748
0
0
0.151575
0.228346
0.396457
0.364173
0.059055
0
0
0
0
0.00315
0.395669
0
0.124016
0.051181
0
0.00315
0
0.00315
0
0
0
0
0
0
0
0
0
0.030315
0.02874
0.020472
0.00315
0.086614
0.488189
0.06378
0
0
0
0
0.470472
0.240157
0
0
0
0
0.364961
0
0
0
0.281496
0.037402
0.097244
1.337402
0.443701
0.541339
0.104331
0.278346
0.244882
0
0.001181
0
0
0
0
0
0
0
0
0
0
0
0.143701
0.004724
0.035433
0.798031
0.004724
0.158661
0.02874
0.001181
0
0
0
0
0
0
0
0
0.097244
0.212598
0.653543
0.775591
0.340551
0.127953
0.094488
0.004724
0
0
0.001969
0
0.141732
0.032283
0
0.003937
0.352362
0.020472
0.084646
0.014961
0
0.00315
0
0
0.055906
0.009843
0.006693
0.400787
0.044094
0
0.041339
0.133071
0.001181
0.075591
0.004724
0
0
0
0
0
0
0
0
0
0.022441
0.009843
0
0.141732
0.030315
0.158661
0.179921
0
0.011024
0.086614
0
0
0
0
0
0
0
0
0
0
0.344488
0.055906
0.001181
0
0
0
0
0
0.005906
0
0
0
0
0
0
0
0.064961
0
0.244882
0.511024
0.33937
0.005906
0
0.181102
0.111417
0
0
0
0
0
0
0
0
0.015748
0.181102
0.122835
0
0.004724
0
0.001969
0
0
0.061024
0
0.190945
0.127953
0.098425
0.135827
0
0
0
0.001181
0.00315
0.475197
0.341732
0.240157
0.004724
0
0
0
0
0
0
0.170079
0.080709
0
0.014961
0.463386
0
0
0
0
0
0.202756
0.234252
0.038583
0
0
0
0
0
0
0
0
0
0
0
0
0
0
0
0
0
0
0
0
0
0
0
0
0.016929
0.003937
0.035433
0
0
0
0
0
0
0
0
0
0
0
0
0
0.055118
0.011024
0.001181
0
0
0
0
0
0
0
0
0
0
0
0
0
0
0
0
0
0
0
0
0
0
0
0.01378
0.055118
0.021654
0.13189
0.066929
0.019685
0
0
0.026772
0.320866
0.040157
0.137795
0
0
0
0
0
0
0
0
0
0
0
0
0
0
0
0
0
0
0
0
0.037402
0.26063
0.295276
0.185039
0.009843
0.005906
0
0
0
0
0
0
0
0
0.200787
0.095276
0.085433
0.059055
0
0
0
0
0
0
0
0
0
0.33937
0
0.014961
0.008661
0
0
0
0.051181
0
0
0
0
0
0
0.031496
0.159449
0.149606
0
0
0
0
0
0.033465
0.023622
0.045276
0.716535
0.96378
0.433071
0.093701
0.049213
0
0
0
0
0
0
0
0
0
0
0
0
0
0
0.517717
0
0.01378
0
0.232283
0.00315
0.161417
0
0.005906
0.00315
0.007874
0
0.005906
0.133071
0.07874
0.008661
0.00315
0.001181
0
0
0
0
0
0
0
0
0.122047
0.100394
0
0.00315
0.026772
0.090551
0
0.21378
0.122047
0
0.233465
0.401575
0.279528
0.511024
0
0
0
0
0
0
0.102362
0.007874
0
0
0
0
0.198819
0.001181
0.147638
0.862992
0
0.23622
0.014961
0
0.480315
0.035433
0
0
0
0.405512
0.018504
0.007874
0.018504
0
0
0
0
0.283465
0.036614
0
0.007874
0
0
0
0
0
0.025591
0.13189
0.11811
0.127953
0
0.016929
0.188976
0.001181
0.003937
0.061024
0
0
0.922047
0.427165
0
0.006693
0.238189
0.021654
0
0.261811
0.001969
0
0
0
0
0
0
0.019685
0
0
0
0
0
0
0
0
0
0.334646
0.048425
0.016929
0
0
0.009843
0.438976
0.254724
0
0
0
0
0
0
0
0
0
0
0
0
0
0
0
0
0
0.355118
0.104331
0.001969
0
0.352362
0.110236
0.001969
0
0
0
0.419291
0.423228
0
0
0
0
0.011811
0
0.001969
0.178346
0
0
0.043307
0.074016
0.005906
0.192913
0
0
0.001969
0.144488
0.059055
0
0
0
0
0
0
0
0
0
0
0
0
0
0
0
0
0
0
0
0
0
0
0.244094
0.049213
0
0
0
0
0
0
0
0
0
0
0
0
0
0
0
0
0
0
0
0
0
0
0
0
0
0
0
0
0
0
0
0
0
0
0
0
0
0
0
0
0
0
0
0
0
0
0
0
0
0
0
0
0
0
0
0
0
0
0
0
0
0
0
0
0
0
0
0
0
0
0
0
0
0
0
0
0
0
0.019685
0
0.024409
0.840551
0.001181
0
0
0
0.19685
0
0
0
0.059055
0.485039
0.001969
0.141732
0.322047
0.162205
0.011024
0.012598
0.026772
0
0
0
0
0
0
0
0
0
0
0
0
0.014961
0.667323
0.102362
0.029528
0
0
0
0
0
0
0
0
0
0
0.011811
0.001181
0.201575
0.272835
0.501181
1.190157
0.877953
0.192913
0
0
0.049213
0.165354
0.102362
0.440157
0.052362
0
0.188976
0.001181
0
0
0
0.179134
0.018504
0.038583
0.001181
0.314961
0.080709
0
0
0.098425
0.151575
0.001181
0.784252
0.350394
0.005906
0.425984
0
0
0.598425
1.280709
1.046457
0.19685
0.156299
0.068898
0.088583
0.23622
0.923228
0.242126
0.231496
0.440945
0.018504
0.45748
0.430315
0.173228
0.307874
0.012598
0
0
0
0
0
0
0
0
0
0
0
0
0
0.027559
0.030315
0.055906
0.482283
0.015748
0.020472
0.003937
0.212598
0.189764
0
0.352362
0.00315
0
0
0
0
0
0
0
0
0
0
0
0
0
0
0.412598
0.192126
0.248819
0.462598
0.02874
0.032283
0.140945
0.711811
1.722441
0.025591
0.001181
0
0
0.008661
0
0
0.072047
0.021654
0.120079
0
0
0
0
0
0
0.100394
0.035433
0.014961
0.026772
0.347244
0.05
0.003937
0.091732
0.178346
0.114173
0.001969
0
0
0
0
0
0
0
0.271654
0.06378
0.561811
0.376772
0.03937
0.019685
0.195669
0.016929
0.107087
0.152756
0.021654
0.09252
0
0.215354
0.333858
0.03937
0.019685
0.11811
0.194882
0
0
0
0
0
0
0
0
0
0
0
0
0
0
0
0
0
0
0
0
0
0
0
0
0.004724
0
0
0
0
0
0
0.65748
0.001181
0
0
0
0
0
0
0
0
0
0
0
0
0
0
0
0.08189
0.448819
0.088583
0
0
0
0
0
0
0.26063
0.124016
0.009843
0
0
0
0.149606
0.105118
0.327559
0.038583
0.023622
0
0.144488
0.001969
0
0.025591
0.387795
0.109449
0.352362
0.468504
0.401575
0.129134
0
0
0.01378
0.003937
0.003937
0
0
0
0
0
0
0
0
0
0
0
0
0
0
0
0
0
0
0
0
0
0
0
0
0
0
0
0
0
0
0
0
0
0
0
0
0
0
0
0
0
0
0
0
0
0
0
0
0
0
0
0.090551
0
0
0
0
0.057087
0.052362
0
0
0
0
0
0
0
0.00315
0.15748
0
0.101575
0.017717
0.026772
0.152756
0.087402
0.007874
0.046063
0
0
0.052362
0
0.007874
0.090551
0.007874
0.093701
0
0
0
0
0.111417
0
0.106299
0.251181
0
0
0
0
0
0
0
0
0
0
0
0
0.025591
0.07874
0.011811
0.280315
0
0.160236
0.692913
0.017717
0.031496
0.409449
0.310236
0
0
0
0
0
0
0.007874
0
0.492913
0
0.001181
0
0
0
0
0
0.038583
0.124803
0.381102
0.075591
0.020472
0.077953
0.006693
0
0
0
0
0.268504
0.041339
0.346457
0.232283
0.005906
0.254724
0.007874
0.01378
0.093701
0.158661
0
0
0
0
0.02874
0.179134
0.149606
0.070866
0.322047
0.648819
0.779528
0
0.031496
0.194882
0.425984
0.570866
0.472441
0
0
0.015748
0
0
0
0
0
0
0
0.030315
0.055906
0
0
0.027559
0
0
0
0
0
0
0
0.227559
0.212598
0.012598
0.122047
0.065748
0.090551
0.041339
0.059055
0.011811
0.768504
0.001181
0.324016
0.559055
0.001181
0.005906
0
0
0
0
0
0
0
0.08189
0.025591
0.108268
0.397638
0.570079
0.169291
0.295276
0.437008
0.14252
0.281496
0.135827
0
0.775591
0.001969
0.008661
0.082677
0.188189
0
0.004724
0.189764
0.254724
0.08189
0.099606
0.079921
0.004724
0.19685
0.069685
0.01378
0.003937
0
0
0
0
0.507874
0.264567
0.400787
0.054331
0
0.014961
0.022441
0.001181
0
0.044094
0.136614
0.203937
0.033465
0.122047
0.124803
0.004724
0.099606
0
0.148819
0.501181
0.279528
0.00315
0.069685
0.030315
0
0.016929
0
0
0
0
0
0.084646
0.001181
0
0
0
0
0
0
0.144488
0.177165
0.160236
0.009843
0.034646
0.07874
0.015748
0.273622
0.035433
0.058268
0.029528
0.787402
0.116142
0
0
0.08189
0.025591
0.044094
0
0.120079
0.004724
0.001181
0
0
0
0
0.011811
0
0
0
0
0
0
0
0
0.011811
0
0
0
0
0.015748
0
0
0
0
0
0
0
0
0
0.13189
0.413386
0.416142
0
0
0
0
0
0
0
0
0
0.023622
0.139764
0
0
0
0
0.001181
0.001181
0
0.231496
0.009843
0.481496
0.055118
0
0
0
0
0
0.068898
0
0
0
0
0
0
0
0
0.057087
0
0.018504
0
0
0
0
0
0
0
0
0
0
0
0
0
0
0
0
0
0
0.001181
0
0
0
0
0
0
0.018504
0
0.007874
0
0.011811
0.217717
0
0
0.212598
0.076772
0.059843
0
0
0
0
0
0
0.021654
0.082677
0
0
0
0
0
0
0
0
0
0
0
0
0
0
0
0
0
0
0
0.13189
0.06378
0.139764
0.085433
0
0
0
0
0
0
0
0.008661
0
0
0
0
0
0
0.113386
0.084646
0
0
0.031496
0
0
0
0
0
0
0
0.046063
0.129921
0.395669
0.001181
0
0
0
0
0.051181
0.327559
0.03937
0.255906
0.09252
0.011024
0.18189
0.005906
0.163386
0.02874
0.001181
0.108268
0.066929
0.271654
0.164567
0.362205
0
0.001969
0.106299
0.44685
0.001181
0.227559
0.135827
0.024409
0.084646
0.264567
0.207874
0.00315
0.001181
0
0
0
0.111417
0.502756
0.13189
0.392913
0.312992
0.272835
0.531496
0.244882
0.126772
0.148819
0.179134
0.390945
0.314961
0.835827
0.480315
0.232283
0.136614
0.158661
0
0.001181
0.007874
0.022441
0
0.444882
0.226378
0.435039
0.425197
0.133858
0.054331
0.285433
0.126772
0
0
0
0
0
0
0.001181
0
0
0
0.011811
0.094488
0
0
0.001181
0
0
0
0
0
0
0.153543
0.00315
0.00315
0
0
0
0
0
0
0
0
0
0
0
0
0
0
0
0
0.251969
0.124803
0.122047
0.007874
0.392913
0.059055
0.324016
0.141732
0
0
0
0.041339
0.166142
0
0
0.054331
0.015748
0
0
0
0
0.001969
0
0
0
0
0
0
0.055118
0.034646
0
0.009843
0
0.403543
0.199606
0.204724
0.161417
0.040157
0
0
0
0.187008
0
0
0
0.022441
0.397638
0
0.108268
0
0
0.097244
0.007874
0.059843
0.26063
0.116929
0.072047
0.001969
0
0.670079
0.051181
0.13189
0.001181
0.047244
0
0
0
0.030315
0
0.07874
0.425197
0.007874
0
0
0
0.005906
0
0
0
0
0.204724
0.288189
0.325591
0.001969
0.173228
0.024409
0.024409
0
0
0
0
0.009843
0.351575
0.043307
0
0.101575
0
0
0
0
0
0
0
0
0.274409
0
0
0
0
0
0
0.003937
0
0
0
0
0.714567
0.219291
0.589764
0.187008
0.001181
0
0.011024
0.023622
0.080709
0
0.004724
0
0
0
0
0.021654
0.156299
0
0
0
0
0
0
0
0
0
0
0
0
0
0
0
0
0
0.016929
0
0
0
0
0
0
0
0
0
0.104331
0.003937
0
0.003937
0.011811
0
0.11811
0
0
0
0
0
0
0
0.005906
0
0
0
0
0
0
0
0
0
0
0
0
0
0
0
0
0
0
0
0
0
0
0
0
0
0
0
0.007874
0.783465
0.179921
0
0
0
0
0
0
0
0
0
0
0
0
0
0
0
0
0
0
0.046063
0.016929
0
0
0
0
0
0
0
0
0.068898
0.374803
0.003937
0
0
0.004724
0
0
0
0.001969
0.02874
0.070866
0.841732
0.051181
0.146457
0.011024
0.004724
0.219291
0.09252
0.131102
0.208661
0.129134
0.009843
0
0
0.062205
0
0.154331
0.001181
0.278346
0.045276
0.001181
0
0
0.677165
0.074803
0.024409
0
0.098425
0.016929
0.120079
0.057087
0.173228
0.325591
0.036614
0.334646
0.005906
0.065748
0.02874
0.05
0.065748
0
0.416142
0.02874
0
0.062992
0.349606
0
0.001969
0.120079
0.087402
0.066929
0
0
0.041339
0.133858
0
0
0
0
0
0.055906
0.502756
0.192126
0.046063
0.001181
0
0.465354
0
0.001181
0
0
0
0.007874
0
0
0
0
0
0
0.051181
0.036614
0.136614
0
0
0
0
0
0
0
0.10315
0.001181
0
0
0
0
0
0
0
0
0
0
0
0
0
0
0
0
0
0
0
0.272835
0.072047
0
0.106299
0.101575
0.025591
0.164567
0
0.006693
0
0.373228
0.164567
0.048425
0
0.080709
0.020472
0.001181
0.001181
0
0
0
0
0.001969
0
0
0
0
0
0
0
0
0
0.148819
0.020472
0.17126
0.119291
0.025591
0.07874
0.041339
0
0
0
0
0
0
0
0
0
0
0
0
0
0
0
0
0.433071
0.131102
0.261811
0.145669
0.137795
0.011811
0
0
0
0
0
0
0
0
0
0
0
0
0
0
0
0
0
0
0
0.247244
0.024409
0.001181
0.298031
0.133858
0.004724
0
0
0
0
0
0
0
0
0
0
0
0
0
0
0
0
0.008661
0
0
0
0
0
0
0
0
0
0.07874
0
0
0
0
0
0.001181
0.083465
0.343701
0.487402
0
0.091732
0.606299
0.006693
0
0.061024
0.005906
0
0
0
0
0
0
0
0
0
0
0
0
0
0
0
0
0
0
0
0
0
0
0
0
0
0
0
0
0
0
0
0
0
0
0
0
0
0
0
0
0
0
0
0
0
0
0
0
0
0
0
0
0.131102
0.024409
0.05
0.129134
0.005906
0
0
0
0
0
0
0
0
0
0
0
0
0
0
0
0
0.08189
0
0
0
0
0
0
0
0
0
0
0
0
0
0.07874
0.203937
0.233465
0
0
0.033465
0.225197
1.291339
0.111417
0.031496
0
0.003937
0.044094
0.169291
0
0
0.089764
0
0
0
0
0
0
0
0
0
0
0
0
0
0
0
0
0
0
0.040157
0
0
0
0
0
0
0
0
0
0
0
0
0
0
0.576772
0.316929
0.025591
0
0
0
0
0
0
0
0
0
0
0
0
0
0
0
0.04252
0.083465
0.049213
0
0
0
0
0.269685
0.032283
0.077953
0.006693
0.001181
0.031496
0.040157
0
0.156299
0.109449
0.003937
0
0.246063
0.276772
0.012598
0
0.420472
0.051181
0.011024
0.01378
0.00315
0.231496
0.06811
0.007874
0
0
0
0
0
0
0
0
0
0
0
0
0
0
0
0
0
0
0
0
0
0
0.01378
0
0.005906
0.153543
0.169291
0.055906
0.00315
0.055906
0.008661
0
0
0
0
0
0
0.251181
1.149606
0.209449
0
0.074803
0
0
0.126772
0.012598
0
0
0.001181
0
0.021654
0.129134
0.001181
0.012598
0.199606
0.080709
0.061024
0
0.001969
0.001181
0
0
0
0
0
0.579921
0.258661
0.268504
0.306299
0.703937
1.190157
0.516535
0.829921
0.188189
0.124803
0.095276
0.024409
0
0
0
0
0
0
0
0
0
0
0.161417
0.718504
0.90748
0.148819
0.083465
0.099606
0.04252
0.023622
0.00315
0.00315
0.005906
0
0
0
0
0
0.004724
0.179921
0.012598
0
0
0
0
0
0
0
0.007874
0
0
0
0
0
0
0.007874
0.029528
0
0.064961
0.011811
0
0
0.100394
0.055906
0.18189
0
0
0
0
0.084646
0.164567
0
0.051181
0
0.004724
0
0.014961
0
0
0.011811
0.602362
0.295276
0.278346
0.108268
0.043307
0
0
0.024409
0
0
0
0
0
0
0
0
0
0
0.81378
0.03937
0
0
0
0
0
0
0
0
0.044094
0.242126
0.255906
0
0
0.074016
0.006693
0.011024
0
0
0
0.014961
0
0.023622
0
0
0
0
0
0
0
0
0
0.006693
0.00315
0.00315
0
0
0
0
0
0
0
0
0.011024
0
0
0.01378
0.001181
0
0
0
0
0
0
0
0.018504
0
0
0
0
0
0
0
0
0
0
0
0.001969
0
0
0
0
0
0
0
0
0
0
0
0
0
0
0
0
0
0
0
0
0
0
0
0
0
0
0
0
0
0
0
0
0
0
0
0
0
0
0
0
0
0
0
0
0
0
0
0.003937
0.033465
0.270866
0.288189
0.175984
0.505906
0.033465
0.016929
0.024409
0.229134
0.324803
0.160236
0.355118
0
0
0.041339
0
0.001181
0
0
0
0
0
0
0
0
0
0
0
0
0
0
0
0.059055
0.011811
0
0
0
0
0
0
0
0.31378
0.185827
0.001181
0.135827
0.006693
0.006693
0
0
0
0
0
0
0.108268
0
0.05
0
0
0
0
0.008661
0.009843
0
0
0
0.027559
0.098425
0.332677
0.208661
0
0.007874
0.06811
0.003937
0
0.140945
0.05315
0
0
0
0
0.093701
0.116142
0
0
0
0
0
0
0.005906
0.02874
0
0
0
0
0.005906
0.154331
0
0
0.096457
0.043307
0.083465
0.061024
0.023622
0
0
0.001181
0
0.232283
0.501969
0.114961
0.545276
0
0
0
0
0
0
0
0
0.006693
0
0
0
0
0
0
0
0
0
0.072047
0.12126
0.181102
0.062205
0.001181
0.37874
0.273622
0
0
0
0.065748
0.225197
0.001969
0
0
0
0
0
0.064961
0.047244
0.049213
0.442913
0.154331
0.127953
0.006693
0
0.020472
0
0
0
0
0.148819
0
0.080709
0.032283
0
0
0
0
0
0
0
0.08189
0.011811
0
0
0
0.004724
0.327559
0.201575
0.276772
0.209449
0.12126
0
0.110236
0.040157
0.014961
0.001181
0.011811
0.068898
0.112205
0
0
0
0
0
0
0
0
0
0
0.001969
0.108268
0
0.005906
0
0
0
0.066929
0.012598
0
0
0
0
0
0
0.020472
0
0
0
0
0
0
0
0
0.023622
0.004724
0.348425
0.242126
0.181102
0
0
0
0
0
0
0.05
0
0
0
0
0
0
0
0
0
0.008661
0
0
0
0.001969
0.161417
0.07874
0.156299
0.005906
0
0
0.001181
0.031496
0.01378
0
0
0
0
0
0
0.562992
0.116142
0.006693
0.006693
0
0
0
0.541339
0.754724
0.168504
0.216535
0
0
0
0
0
0
0
0
0.030315
0.004724
0.014961
0.031496
0
0.055118
0.045276
0
0
0
0
0
0
0
0
0
0
0
0
0
0
1.29252
0.522441
0.227559
0
0.550394
0.165354
0
0
0
0
0
0
0
0
0
0
0
0
0
0
0
0
0
0
0
0
0
0.006693
0
0
0
0
0
0
0
0
0
0
0
0
0
0
0
0
0
0
0.003937
0.007874
0
0
0
0
0
0
0
0
0
0
0
0
0
0
0
0
0
0
0
0
0
0
0
0
0
0
0
0
0
0
0
0
0
0
0
0
0
0
0
0
0
0
0
0
0
0
0
0
0
0
0
0
0
0
0
0.047244
0.016929
0
0
0.068898
0.207874
0.001969
0
0
0
0
0
0.045276
0
0
0.062992
0.18189
0.001969
0.169291
0.10315
0.099606
0.024409
0
0
0
0
0
0.045276
0
0
0
0
0
0
0.244094
0.913386
0
0.017717
0
0.33189
0.076772
0.106299
0.390945
0.19685
0.00315
0
0
0
0.473228
0.403543
0
0.174409
0
0
0.025591
0.055906
0.008661
0
0
0
0.001181
0.020472
0.075591
0.06378
0.00315
0
0
0.324016
0.13189
0
0.00315
0.209449
0.438976
0.387795
0.310236
0.269685
0
0.10315
0.005906
0.282677
0.642913
0
0.069685
0.005906
0.00315
0
0
0
0
0
0
0
0
0.058268
0.024409
0.464567
0.018504
0
0
0
0
0
0
0.004724
0.004724
0.004724
0
0
0
0
0
0
0
0
0
0
0
0
0
0
0
0
0
0.090551
0
0.276772
0.001969
0.003937
0.040157
0.030315
0.06811
0
0.00315
0.059843
0
0
0
0
0
0
0
0
0
0
0
0.114173
0
0.005906
0
0
0
0
0
0
0
0
0
0
0.004724
0
0
0
0
0
0
0
0
0
0.033465
0.759843
0.004724
0.025591
0.052362
0.034646
0.089764
0.204724
0.768504
0.361417
0.085433
0
0
0
0
0
0.055906
0.019685
0
0
0.087402
0.085433
0.149606
0.100394
0.165354
0.04252
0
0
0
0.153543
0.059055
0
0
0.131102
0.019685
0
0
0
0
0
0
0
0
0
0.107087
0.781496
0.034646
0
0.093701
0.400787
0.061024
0.018504
0
0.316929
0.014961
0.049213
0.006693
0.074016
0.03937
0
0
0
0
0
0
0.040157
0
0
0
0
0
0
0
0
0
0
0
0
0
0
0
0
0.052362
0.008661
0
0
0
0
0
0
0
0
0
0
0
0
0
0
0
0
0
0
0
0
0
0
0
0
0.101575
0
0
0
0
0
0.044094
0.049213
0
0
0
0
0.031496
0.030315
0
0.009843
0
0
0
0
0
0
0
0
0
0
0
0
0
0
0
0
0
0
0
0
0
0
0
0
0
0
0
0
0
0
0
0
0
0
0
0.077953
0.001181
0
0
0
0
0
0
0.001969
0
0
0
0
0
0
0
0
0
0
0
0
0
0
0
0.02874
0.040157
0
0
0
0
0
0
0
0
0
0
0
0
0
0
0
0
0
0
0.538583
0.238976
0.012598
0
0.169291
0.055906
0.057087
0.014961
0.133071
0.00315
0.179921
0.442126
0.008661
0.059055
0.233465
0.024409
0
0
0.001181
0.296457
0.729134
0.343701
0.054331
0.114961
0.045276
0
0.162205
0
0
0.003937
0
0
0
0
0
0
0
0
0
0
0
0
0
0
0
0.001181
0
0.352362
0.362205
0.29252
0.226378
0.06378
0.204724
0.001181
0.161417
0.05315
0.003937
0
0.003937
0.06811
0
0.014961
0
0.001181
0.633858
0.027559
0.030315
0.07874
0.12126
0.386614
0
0
0.098425
0.00315
0.037402
0
0.001181
0.001181
0.001181
0
0.008661
0.575591
0
0
0
0
0
0
0
0
0
0.027559
0.068898
0.064961
0
0
0
0
0
0.01378
0.003937
0.003937
0
0
0
0
0.041339
0.085433
0.112205
0.06378
0
0.004724
0.240157
0.001181
0
0
0
0
0
0.178346
0.363386
0
0.229134
0.170079
0.082677
0.265748
0.721654
0.348425
0.003937
0.108268
0.174409
0.049213
0.00315
0.054331
0.195669
0.005906
0.043307
0.007874
0.126772
0.009843
0
0.052362
0.177165
0.107087
0.070866
0.094488
0.080709
0.001969
0.043307
0.273622
0.098425
0.259843
0.023622
0
0
0
0
0
0
0
0
0
0
0.009843
0.187008
0
0
0
0
0
0.351575
0.154331
0.095276
0.135827
0.370079
0.015748
0
0
0
0.004724
0.017717
0
0
0
0
0.01378
0
0.012598
0.391732
0.144488
0.001181
0
0
0
0
0
0
0.001181
0
0
0
0.21063
0.384646
0.136614
0.01378
0
0.001969
0.114961
0.025591
0
0
0
0
0
0
0.047244
0
0
0
0
0
0
0
0
0
0.194882
0.019685
0
0
0
0
0
0
0
0
0
0
0
0
0
0.00315
0
0
0
0
0
0
0
0
0
0
0
0
0
0
0
0
0
0
0
0
0
0
0
0
0
0
0
0
0
0
0
0
0
0
0
0
0
0.001181
0.216535
0.009843
0
0
0
0
0
0
0
0.007874
0.01378
0
0
0
0.124016
0.054331
0
0
0
0
0
0
0.001969
0
0
0
0
0
0
0
0
0
0
0
0
0
0
0
0
0.376772
0.823622
0.136614
0
0
0
0
0
0
0
0.032283
0
0
0.024409
0.068898
0
0
0
0
0
0
0
0
0
0
0
0
0
0
0
0
0
0
0
0.00315
0.297244
0.094488
0.742126
0.137795
0.11811
0.031496
0.10315
0
0
0
0
0
0
0
0
0
0
0
0
0
0
0
0
0
0
0
0
0
0
0
0
0
0
0.283465
0.080709
0.194094
0.022441
0
0
0
0
0
0
0
0
0.181102
0.033465
0
0.312992
0.003937
0
0
0
0
0
0
0
0
0
0
0
0
0
0
0
0
0
0
0
0
0
0
0.240945
0.008661
0.001181
0
0
0
0.733071
2.228346
0
0
0
0.012598
0.09252
0.15748
0.055906
0.212598
0
0
0
0
0
0
0
0.015748
0
0.005906
0.021654
0.06378
0.052362
0.29252
0.134646
0.173228
0
0.014961
0.008661
0
0.001181
0.001969
0.035433
0.01378
0
0
0.06378
0.02874
0.003937
0.088583
0.307087
0.038583
0.031496
0.001181
0
0
0
0
0.001181
0
0
0
0
0
0.454724
0.215354
0.257087
0.006693
0
0.029528
0.107087
0
0.310236
0.059843
0.161417
0
0.014961
0
0
0
0
0
0
0
0.082677
0
0
0.015748
0.04252
0
0
0
0
0
0
0
0
0
0
0.040157
0.032283
0.00315
0
0
0
0
0
0
0
0.355118
0.06811
0.072047
0.005906
0.004724
0
0.214567
0.827559
0
0
0
0.001181
0.02874
0
0
0
0
0
0
0
0
0
0
0
0
0
0
0
0
0
0
0
0
0.021654
0.07874
0.152756
0.271654
1.004724
0
0
0.273622
0.114173
0.234252
0.33937
0.773622
0.383858
0.030315
0
0
0
0
0.055118
0
0
0
0.011024
0
0
0
0
0
0.019685
0.303937
0.076772
0
0
0
0
0
0
0
0
0
0
0
0
0
0.021654
0
0
0
0
0
0
0
0.025591
0.11811
0
0
0
0
0
0
0
0.051181
0.006693
0
0
0
0
0
0
0
0
0
0
0
0
0
0
0
0
0
0
0
0.00315
0.001969
0
0
0
0
0
0
0.005906
0.208661
0.019685
0.055906
0.017717
0
0.011811
0.017717
0
0.025591
0.001181
0
0
0.023622
0
0
0
0
0
0
0
0
0
0
0
0
0
0
0
0
0
0.005906
0
0
0
0
0
0.00315
0.224409
0.194882
0.06811
0
0
0
0
0
0
0
0
0.011024
0.009843
0
0
0
0
0
0
0
0
0.001969
0
0
0.175984
0.001181
0
0.059055
0.11811
0
0
0
0
0
0.008661
0
0.075591
0.338583
0
0
0
0.029528
0.016929
0
0
0.018504
0
0
0
0
0
0.268504
0.001181
0
0.001181
0.023622
0
0
0
0
0
0
0.364961
0.001181
0
0
0
0
0
0
0
0.001181
0
0
0
0
0.025591
0.501181
0.091732
0
0.138976
0
0.003937
0
0
0.06811
0.083465
0.001181
0
0
0
0
0
0
0
0
0
0
0
0
0
0
0
0
0
0.515748
0.001181
0
0.641732
0
0.187008
0.194882
0.038583
0
0
0
0
0
0
0
0
0
0
0
0
0
0
0
0
0
0.021654
0.22126
0.097244
0.201575
0.004724
0
0
0
0
0
0
0.017717
0.054331
0
0
0.001181
0.001181
0.025591
0
0
0
0
0
0
0
0
0
0.133071
0.023622
0.240157
0.309055
0.465354
0.202756
0.011024
0
0
0
0.330709
0.00315
0.044094
0.031496
0.020472
0.051181
0
0
0.059843
0.062205
0.022441
0
0.032283
0.13189
0.041339
0.093701
0.036614
0
0
0
0
0.029528
0.005906
0
0
0
0.219291
0.204724
0.001181
0
0.011024
0.006693
0
0
0
0
0
0.12126
0.100394
0.093701
0
0.05315
0.194882
0.154331
0.058268
0.114173
0.062205
0.004724
0
0
0
0
0.008661
0
0
0
0
0
0
0.095276
0
0.020472
0.069685
0.019685
0.438976
0.08189
0
0.114961
0.794094
0.636614
0.057087
0.097244
0
0
0
0
0
0
0
0
0.205512
0.164567
0
0
0
0
0
0.034646
0.032283
0
0
0
0
0
0
0
0
0
0
0
0.099606
0.017717
0
0
0
0.114173
0.008661
0.155512
0.019685
0.061024
0.258661
0.109449
0
0
0
0
0
0
0
0
0
0
0
0
0
0
0
0
0.080709
0.266929
0
0
0.023622
0
0.068898
0.055118
0
0
0
0
0
0
0
0.111417
0
0
0
0.001181
0.001969
0
0
0
0
0
0
0
0
0
0.015748
0
0
0
0
0
0.017717
0
0
0
0
0
0
0.001181
0
0
0
0
0
0
0
0
0.046063
0.00315
0
0
0
0
0
0
0
0
0
0
0
0
0
0
0
0
0
0
0
0
0
0
0
0
0
0
0
0
0
0
0
0
0
0
0
0
0
0
0
0
0
0
0
0
0
0
0.179921
0.202756
0.243307
0.011024
0.26063
0.059055
0
0
0
0
0
0
0
0
0.001181
0.225197
0.014961
0.00315
0.001969
0.015748
0
0.051181
0
0.003937
0.188976
0.040157
0.016929
0.085433
0.001181
0
0.020472
0.122835
0.00315
0.033465
0.293307
0
0
0
0
0
0.001181
0.003937
0.06378
0.394488
0.211811
0.001181
0
0
0
0
0.001181
0.001181
0
0
0.005906
0.153543
0.043307
0
0
0
0
0
0
0
0.012598
0.022441
0.091732
0.017717
0
0.001181
0.047244
0.044094
0.293307
0.084646
0.003937
0.106299
0.001181
0.001181
0
0.011811
0
0
0
0.018504
0
0.084646
0
0
0
0
0
0
0
0
0.030315
0
0.094488
0
0.001181
0
0.051181
0.001181
0
0
0
0.045276
0.06378
0
0
0.004724
0.003937
0.014961
0.068898
0.228346
0.044094
0.149606
0.003937
0.021654
0.051181
0.070866
0.133071
0.02874
0
0
0
0
0
0
0.037402
0.001181
0.00315
0.08189
0
0.111417
0.351575
0.014961
0
0
0
0
0
0
0.029528
0.020472
0.152756
0.037402
0
0
0
0.016929
0
0.011811
0.051181
0.001181
0
0
0
0
0
0.00315
0
0
0
0
0
0
0.006693
0.037402
0.007874
0.243307
0.11811
0.084646
0.007874
0
0.174409
0.3
0.163386
0
0
0
0
0
0
0
0
0.015748
0.006693
0
0.001181
0.011811
0
0
0
0
0
0.194094
0.003937
0.054331
0
0
0
0
0
0
0
0
0
0
0
0.179921
0
0
0
0
0.007874
0.004724
0
0
0
0
0
0
0
0
0
0
0
0
0
0
0.014961
0.001969
0.223622
0.111417
0.05315
0
0.001181
0.072047
0.077953
0
0
0
0
0
0.048425
0.088583
0.030315
0
0.036614
0.383071
0.350394
0.087402
0
0
0.029528
0.068898
0
0
0
0
0
0
0.007874
0
0
0
0
0.025591
0
0.003937
0.009843
0
0
0
0
0
0
0
0
0
0
0
0
0
0
0
0
0
0
0
0
0
0.001969
0
0.001969
0.005906
0.040157
0
0
0
0
0
0
0
0
0
0
0
0
0
0
0
0.003937
0
0.020472
0.211811
0
0
0
0
0
0
0
0
0
0
0
0
0
0
0
0
0
0.00315
0
0
0.003937
0
0
0
0
0
0.00315
0.00315
0.096457
0.044094
0
0
0
0
0
0
0
0
0
0
0
0
0
0
0
0
0.242126
0.408661
0
0
0
0.012598
0.018504
0.07874
0.453543
0.162205
0.257874
0.149606
0.395669
0.048425
0
0.005906
0
0.001181
0.055118
0
0
0
0
0
0
0.017717
0.005906
0
0.037402
0
0.190945
0.00315
0.00315
0.172441
0
0.006693
0
0
0.019685
0
0
0
0.135827
0.122047
0.001181
0
0
0.068898
0.227559
0.19685
0.412598
1.822835
0.001181
0.015748
0
0.01378
0.001181
0
0.214567
0.008661
0.076772
0
0.005906
0
0
0
0
0.036614
0.00315
0.227559
0.485039
0.038583
0.070866
0.390945
0.178346
0.001181
0.059055
0.041339
0.089764
0.722441
0.163386
0.069685
0.273622
0.011811
0.009843
0.427165
0.107087
0.106299
0.311024
0
0.00315
0.188976
0.722441
0.415354
0.393701
0.00315
0.021654
0.017717
0
0
0
0
0
1.364173
0
0
0
0.024409
0.001181
0
0
0.061024
0.553937
0.031496
0.074803
0.024409
0
0
0
0
0.154331
0.114173
0.077953
0.168504
0.181102
0.075591
0.40748
0.001181
0
0
0
0
0.025591
0
0.036614
0
0
0
0
0
0.011811
0.009843
0.001181
0.020472
0.120079
0.05315
0.110236
0.219291
0.56811
0.00315
0.011811
0.01378
0.020472
0.001969
0.257874
0.713386
0.07874
0.05
0.001181
0.009843
0
0.065748
0.019685
0.140945
0.074803
0.083465
0.343701
0.006693
0.012598
0.015748
0.116142
0.009843
0.154331
0
0
0.020472
0.00315
0.159449
0.09252
0.507874
0.200787
0
0.006693
0
0.054331
0.140945
0.057087
0.020472
0.04252
0
0
0
0
0.011811
0.065748
0.305118
0.017717
0
0.194094
0.01378
0.003937
0
0
0
0
0
0
0
0
0
0
0.003937
0
0
0
0.064961
0.03937
0.51378
0.093701
0.195669
0.01378
0.209449
0.194094
0.575591
0.296457
0.229134
0.099606
0.454724
0.124016
0.485039
0
0
0
0
0
0
0
0
0
0
0
0
0
0
0
0
0
0
0
0
0
0
0
0
0
0
0
0
0
0
0
0
0
0
0
0
0.001181
0
0
0
0
0
0.264567
0.079921
0.015748
0.145669
0.074016
0
0
0
0
0
0
0
0
0
0
0
0
0
0.015748
0.016929
0
0
0.001181
0.011024
0
0.019685
0.025591
0.34252
0.054331
0
0
0.004724
0.024409
0
0
0
0
0
0
0
0
0
0
0
0
0
0
0.032283
0.007874
0.054331
0.003937
0
0
0
0
0
0
0
0
0.228346
0.020472
0
0
0
0
0
0
0
0
0
0
0
0
0
0
0
0
0.001969
0.102362
0.394488
0
0
0
0.175984
0.109449
0.011811
0
0.116142
0.219291
0.26378
0.00315
0
0
0
0
0
0
0
0
0
0
0
0
0
0
0
0
0
0
0
0
0
0
0
0
0.009843
0.009843
0.001969
0
0
0
0
0
0
0
0
0.247244
0.011811
0
0
0
0
0.17126
0.086614
0.064961
0.116142
0.015748
0
0.008661
0.144488
0.00315
0.358268
0.185827
0
0
0.354331
0.003937
0.003937
0.324803
0.026772
0
0
0
0
0
0
0
0
0
0
0
0
0
0
0.11811
0.00315
0.204724
0
0.001181
0.055906
0.119291
0.001181
0
0.044094
0.097244
0
0.006693
0
0.001181
0
0
0
0
0
0
0
0
0.011811
0.046063
0.023622
0
0
0
0
0
0
0
0
0
0
0
0
0.041339
0.389764
0.04252
0.004724
0.544094
0
0
0
0
0
0.025591
0.059055
0.333858
0.020472
0.072047
0.032283
0.001181
0.006693
0.017717
0.074803
0.12126
0.058268
0
0
0
0
0
0.001969
0
0
0
0
0.044094
0.00315
0
0
0
0
0.075591
0
0.025591
0.00315
0
0
0.072835
0.005906
0
0
0
0
0
0
0.069685
0.054331
0
0
0
0
0
0.141732
0.035433
0.046063
0.090551
0
0
0
0
0
0
0
0
0
0
0
0
0.015748
0.038583
0.169291
0.079921
0.195669
0.09252
0.006693
0.005906
0.055906
0
0
0.070866
0.149606
0.198031
0.485039
0.057087
0.088583
0.01378
0
0
0
0
0.030315
0.237402
0.188189
0.032283
0.134646
0.525591
0.04252
0.133858
0
0
0
0.087402
0.009843
0
0
0
0
0.110236
0.412598
0
0.009843
0
0.036614
0.235039
0.044094
0
0
0
0
0
0
0
0
0
0
0
0
0
0
0
0
0
0
0
0
0
0
0
0
0
0
0
0
0
0
0
0
0
0
0
0
0
0
0.001969
0
0
0
0
0
0.26378
0.014961
0
0
0
0
0
0
0
0
0
0
0
0
0
0
0
0
0
0
0
0
0
0
0
0
0
0
0
0
0
0
0
0
0
0
0
0
0
0
0
0
0.00315
0
0
0
0
0
0
0
0.041339
0.102362
0
0
0
0
0
0
0
0
0
0
0
0
0
0
0
0.068898
0.064961
0.155512
0.043307
0
0
0
0
0
0
0
0
0
0
0
0.020472
0.008661
0.031496
0.012598
0
0
0
0
0.008661
0
0
0
0
0
0
0
0.146457
0
0
0.020472
0.264567
0.166142
0
0.059843
0.156299
0.109449
0.001181
0.027559
0.077953
0.148819
0.150787
0.011024
0
0
0.06378
0.095276
0.184252
0
0.001969
0.015748
0.011024
0
0.015748
0.079921
0.227559
0.021654
0.064961
0
0
0.001181
0.026772
0.001181
0.282677
0.114173
0.008661
0.122047
0.015748
0
0
0
0.08189
0.015748
0.008661
0.135827
0.088583
0.091732
0.054331
0.01378
0
0
0
0
0.00315
0.17126
0.131102
0
0.062992
0.324803
0
0.203937
0
0
0
0.003937
0.098425
0.074803
0.109449
0.122047
0.114961
0.496063
0.570866
0.719291
0.312992
0.598425
0.518898
0.112205
0
0.009843
0.003937
0.003937
0
0.001181
0.10315
0.00315
0
0.059055
0.09252
0.21063
0.23622
0.389764
0.235039
0.352362
0.151575
0.021654
0
0
0
0
0
0
0
0
0
0.156299
0.225197
0.003937
0
0
0.111417
0
0
0
0
0
0
0
0
0
0
0
0.119291
0.492126
0.799213
0.059843
0.001969
0
0.006693
0.189764
0.240157
0.362205
0.202756
0.279528
0.023622
0.320866
0.294094
0
0.324016
0.183071
0.251969
0.099606
0.037402
0.226378
0.048425
0.001181
0
0
0
0
0
0
0.04252
0.006693
0
0
0
0.284252
0.698031
0.351575
0.075591
0.011811
0.030315
0.098425
0.281496
0.240945
0.219291
0.062992
0
0.046063
0.021654
0.058268
0.012598
0.001181
0
0
0
0
0.03937
0.155512
0.501181
0.147638
0.277559
0.547244
0
0.080709
0.080709
0.124016
0.172441
0
0.001181
0.104331
0.087402
0.074016
0.161417
0
0
0
0.001181
0
0
0
0.035433
0.001969
0.001181
0
0.003937
0.011811
0
0
0
0
0
0
0.001181
0.043307
0.049213
0.161417
0.09252
0.295276
0.188976
0.265748
0
0
0.001181
0
0.215354
0.807874
0.194094
0.333858
0.240945
0.329921
0.448819
0
0.029528
0
0
0
0
0
0
0
0
0
0
0.006693
0
0
0
0
0
0
0
0
0
0.340551
0.001969
0.076772
0
0
0.001181
0.454724
0.044094
0
0
0
0
0.017717
0
0
0
0
0
0
0
0
0
0
0
0
0
0
0
0
0
0
0
0
0
0
0
0
0
0
0
0
0
0
0
0
0
0
0
0
0
0
0
0
0
0
0
0
0
0
0
0
0
0
0
0
0
0
0
0
0
0
0
0
0
0
0
0
0
0
0
0
0
0
0
0
0
0
0
0
0
0
0.044094
0.001181
0
0
0
0
0
0
0.109449
0
0
0
0
0
0
0
0.001181
0
0
0
0
0
0
0
0
0
0.02874
0.001969
0.06811
0.018504
0
0.011024
0.003937
0
0
0.017717
0
0
0
0
0
0.00315
0.011024
0
0
0.303937
0.129134
0.038583
0.005906
0.037402
0.291339
0.096457
0
0.681102
0.820079
0.764567
0.272835
0.244882
0.258661
0.126772
0.437795
1.34252
1.408661
0.272835
1.059055
0.590551
0.00315
0
0.389764
0
0
0
0
0
0
0
0
0.005906
0.222441
0.440157
0.312205
0.005906
0
0.001181
0.001181
0.008661
0.015748
0
0.001181
0.15748
0.327559
0.194882
0.001181
0
0.00315
0.141732
0.26063
1.12126
0.33937
0.612992
0.318898
0.315748
0.032283
0.100394
0.233465
0.10315
0.018504
0.620079
0.270866
0.072835
0.393701
0.163386
0.055118
0.038583
0
0.477165
0.462598
0.464567
0
0
0
0.003937
0.003937
0
0
0
0
0.004724
0.183071
0.232283
0.430315
0.548425
0.903543
0.587795
0.51378
0.144488
0.175197
0.004724
0.003937
0.006693
0.001181
0
0
0
0.079921
0.244094
0.005906
0.001181
0.06811
0
0
0.116142
0.184252
0.003937
0
0
0
0
0
0
0
0
0
0
0
0
0
0.006693
0.53937
0.155512
0.001181
0
0.187008
0.310236
0.007874
0.004724
0
0
0
0
0
0
0
0.014961
0.03937
0
0
0.150787
0.136614
0.160236
0.02874
0.163386
0
0.016929
0.139764
0.369291
0.106299
0
0
0
0
0
0
0
0
0
0
0
0
0
0
0
0
0
0
0.036614
0.469685
0.374803
0.40748
0.433858
0.220472
0.492126
0.303937
0.726378
0.187008
0.019685
0
0
0.01378
0.061024
0.156299
0
0
0
0
0
0
0
0
0
0
0
0
0
0
0
0
0
0
0.059055
0.00315
0
0
0.085433
0.006693
0
0.152756
0.135827
0.012598
0.162205
0.201575
0.396457
0
0
0
0
0
0
0
0
0
0
0
0
0
0
0.001181
0.01378
0.07874
0
0.11811
0.022441
0
0
0
0
0
0
0
0.00315
0
0.004724
0.006693
0.001969
0
0
0
0
0
0
0
0
0
0
0
0
0
0.01378
0.015748
0.031496
0
0.001181
0
0
0
0
0
0
0
0.006693
0
0.001181
0
0
0
0
0
0
0
0
0.003937
0
0
0
0
0
0
0
0
0.201575
0.364961
0.143701
0.481496
0.004724
0.001969
0
0
0
0
0
0
0
0
0
0
0
0
0
0
0
0
0
0
0
0
0
0
0
0.029528
0
0
0
0.03937
0.237402
0.091732
0.105118
0
0.159449
0.052362
0.377953
0.05315
0
0
0.091732
0.046063
0.001181
0
0
0
0
0
0
0
0.001181
0
0
0
0
0.018504
0.00315
0.018504
0.009843
0.066929
0.425984
0.571654
0.279528
0.011811
0.212598
0.206693
0.05315
0.106299
0.069685
0
0.076772
0.007874
0.001181
0.144488
0.179134
0.015748
0.108268
0.515748
0.588583
0.839764
0.216535
0.373228
0.399606
0.219291
0.344488
0.141732
0.001181
0
0
0.124016
0
0.192126
0.041339
0.586614
0.305118
0.244882
0.591339
0.05315
0.3
0.553937
0.048425
0.096457
0.905512
0.918504
1.267717
1.145669
0.785433
0.072835
0
0
0.069685
0
0
0
0
0
0
0
0
0
0.317717
0.137795
0
0
0.278346
0.11811
0.137795
0
0.633071
0.459843
0.066929
0.320866
0.077953
0.00315
0.00315
0.216535
0.007874
0
0.162205
0.038583
0
0.188189
0.219291
0.059055
0.345276
0.080709
0.269685
0.001181
0
0
0
0.11811
0.017717
0.057087
0.074803
0
0.006693
0
0
0
0
0
0.114173
0.017717
0.138976
0.198819
0.158661
0
0.001181
0
0
0
0
0
0
0
0
0.001181
0.005906
0.083465
0.069685
0.035433
0.005906
0.084646
0
0
0
0
0
0
0.00315
0.015748
0
0.017717
0
0
0
0
0
0
0
0
0
0
0
0
0
0
0
0
0
0.018504
0.153543
0.268504
0.293307
0.634646
0.088583
0.372047
0.00315
0
0
0.148819
0.080709
0.195669
0.040157
0
0
0
0
0
0.001181
0
0
0
0.003937
0.021654
0
0.001181
0
0
0
0
0
0
0
0
0.084646
0.579921
0.021654
0
0.065748
0.044094
0.14252
0.150787
0.007874
0.007874
0.001181
0.034646
0.205512
0.524409
0
0
0
0
0.036614
0.079921
0.336614
0.174409
0.01378
0
0
0
0
0
0
0
0
0
0
0
0
0
0
0.022441
0.021654
0.282677
0.008661
0.135827
0
0
0
0
0
0
0
0
0
0
0
0
0
0.016929
0.049213
0
0
0
0
0
0
0
0
0.066929
0.008661
0.448031
0.982283
0.110236
0
0
0
0
0
0
0
0
0
0.001969
0.001181
0.011811
0
0
0
0
0
0
0
0.021654
0.149606
0
0
0.003937
0
0
0
0
0
0
0
0
0
0
0
0
0
0
0
0
0.033465
0
0
0
0
0.695669
0.126772
0.022441
0.716535
0.062205
0
0
0
0.45748
0
0
0
0
0
0
0
0
0.045276
0.174409
0.177165
0
0
0.101575
0.087402
0.030315
0.035433
0.018504
0
0
0
0.009843
0
0
0
0
0
0
0
0
0
0
0
0
0
0.020472
0.033465
0.113386
0.420472
0.001969
0.004724
0
0
0.001181
0.198031
0.278346
0.009843
0
0.055906
0.057087
0.03937
0.054331
0.200787
0.05315
0.024409
0.099606
0.114961
0.069685
0.021654
0.008661
0.024409
0.059055
0.133858
0.575591
0.159449
0.047244
0.492126
0.001181
0.035433
0.049213
0
0.003937
0.003937
0
0.10315
0.312992
0.031496
0
0.261811
0
0
0
0.041339
0.126772
0.244882
0.061024
0.101575
0
0.099606
0.02874
0
0.007874
0.011024
0
0
0
0
0.035433
0
0.072047
0.10315
0.499213
0.178346
0.318898
0
0.928346
0.094488
0.00315
0.075591
0.261811
0.559055
0.366929
0.273622
0.150787
0.251181
0.612992
0.052362
0.175197
0.21378
0.330709
0.046063
0.100394
0.524409
0.021654
0.05315
0.899606
0.094488
0.06378
0.555906
0.034646
0.020472
0.122047
0.340551
0.595276
0.004724
0.048425
0.065748
0.064961
0.023622
0.216535
0.038583
0.034646
0.080709
0.068898
0.243307
0.087402
0.011811
0.318898
0.001181
0.114173
0.192913
0.13189
0.006693
0.179134
0.372047
0.032283
0
0.001181
0.020472
0.21378
0.174409
0.077953
0.004724
0.015748
0.009843
0.030315
0.033465
0.366929
0.00315
0
0
0
0.01378
0.032283
0.052362
0.001969
0
0
0
0.332677
0.516535
0.433858
0.227559
0.126772
0.059055
0.15748
0.094488
0
0.170079
0.05315
0.327559
0.044094
0.116929
0.076772
0.21063
0.127953
0.390945
0.023622
0.062205
0.237402
0.032283
0.029528
0.062992
0.006693
0.051181
0.166142
0
0
0
0
0
0.00315
0.051181
0.015748
0
0
0.066929
0
0
0.021654
0.052362
0.052362
0.02874
0.579921
0.401575
0.181102
0.433858
0.393701
0.179921
0.008661
0.494882
0.293307
0.224409
0.089764
0.107087
0.589764
0.051181
0.769685
0.023622
0.199606
0.153543
0.007874
0.05
0.31378
0.37874
0.575591
0.03937
0.369291
0.105118
0.017717
0
0.307874
0.192913
0.459843
0.03937
0.021654
0
0.022441
0.124016
0.075591
0.678346
0.294094
0.109449
0.044094
0
0.214567
0
0.006693
0.00315
0
0
0.072047
0.021654
0.006693
0.159449
0.677165
0
0
0
0
0
0
0
0.011811
0
0
0.008661
0
0
0
0
0
0
0
0
0
0
0
0
0
0
0
0.223622
0.125984
0
0
0.021654
0.031496
0
0
0.094488
0.187008
0
0
0.009843
0
0
0
0
0
0
0
0
0
0
0
0
0
0
0
0
0.001181
0
0
0
0
0
0
0
0
0
0
0
0
0
0
0
0
0.006693
0.012598
0.05
0.162205
0.023622
0
0
0
0
0
0
0
0
0
0
0
0
0
0.064961
0.043307
0.006693
0.032283
0.248819
0.309055
0
0.014961
0.072047
0
0
0
0
0.00315
0
0
0
0
0.03937
0.072047
0.005906
0.022441
0.005906
0
0
0
0
0
0
0
0.192126
0.011811
0.139764
0.012598
0.079921
0
0
0.088583
0.019685
0.00315
0.100394
0.012598
0.122835
0.120079
0.437008
0.004724
0.392913
0.240157
0.137795
0
0.108268
0.00315
0.001181
0.015748
0.224409
0.004724
0.032283
0.10315
0.92126
0.850394
0.475197
0.764567
0.190945
0.158661
0.232283
0.06378
0.386614
0.608268
0.920472
0.080709
0.688976
0.279528
0.068898
0.008661
0.240157
0.011024
0.007874
0.003937
0
0.007874
0.038583
0
0.00315
0
0
0
0.015748
0.043307
0.035433
0
0
0.007874
0.108268
0
0.00315
0.093701
0
0.040157
0.141732
0
0
0
0
0
0
0
0
0
0
0
0.005906
0.023622
0.134646
0.184252
0.122047
0.668504
0.472441
0.515748
0.419291
0.114961
0.674016
0.110236
0.023622
0
0.034646
0
0
0
0
0.00315
0.017717
0.003937
0.114173
0
0.021654
0.242126
0.374016
0.498031
1.570079
0.968504
0
0.021654
0.133071
0.248819
0
0.32874
0.188976
0.349606
0.198031
0.166142
0.156299
0.074016
0.107087
0.001969
0.062205
0.052362
0.097244
0.023622
0.127953
0.041339
0.07874
0.005906
0.033465
0.015748
0.026772
0.238189
0.144488
0.00315
0
0.009843
0.179134
0
0
0
0
0
0
0.005906
0
0
0
0.001181
0.00315
0.020472
0
0
0.049213
0.090551
0.167323
0.066929
0
0.035433
0.04252
0.315748
0.007874
0.179921
0.282677
0.026772
0.062992
0.011024
0.104331
0.038583
0
0
0
0
0
0
0
0.016929
0.083465
0
0
0.001181
0
0.00315
0.001181
0
0
0.024409
0.110236
0.089764
0.01378
0
0
0
0
0
0.275591
0
0.004724
0
0.062205
0.001181
0
0
0
0.003937
0
0
0
0
0
0
0
0
0.14252
0.03937
0
0
0.126772
0.520866
0.098425
0.051181
0
0
0
0
0
0
0
0
0
0
0
0
0
0
0
0.005906
0.068898
0
0
0
0
0
0
0
0
0
0
0
0.001969
0.022441
0
0.014961
0
0
0
0
0
0
0
0
0
0
0
0
0
0
0
0
0.00315
0
0
0
0
0
0
0
0
0
0
0
0
0.017717
0.106299
0.018504
0
0.03937
0.003937
0.089764
0.131102
0.001969
0.006693
0
0
0
0
0
0
0
0
0.007874
0.085433
0
0
0.003937
0.011811
0.01378
0.084646
0.084646
0
0.019685
0.01378
0
0
0
0
0
0
0
0
0
0
0
0
0
0
0
0
0
0
0
0
0
0
0
0
0
0
0
0
0
0
0
0.004724
0.168504
0
0.139764
0
0
0
0
0
0
0
0
0
0
0
0
0
0
0
0
0
0.023622
0.329921
0.364961
0
0
0
0
0
0
0
0
0
0
0
0.011811
0.007874
0.003937
0
0
0.001181
0.001969
0.212598
0.330709
0
0.00315
0.011024
0
0
0
0.001181
0
0.031496
0.00315
0
0.06811
0.120079
0.090551
0.303937
0
0
0.003937
0.074016
0.146457
0.151575
0.045276
0.011024
0
0.058268
0.28937
0
0
0
0.011024
0
0
0
0
0
0
0
0
0
0.00315
0
0
0
0
0.00315
0.023622
0.086614
0.032283
0.012598
0.001181
0
0
0.169291
0.538583
1.550394
0.084646
0.023622
0.106299
0.714567
0.381102
0.084646
0.455512
0.318898
0.144488
0.020472
0.247244
0.318898
0.656299
0.116142
0.492913
0
0
0
0.097244
1.655512
0.077953
0.001969
0.024409
0.064961
0.015748
0.001969
0
0
0.018504
0.158661
0.114961
0.140945
0.480315
0.424016
0.01378
0.025591
0.037402
0.045276
0.198819
0.057087
0.030315
0.07874
0.28937
0.011811
0.205512
0.490157
0.080709
0.204724
0
0.075591
0.087402
0.019685
0.363386
0.455512
0.52874
0.05
0.061024
0.108268
0.075591
0
0
0.035433
0.020472
0
0.116142
0
0.007874
0.017717
0.033465
0
0.025591
0.083465
0.098425
0
0
0
0
0
0
0
0
0
0
0
0
0
0
0
0
0
0
0.055906
0.329921
0.100394
0.150787
0.13189
0.531496
0.805118
1.159449
0.00315
0.005906
0.007874
0
0
0.011024
0
0
0
0
0
0.017717
0.097244
0.05
0.004724
0.031496
0.156299
0.173228
0.185039
0.009843
0.069685
0.008661
0
0.005906
0.001969
0.129921
0.529528
0.008661
0
0
0
0
0
0
0
0
0
0
0
0
0
0
0
0
0
0
0
0
0
0.088583
0.008661
0.029528
0
0.048425
0
0
0
0
0
0
0
0
0
0
0
0
0
0
0
0
0
0
0
0.01378
0
0.135827
0.357087
0.094488
0
0.003937
0
0
0
0
0
0
0
0
0
0
0
0
0
0
0
0
0
0
0
0
0
0
0
0
0
0
0
0
0
0
0.016929
0
0.008661
0.001181
0
0
0
0
0
0
0
0
0
0
0
0
0
0
0
0
0
0
0
0.007874
0.835827
0.45748
0.106299
0.272835
0.521654
0
0
0
0
0
0
0
0
0
0
0.019685
0
0
0
0
0
0
0
0
0
0
0
0
0
0
0
0
0
0
0
0
0
0
0.178346
0.398425
0.456693
0.01378
0
0
0
0
0
0
0
0.276772
0.03937
0.242126
0
0
0.054331
0
0.10315
0.175984
0.009843
0.135827
0
0.00315
0.033465
0
0
0
0.001181
0
0.021654
0.062992
0
0
0.017717
0.036614
0.19685
0.001969
0
0
0.001969
0.003937
0.003937
0
0
0.001969
0
0
0.004724
0.001969
0.064961
0.175984
0.014961
0
0
0.00315
0.00315
0
0
0
0
0.12126
0.00315
0.119291
0.06811
0.244882
0.059055
0.003937
0
0
0
0.003937
0.00315
0
0
0
0
0
0
0
0
0
0
0
0
0.290551
0
0
0
0
0
0.009843
0.052362
0.058268
0.166142
0.015748
0.116142
0.029528
0.047244
0.155512
0
0
0.089764
0
0
0
0.023622
0.08189
0.009843
0.038583
0
0.026772
0.008661
0
0
0
0.027559
0.001181
0.004724
0.001969
0.032283
0.015748
0
0.151575
0.030315
0.06811
0.074803
0
0
0
0
0.007874
0.001181
0.148819
0.084646
0.116142
0.102362
0.233465
0.038583
0.011024
0.062205
0
0
0.087402
0.344488
0.034646
0.12126
0.035433
0
0
0.00315
0.009843
0
0
0.001181
0
0
0.043307
0.040157
0.062205
0.001969
0.029528
0.05315
0.075591
0.061024
0.006693
0.068898
0.110236
0.086614
0
0.116142
0
0
0
0
0.05315
0.001969
0.00315
0.001181
0.297244
0.189764
0.032283
0.072047
0.00315
0.049213
0.043307
0.093701
0.004724
0
0.320866
0
0.150787
0.102362
0.09252
0
0.001969
0
0
0
0
0
0.029528
0
0.004724
0
0
0
0
0
0
0
0
0
0
0
0
0
0.122047
0.134646
0.008661
0.150787
0
0
0
0
0
0
0
0
0
0
0
0
0
0
0
0
0
0.001969
0.018504
0
0
0
0
0
0.008661
0.012598
0.004724
0
0
0
0
0
0
0
0
0
0
0
0.015748
0.183071
0.04252
0.098425
0
0
0
0
0
0
0
0
0
0
0.018504
0.022441
0.052362
0.276772
0
0.011024
0.038583
0
0
0
0
0
0
0
0
0
0
0
0
0
0.055118
0.107087
0
0
0
0
0.001181
0
0
0
0.00315
0.00315
0
0
0
0
0
0
0
0
0
0
0
0
0.001181
0
0
0
0
0
0
0
0
0
0
0
0
0
0
0
0
0
0
0
0
0.19685
0.397638
0.015748
0.038583
0.138976
0
0
0
0
0
0
0
0.204724
0.405512
0.001969
0
0
0
0
0
0
0
0
0
0
0
0
0
0.061024
0.008661
0
0
0
0
0
0
0
0
0
0
0
0
0.00315
0
0
0.008661
0
0.185039
0.183071
0.003937
0
0
0
0
0
0
0
0
0
0.003937
0.06378
0.234252
0.139764
0.001969
0
0.019685
0.036614
0
0.181102
0.320866
0.559055
0.192913
0.091732
0.411417
0.667323
0.00315
0.301181
0.388976
0.043307
0.02874
0.248819
0.494882
0.520866
0.209449
0.229134
0.122047
0
0.07874
0.169291
0.02874
0.046063
0.125984
0.164567
0.070866
0
0.012598
0.094488
0.046063
0.153543
0.059055
0.003937
0.099606
0.003937
0
0.005906
0
0.026772
0.030315
0.216535
0.125984
0.18189
1.181102
0.479528
0.061024
0.021654
0.024409
0.021654
0.011811
0.021654
0.00315
0.00315
0
0
0.00315
0.011811
0
0.009843
0.005906
0.008661
0.062205
0.003937
0.53937
0.020472
0
0
0
0.023622
0.003937
0
0
0
0
0.018504
0
0
0
0
0
0.06811
0.080709
0.001181
0
0
0
0
0
0.004724
0.14252
0.456693
0.350394
0.312205
0.624016
0.001969
0.06378
0.135827
0.06378
0.001969
0
0
0
0
0
0
0
0.027559
0.311024
0.114173
0
0.014961
0.11811
0
0.001969
0.016929
0
0.007874
0.011024
0.129921
0
0
0
0
0.003937
0.356299
0.091732
0
0
0
0
0
0
0
0
0
0
0
0
0
0
0
0.046063
0.048425
0.038583
0.00315
0.055906
0.286614
0.084646
0.162205
0.088583
0.00315
0.009843
0
0
0
0
0
0
0.001969
0.04252
0.048425
0.651575
0.746063
0.126772
0
0
0
0
0
0
0
0.015748
0.017717
0
0
0
0
0
0
0
0
0.001969
0
0.024409
0
0
0
0.003937
0
0.031496
0
0
0
0.048425
0.05315
0
0
0
0
0
0
0
0
0
0
0
0
0
0
0
0
0.001181
0
0
0
0.038583
0
0
0
0.014961
0.017717
0
0
0
0
0
0
0
0
0
0
0
0
0
0
0
0
0
0
0
0
0
0
0
0
0.001969
0.011811
0
0
0
0
0
0
0
0
0
0
0
0.005906
0.00315
0
0
0
0
0
0
0
0
0
0
0
0
0
0
0
0
0
0.001181
0
0
0
0
0
0
0.001969
0
0
0
0
0
0
0
0
0
0.095276
0
0
0
0
0
0.006693
0
0.020472
0.014961
0
0
0
0
0
0
0
0
0
0
0
0.007874
0
0
0.038583
0.003937
0
0
0
0
0
0
0
0
0
0
0
0
0
0
0
0
0
0
0
0
0
0
0
0
0
0
0
0
0
0
0
0
0.03937
0.429134
0.440157
0.107087
0.109449
0.192913
0.01378
0.00315
0
0
0.015748
0.007874
0.023622
0
0
0
0
0.004724
0.003937
0
0
0
0
0
0
0
0
0
0
0
0
0
0
0.085433
0.075591
0.083465
0.875197
0.075591
0.07874
0.381102
0.360236
0.051181
0.001181
0.058268
0.035433
0.018504
0
0.011024
0.161417
0.061024
0.148819
0.41063
0.476378
0.237402
0.135827
0.109449
0.020472
0.029528
0
0
0
0.00315
0
0
0
0.062205
0.059055
0.295276
0.264567
0.557087
1.344488
0.005906
0.011811
0.003937
0.003937
0.055118
0.011811
0.077953
0.009843
0.232283
0.616142
0.138976
0.192913
0.003937
0.07874
0.066929
0.037402
0.156299
0.127953
0.001969
0
0
0
0
0
0
0
0
0.212598
0.133071
0.134646
0.068898
0.162205
0.168504
0.006693
0.045276
0.001969
0
0
0
0.011024
0
0
0
0.04252
0.021654
0.009843
0.011024
0
0
0
0
0
0.001969
0.00315
0
0
0.100394
0.369291
0.324016
0.543307
0.040157
0
0
0.00315
0.006693
0.019685
0.014961
0.041339
0.262992
0.077953
0.003937
0
0
0
0.293307
0.199606
0.089764
0.162205
0.094488
0
0.102362
0.001969
0
0
0
0.001969
0.051181
0.024409
0.531496
0.037402
0.035433
0.070866
0.001181
0
0.129921
0.40748
0.246063
0.08189
0.844488
0.158661
0.070866
0.198819
0.065748
0.095276
0.033465
0
0.020472
0.14252
0.162205
0.089764
0.007874
0.099606
0.305118
0.122835
0.15748
0.085433
0.074016
0
0
0
0
0
0
0
0
0
0
0
0.030315
0.016929
0.027559
0
0.001969
0.083465
0.088583
0
0
0
0
0
0
0
0
0
0
0
0.001181
0.025591
0
0
0
0
0
0
0
0
0
0
0.03937
0
0
0
0
0
0
0
0
0
0
0
0
0
0.105118
0
0
0
0
0
0
0
0
0
0
0
0
0
0
0.032283
0.231496
0.170079
0.030315
0
0.083465
0
0
0.00315
0
0.001181
0.041339
0.05315
0.005906
0
0
0
0
0
0
0
0
0
0
0
0
0
0
0
0
0.096457
0.01378
0
0
0
0
0
0
0
0
0
0
0
0.001969
0.033465
0.131102
0
0.051181
0.064961
0.364961
0.011024
0
0
0
0
0
0
0
0
0
0
0
0
0
0
0
0
0
0
0
0
0
0
0.043307
0
0.026772
0
0
0.001181
0
0
0
0
0
0
0
0
0
0
0
0
0
0
0
0
0
0
0.001969
0
0.011024
0.026772
0
0
0.147638
0.169291
0.408661
0.038583
0.038583
0.016929
0.01378
0.041339
0.035433
0
0
0
0.01378
0.05
0.043307
0.012598
0
0.102362
0.026772
0.026772
0
0.023622
0.001969
0.05
0.033465
0
0.019685
0.286614
0.080709
0.483071
0
0
0.033465
0.041339
0.340551
0.184252
0
0.040157
0.043307
0.284252
0.297244
0.45748
1.005906
0.017717
0.00315
0
0
0
0.083465
0.058268
0
0.07874
0.111417
0.051181
0.015748
0.00315
0.84252
0.07874
0.00315
0.101575
0.796457
0.327559
0.012598
0.061024
0.020472
0.080709
0.146457
0.015748
0.040157
0.029528
0
0.043307
0
0.035433
0.061024
0
0.011811
0
0.098425
0.009843
0.00315
0.00315
0
0.155512
0.307874
0.415354
0.135827
0.020472
0.029528
0.077953
0.269685
0.015748
0.427165
0.032283
0.008661
0
0.072047
0.006693
0
0.052362
0
0
0
0
0.01378
0.018504
0.725197
1.352362
0.335433
0.25315
0
0.004724
0.011811
0.020472
0.299213
0.322047
0.055118
0.018504
0
0.017717
0.202756
0.026772
0.032283
0
0.003937
0
0
0
0
0
0
0
0
0
0
0
0
0
0
0
0
0
0
0
0.007874
0.006693
0.001181
0
0
0.102362
0.007874
0
0
0
0
0
0
0
0
0
0
0
0
0.004724
0.150787
0.059843
0.005906
0.024409
0.148819
0.00315
0.181102
0.088583
0.015748
0
0
0
0
0
0
0
0
0
0
0
0
0
0
0.004724
0.001969
0.555906
0.281496
0.004724
0.008661
0
0
0.023622
0
0.149606
0.437008
0.044094
0.172441
0.074803
0
0
0
0
0.019685
0.173228
0.01378
0
0
0
0
0
0
0
0
0
0.006693
0.09252
0.185827
0.004724
0
0
0
0
0
0
0
0.008661
0
0
0
0
0
0
0
0
0
0.027559
0
0.090551
0.035433
0
0
0
0
0
0
0
0
0
0
0
0
0
0
0
0
0
0
0.009843
0
0
0.004724
0
0.004724
0
0
0
0
0
0
0
0
0
0
0
0
0
0
0
0
0
0
0
0
0
0
0
0
0.001969
0
0
0.160236
0.113386
0
0.00315
0.011024
0
0
0
0
0
0
0
0
0
0
0
0
0
0
0
0
0
0
0
0
0
0
0
0.058268
0
0
0
0
0
0
0
0
0.00315
0
0
0
0
0
0
0
0
0
0.037402
0.047244
0
0.020472
0
0
0
0
0.003937
0.332677
0.295276
0.059055
0.303937
0.008661
0.174409
0.692126
0.608268
0.076772
0.220472
0.280315
0.242126
0.006693
0
0
0
0.151575
0.275591
0
0
0
0.001969
0
0.001969
0.006693
0
0.004724
0
0
0.004724
0.01378
0.003937
0.001969
0
0
0
0
0
0.05
0.334646
0.096457
0.190945
0.330709
0.001181
0.001969
0
0
0
0
0.003937
0.098425
0.507874
1.041339
0.149606
0.00315
0
0
0
0
0
0.00315
0
0
0
0
0
0
0
0
0
0
0.018504
0.242126
0.244882
0.088583
0.091732
0.12126
0.399606
0.009843
0
0
0.178346
0.146457
0.112205
0.126772
0.203937
0.124803
0.00315
0
0.014961
0.020472
0
0
0
0
0
0
0
0
0
0.011811
0.020472
0.035433
0.037402
0
0.035433
0
0
0
0
0
0
0.018504
0.161417
0.080709
0
0
0
0.001969
0.30315
0.198819
0.340551
0
0
0
0.027559
0.211811
0.087402
0
0
0
0
0
0.034646
0.021654
0.012598
0.219291
0.001969
0
0
0
0
0
0
0
0
0
0
0
0
0
0
0
0.175197
0.083465
0.159449
0.279528
0.106299
0
0.012598
0.012598
0.072835
0.094488
0.055906
0.001969
0
0
0.089764
0.329921
0.035433
0
0.006693
0.094488
0.03937
0.012598
0
0.038583
0.145669
0.21063
0.011024
0
0.006693
0.199606
0.007874
0.009843
0.011024
0
0.219291
0.152756
0.144488
0.00315
0
0.799213
0.443701
0.005906
0.097244
0.437795
0.10315
0.089764
0.104331
0.479528
0.207874
0.021654
0.724409
0.744882
0.114173
0.005906
0
0.005906
0.055118
1.259843
0.414173
0.201575
0.137795
0.051181
0.001969
0
0
0
0
0
0.10315
0
0
0.085433
0.302362
0
0.008661
0
0
0
0.10315
0.072047
0.089764
0.453543
0
0
0
0
0.026772
0
0
0.198031
0.052362
0.006693
0.035433
0
0
0
0
0.06378
0.055906
0.014961
0.195669
0
0
0
0
0
0
0
0
0
0
0
0.01378
0.072835
0
0
0
0
0
0
0
0
0
0
0
0
0
0
0
0
0
0
0
0
0
0
0
0
0
0
0
0
0
0
0
0
0
0
0
0
0
0
0
0
0
0
0
0
0
0
0
0
0
0
0
0
0
0
0
0
0
0
0
0
0.005906
0
0
0
0
0
0
0
0.012598
0
0
0
0
0.116929
0.374803
0.00315
0.020472
0
0
0
0
0.023622
0.279528
0.283465
0.131102
0.020472
0
0
0
0
0
0.029528
0.021654
0.006693
0
0.008661
0.03937
0.038583
0
0
0
0.001969
0
0
0
0
0.021654
0.077953
0.019685
0.001181
0.001181
0
0
0.297244
0.520866
0.194882
0.195669
0.253937
1.38189
0.941732
0.141732
0.007874
0.011811
0.006693
0.024409
0.188976
0.033465
0.001969
0
0
0
0
0
0.001969
0
0
0.129921
0.282677
0.016929
0.165354
0.290551
0.035433
0.227559
0.879921
0.030315
0.031496
0.068898
0.00315
0.008661
0.148819
0.083465
0
0
0.00315
0
0.00315
0
0.00315
0
0.086614
0.397638
0.199606
0.143701
0.699606
0.45748
0.003937
0.076772
0.161417
0.415354
0.231496
0.455512
0.18189
0.687008
1.19685
0.124016
0.985039
0.043307
0
0
0.008661
0.161417
0.07874
0
0.041339
0.021654
0.015748
0.158661
0.298031
0.10315
0.570079
0.114961
0.187008
0.041339
0.311024
0
0.00315
0.00315
0
0.023622
0.235039
0.090551
0.327559
0.175197
0.531496
0.482283
0.204724
0.040157
0.065748
0.151575
0.074016
0
0.001969
0.001969
0
0
0
0
0.006693
0
0
0
0.114173
0.014961
0
0
0
0
0
0
0
0.024409
0.748819
0.310236
0.088583
0.01378
0.119291
0
0.137795
0
0.054331
0.074803
0.419291
0.05
0.082677
0.003937
0.043307
0.109449
0.04252
0.059843
0.099606
0.016929
0.001969
0.144488
0.001969
0
0
0.152756
0.134646
0.001969
0.003937
0.037402
0.007874
0.00315
0.004724
0.088583
0.320866
0.163386
0.098425
0.046063
0.00315
0.001969
0.113386
0.035433
0.188189
0.172441
0.111417
0.005906
0
0.198819
0.60315
0.023622
0
0
0
0.029528
0.208661
0.025591
0.001969
0.007874
0
0
0
0
0
0
0
0
0
0
0
0
0
0
0
0
0
0
0
0
0
0.020472
0.047244
0.024409
0.017717
0.062992
0.13189
0
0
0
0.389764
0.065748
0.005906
0.043307
0
0
0.017717
0.029528
0
0
0
0
0
0
0
0
0.004724
0.006693
0.017717
0.001181
0.008661
0
0
0
0
0
0
0
0
0
0
0
0
0.032283
0.364961
0
0
0
0
0
0
0
0
0
0
0
0
0
0
0
0
0
0
0
0
0
0
0
0.007874
0
0
0
0
0
0
0
0
0
0
0
0
0
0.082677
0.005906
0.007874
0
0.011024
0
0
0.015748
0.005906
0
0
0
0
0
0
0
0
0
0
0
0
0
0
0
0
0
0
0
0
0
0
0
0
0
0
0
0
0
0.001969
0.019685
0.025591
0
0.041339
0
0
0.031496
0.001969
0
0
0
0
0
0
0
0
0
0
0
0
0.168504
0.286614
0.00315
0
0
0.014961
0
0
0
0
0
0.011024
0.227559
0.009843
0
0
0
0
0
0
0
0
0
0
0
0
0
0
0
0.077953
0.140945
0.019685
0.12126
0
0.075591
0.08189
0.00315
0.023622
0.059843
0.029528
0.151575
0.360236
0.027559
0.011024
0
0
0.104331
0.020472
0.009843
0.116929
0.102362
0
0.02874
0.257874
0.192126
0.099606
0
0
0.011024
0
0
0
0
0
0
0.00315
0.075591
0.206693
0.045276
0.744882
0.661417
0.417323
0.045276
0
0
0
0
0.026772
0.020472
0.007874
0
0
0.05315
0.204724
0.129134
0
0
0
0
0
0
0.356299
0.408661
0.005906
0
0
0.00315
0.005906
0.009843
0.00315
0
0
0
0
0.034646
0.005906
0
0
0
0
0
0
0
0
0
0
0
0
0
0
0
0
0
0
0
0.001969
0.151575
0.362205
0.031496
0.228346
0.228346
0.006693
0
0.001969
0.052362
0.003937
0
0.024409
0
0.165354
0.744882
0.742126
0.049213
0.011811
0.937008
0.088583
0.084646
0.305118
0.045276
0.049213
0
0
0.007874
0
0.032283
0.016929
0.059055
0.019685
0
0
0
0
0
0
0
0
0.036614
0.285433
0
0
0
0
0.014961
0.314961
0.044094
0.001969
0
0
0
0
0
0
0
0
0
0.019685
0.001969
0.04252
0.001181
0.131102
0.029528
0
0.140945
0
0
0.066929
0.035433
0.011811
0.006693
0.140945
0.214567
0.155512
0
0
0
0
0
0
0
0.104331
0.116142
0.074803
0.202756
0.047244
0.101575
0
0
0.011811
0
0
0
0
0
0
0
0
0
0
0.015748
0
0
0
0
0
0
0
0
0
0
0
0
0.051181
0
0.019685
0.25315
0.094488
0.00315
0
0.022441
0.038583
0
0
0
0
0
0
0
0
0
0
0
0
0
0
0
0
0
0
0
0
0
0
0
0
0
0.003937
0.068898
0
0
0.114961
0.001969
0.01378
0
0
0
0.01378
0.043307
0.156299
0
0
0
0
0
0
0
0
0
0
0
0
0
0
0.005906
0
0
0
0
0
0
0
0
0
0
0
0
0
0
0
0.007874
0.069685
0
0
0
0
0
0
0
0
0
0.006693
0
0
0
0
0
0.116929
0
0
0
0
0
0
0
0
0
0
0.001969
0.05
0.006693
0.016929
0.381102
0
0
0.179134
0.136614
0.034646
0
0
0
0.166142
0
0.086614
0.194094
0.01378
0.01378
0.005906
0
0.003937
0
0
0.023622
0.040157
0.004724
0.045276
0.003937
0
0.048425
0.237402
0.12126
0.29252
0.846457
0.022441
0
0.004724
0
0
0
0
0
0.102362
0.432283
0.311024
0.003937
0
0.00315
0
0
0
0.00315
0
0
0
0.043307
0.064961
0.008661
0.061024
0.001969
0.001969
0.059055
0.05
0.109449
0.125984
0
0
0
0
0
0
0.015748
0.024409
0
0
0
0
0.06811
0.350394
0.119291
0.022441
0.357087
0.174409
0.072047
0
0.003937
0
0
0
0
0
0.007874
0.005906
0.045276
0.048425
0.352362
0.003937
0
0.023622
0.085433
0.06378
0.012598
0.05315
0.133858
0.01378
0.001181
0.003937
0
0
0.383858
0.701969
0.138976
0.044094
0.087402
0.026772
0.198819
0.507874
0
0.061024
0.018504
0.006693
0
0.00315
0.003937
0
0
0.011811
0.055906
0.005906
0.059055
0.110236
0.001181
0.095276
0.355118
0.201575
0.233465
0.038583
0.122047
0.122047
0.14252
0.023622
0.035433
0.001969
0
0
0
0
0.003937
0.003937
0
0
0
0
0
0
0
0
0.021654
0.02874
0.124016
0.114961
0.035433
0.044094
0
0
0
0.011024
0.052362
0.007874
0
0
0
0
0.005906
0.021654
0
0
0
0.025591
0.106299
0.012598
0.037402
0.037402
0.001969
0.016929
0.023622
0
0
0
0.024409
0.024409
0.031496
0.03937
0.011811
0.03937
0.011811
0.011811
0.007874
0
0
0
0.004724
0.001181
0.025591
0.032283
0.069685
0.018504
0
0
0
0
0.032283
0.007874
0
0
0
0
0.011024
0.007874
0.005906
0.051181
0
0
0
0
0
0.014961
0.024409
0
0
0
0
0
0.009843
0
0
0
0
0
0
0
0
0
0
0
0
0
0.052362
0
0.031496
0.124016
0.093701
0.066929
0.198819
0.501969
0.674016
0.454724
0.220472
0.025591
0.00315
0.009843
0.072047
0.001969
0
0
0
0
0
0.001181
0
0
0
0
0
0
0
0
0
0
0.011024
0.012598
0
0
0
0
0
0
0
0
0
0
0
0
0
0
0
0
0
0
0
0
0
0
0
0
0
0
0
0
0.018504
0.022441
0
0
0
0
0
0
0
0
0
0
0
0
0
0.004724
0.029528
0.011024
0
0
0
0
0
0
0
0
0
0
0.012598
0.00315
0
0
0.003937
0
0
0
0
0
0
0
0
0
0
0
0
0
0
0
0
0
0
0
0
0
0
0
0
0
0
0
0
0
0.009843
0
0
0
0
0
0
0
0
0
0
0.011811
0.113386
0.03937
0.00315
0.00315
0
0
0.019685
0.008661
0
0.001969
0
0
0
0
0
0
0
0
0
0
0
0
0
0
0
0
0
0
0.014961
0.07874
0.153543
0.072047
0.238189
0.204724
0.11811
0.011811
0
0.006693
0.034646
0.195669
0.038583
0.019685
0
0.00315
0
0.00315
0
0
0.048425
0
0.005906
0
0.00315
0
0
0
0
0
0
0.012598
0.001181
0
0
0
0
0
0
0.01378
0.005906
0.005906
0.015748
0.020472
0.023622
0.086614
0
0
0.076772
0.116142
0
0.083465
0.070866
0.08189
0.17126
0.126772
0.12126
0.031496
0.005906
0.003937
0.113386
0.015748
0.173228
0.122047
0
0.00315
0.072047
0.017717
0.014961
0.035433
0
0.003937
0
0
0.011811
0.011811
0.011811
0.003937
0
0.011811
0
0
0.017717
0.11811
0.015748
0.006693
0.037402
0.011811
0
0.003937
0
0.003937
0
0
0
0
0
0.025591
0.001969
0
0.134646
0.085433
0.06378
0.001969
0.077953
0.189764
0.124016
0.045276
0.021654
0
0
0
0
0.032283
0.271654
0.473228
0.135827
0.001181
0.018504
0
0.001181
0.022441
0.288189
0.327559
0.094488
0.009843
0.003937
0
0.005906
0
0
0
0
0
0
0.11811
0.049213
0
0
0
0.001969
0.294094
0.079921
0
0
0
0
0
0.005906
0.021654
0
0
0.00315
0.086614
0.004724
0
0
0
0.079921
0.330709
0.138976
0.012598
0.014961
0.004724
0
0.011811
0.004724
0
0
0
0
0
0
0
0.016929
0
0
0
0.006693
0.10315
0.090551
0.049213
0.105118
0.10315
0.107087
0.125984
0.065748
0.120079
0.004724
0
0
0
0
0
0.027559
0.007874
0
0
0
0
0
0
0
0
0
0
0
0
0
0.019685
0.044094
0.004724
0.069685
0.584646
0.203937
0.188976
0.079921
0.496063
0.190945
0.004724
0
0.077953
0.324016
0.138976
0.107087
0.072047
0.026772
0.009843
0.022441
0.025591
0
0.038583
0.00315
0.062992
0.004724
0
0
0
0
0
0
0
0
0.011024
0.027559
0
0
0
0
0.001969
0
0
0
0
0
0
0
0
0
0
0
0
0
0
0
0
0
0
0
0
0
0
0
0.003937
0.030315
0.034646
0.021654
0.020472
0
0.027559
0.122047
0.001181
0
0
0
0
0
0
0
0
0
0
0
0
0
0
0
0
0
0
0
0
0
0
0
0
0
0
0
0
0
0
0
0
0
0
0
0.007874
0
0
0
0
0
0
0
0
0
0
0
0
0
0
0.005906
0
0
0
0
0
0.046063
0
0
0
0
0
0
0
0
0.277559
0.09252
0.077953
0.009843
0
0
0.129134
0.012598
0.003937
0
0
0
0
0.069685
0.047244
0.011024
0.005906
0
0
0
0
0
0
0.131102
0.107087
0
0
0.023622
0
0.05
0.072835
0.021654
0.003937
0
0
0.04252
0.037402
0.003937
0.095276
0.058268
0.041339
0
0
0.003937
0.358268
0.156299
0
0
0
0
0.005906
0.005906
0
0
0.017717
0
0
0
0
0.209449
0.187008
0.131102
0.025591
0.054331
0.026772
0.00315
0.005906
0
0.041339
0.068898
0.08189
0
0
0
0.007874
0.043307
0
0.116142
0.238976
0.172441
0.215354
0.012598
0
0.005906
0.020472
0.05315
0.012598
0.090551
0.021654
0.001181
0.140945
0.344488
0.26063
0.005906
0
0.017717
0.069685
0.22126
0.219291
0.287402
0.068898
0.137795
0.009843
0.223622
0.192126
0.21063
0.08189
0
0.020472
0.017717
0.005906
0.122047
0.017717
0.032283
0.082677
0.049213
0.024409
0
0.057087
0.011024
0.01378
0.04252
0.038583
0
0.031496
0.011811
0.031496
0.004724
0
0
0
0
0
0.030315
0.015748
0.015748
0.201575
0
0
0.045276
0.009843
0.082677
0.021654
0.003937
0
0
0.033465
0.026772
0.003937
0
0.108268
0.131102
0
0.009843
0
0
0
0
0
0.005906
0.001969
0
0.029528
0.023622
0.055118
0
0.01378
0.232283
0.227559
0.003937
0.007874
0.116142
0.037402
0.019685
0.04252
0.009843
0
0
0
0.004724
0.034646
0.04252
0.019685
0.051181
0
0
0
0
0.012598
0.364961
0.45
0
0.001969
0
0
0.178346
0.664567
0.086614
0.004724
0
0
0
0
0
0
0
0
0.015748
0.125984
0.317717
0.095276
0.282677
0
0
0
0
0.047244
0.01378
0.012598
0.020472
0.019685
0.055118
0.085433
0.04252
0.015748
0.024409
0.008661
0.004724
0
0
0.017717
0.082677
0.062992
0.131102
0.350394
0.019685
0
0
0
0.134646
0.043307
0
0
0
0
0
0
0
0.026772
0.001969
0
0.051181
0
0
0.211811
0.079921
0
0
0.048425
0
0
0
0.031496
0
0
0
0.003937
0
0
0.006693
0
0
0
0
0
0
0
0
0
0
0
0
0
0
0
0
0.03937
0.101575
0.015748
0
0
0
0
0.011024
0
0
0
0
0
0
0
0
0.00315
0
0
0
0
0
0
0
0
0
0
0
0
0
0
0
0.032283
0.046063
0.004724
0.06378
0.001181
0.02874
0
0
0
0
0
0
0.024409
0
0
0
0
0
0
0
0
0
0.041339
0.035433
0.014961
0
0
0
0
0
0
0
0
0
0
0
0
0
0.01378
0
0
0.14252
0.046063
0.016929
0.005906
0
0.019685
0
0
0
0
0
0
0
0
0
0.011024
0.485039
0.854331
0.450787
0.04252
0.072047
0.03937
0.025591
0.03937
0.029528
0.007874
0
0
0
0
0.06811
0.140945
0.021654
0.051181
0.055906
0.086614
0.016929
0
0.00315
0.00315
0
0
0.080709
0.07874
0.14252
0.139764
0.015748
0.00315
0
0
0
0.046063
0
0.011811
0
0.144488
0.830709
0.281496
0.035433
0.166142
0.203937
0.015748
0
0.074016
0.06378
0.106299
0.036614
0.478346
0.217717
0.234252
0.008661
0.109449
0.131102
1.080709
0.463386
0.012598
0.026772
0.005906
0
0
0.198819
0.144488
0.412598
0.166142
0.005906
0
0.054331
0
0
0
0
0
0
0.006299
0.019685
0.011417
0.079921
0.259843
0.354724
0.190157
0.242126
0.541732
0.322441
0.010236
0.040157
0
0.001181
0.000787
0
0
0
0
0
0
0.033465
0.040945
0
0
0
0
0.009449
0.026378
0.001575
0.003543
0.014567
0.007874
0
0
0
0.007874
0.22126
0.58622
0.408661
0.305512
0.13937
0.044882
0.064567
0.020472
0.061024
0.23937
0.240945
0.092126
0.003543
0
0.019685
0.062992
0.027559
0.143307
0.145276
0.428346
0.315748
0.225197
0.275591
0.221654
0.27874
0.225197
0.065354
0.216535
0.41378
0.766535
0.564961
0.230315
0.436614
0.425591
0.24685
0.124409
0.140157
0.034252
0.235433
0.573622
0.464567
0.253543
0.272047
0.261417
0.23189
0.001575
0.043701
0.072441
0.016929
0.062205
0.230315
0.12126
0.185827
0.022835
0
0.019685
0.043701
0.008661
0.010236
0.164567
0.187008
0.241732
0.255512
0.072047
0
0.064961
0.067717
0
0.075197
0.140945
0.177165
0.142913
0
0.094488
0.138189
0.035433
0
0
0.001969
0
0
0
0.064173
0.059055
0.038583
0.000787
0.004331
0.055512
0
0
0.106299
0.357874
0.304331
0.127559
0.025984
0.022441
0.014961
0
0.001969
0.131102
0.36063
0.291732
0.12126
0.059449
0.025984
0.094488
0.23189
0.158661
0.073228
0.002362
0.001575
0.073228
0.051575
0
0.001575
0.000787
0
0.001575
0.031496
0.126378
0.000787
0
0
0
0
0.038583
0
0
0
0
0
0
0
0.151969
0.164961
0.094094
0.005906
0
0
0
0
0
0.006299
0.00748
0.00315
0
0
0
0
0.000787
0
0.172441
0.092913
0.01378
0.262205
0.293701
0.01063
0.000787
0
0
0
0
0
0
0
0
0
0.022441
0.008661
0
0
0
0
0
0
0
0
0
0
0
0
0
0
0
0
0
0
0
0.007874
0
0
0.002362
0.001969
0
0
0
0
0
0
0
0
0
0
0
0
0
0.005118
0.00315
0.005906
0.00315
0.010236
0.005906
0.059843
0.031496
0
0
0
0
0
0
0
0
0
0.117717
0.01811
0
0.000787
0.000787
0
0.001181
0.015354
0.131102
0.447244
0.332283
0.071654
0.002756
0.002756
0.065354
0.159055
0.065354
0.002756
0.000787
0.001181
0.000787
0.007087
0.003543
0
0
0
0.001181
0.000787
0
0
0
0
0
0.001181
0.030315
0.009843
0.035827
0.001575
0.000787
0.141732
0.144488
0.352362
0.311811
0.01063
0
0
0
0.001575
0.015748
0.006693
0.002362
0.048425
0.081496
0.272047
0.353937
0.234646
0.051181
0.194882
0.443701
0.164173
0.110236
0.138189
0.000787
0.002362
0.003543
0.006693
0.077953
0.004331
0
0
0
0
0
0
0
0
0
0.003543
0.001575
0
0.012205
0.021654
0.001575
0.000787
0
0
0
0
0
0
0
0.001969
0.01063
0.116929
0.341732
0.516142
0.483071
0.100787
0.004724
0
0
0
0.012598
0.015748
0.004724
0
0.001181
0.000787
0
0
0
0.002362
0.085827
0.169685
0.23622
0.674016
0.536614
0.792913
0.512992
0.296063
0.227559
0.213386
0.366535
0.187795
0.015748
0
0.079528
0.046457
0.080709
0.066929
0.00748
0
0
0
0
0.028346
0.126378
0.064567
0.087008
0.05
0.132283
0.090157
0.05315
0.024016
0.001969
0.076772
0.053937
0.185039
0.159843
0.069685
0.049606
0.015354
0.446457
0.131102
0.028346
0.005118
0.354331
0.361417
0.150394
0.020079
0
0
0.17874
0.124409
0.00748
0
0
0.116929
0.156299
0.395669
0.299606
0.241732
0.543307
0.664173
0.292126
0.083858
0.458268
0.392126
0.208268
0.076378
0
0.020866
0.060236
0.080709
0.358661
0.307087
0.452756
0.481102
0.363386
0.11811
0.021654
0.050787
0.080709
0.054331
0.014961
0
0
0
0.050787
0.13937
0.201181
0.137402
0.034252
0.015354
0.053543
0.07874
0.125984
0.138189
0.047638
0
0
0
0
0.167717
0.164567
0.038189
0
0.025591
0.037008
0.016142
0.083071
0.123228
0.068504
0.014961
0
0
0
0
0
0
0
0
0
0
0
0
0
0
0
0.042126
0.047244
0.066142
0.372047
0.166929
0.035039
0.009055
0
0
0
0
0.01378
0.014567
0.4
0.481102
0.16811
0.024803
0.023622
0.052756
0.035827
0.004331
0
0
0
0
0
0
0
0
0
0
0.022441
0.30748
0.237402
0.038976
0.080315
0.048425
0.000787
0.011811
0.011811
0.14252
0.040157
0
0
0
0
0
0
0
0
0
0
0
0
0
0
0.201969
0.109843
0
0
0
0
0
0
0
0
0
0
0
0
0
0
0
0
0
0
0.050394
0.029921
0
0
0
0
0
0
0
0
0
0
0.007087
0.024016
0.011417
0
0
0
0
0
0
0
0
0
0
0
0
0
0
0
0
0
0
0
0
0
0
0
0
0
0
0
0
0
0
0
0
0
0
0
0
0
0
0
0
0
0
0
0
0
0
0
0
0
0
0
0
0
0.067323
0.051575
0.042126
0.737008
0.437795
0.011024
0.000787
0.12874
0.07874
0.174016
0.191339
0.135039
0.11063
0.035827
0.024409
0.264961
0.120866
0.007087
0.001181
0.182283
0.122441
0.011811
0.005118
0
0
0.010236
0.00748
0.043701
0.08937
0.036614
0.07126
0.513386
0.284252
0.003937
0
0.048425
0.305118
0.200787
0.188976
0.544094
0.297638
0.027559
0.048819
0.186614
0.084646
0
0
0.00748
1.078346
0.901575
1.340945
0.694488
0.29685
0.662992
0.372835
0.00748
0.00748
0.003543
0
0.001575
0.092913
0.057874
0
0.014173
0.320079
0.644094
0.425984
0.112205
0.04685
0.52874
0.778346
0.495669
0.428346
0.305512
0.329134
0.283071
0.084252
0.095276
0.049213
0
0.004331
0.002756
0
0
0
0.068504
0.122441
0.161811
0.048819
0.133465
0.194094
0.087402
0.01063
0
0
0
0
0
0
0
0
0
0
0.127559
0.144094
0.179134
0.144488
0.12874
0.112992
0.008661
0
0
0
0
0
0
0.024803
0.05748
0.053937
0.01811
0
0
0
0
0
0
0
0.000394
0
0.034646
0.072835
0.060236
0.03189
0.290551
0.183465
0.056299
0.040551
0.007874
0.061811
0.096063
0.041732
0.037795
0.025197
0.001575
0.294094
0.292126
0.044488
0.000787
0
0
0
0
0
0
0
0.06811
0.040157
0
0.170472
0.296457
0.122441
0.009055
0.000787
0
0.065354
0.045276
0.013386
0.020866
0.00748
0
0.609055
0.261024
0.016142
0.010236
0.129921
0.12126
0.149213
0.167717
0.061024
0.001575
0.030315
0.016929
0.001969
0.001575
0.015354
0.083465
0.074016
0.016929
0
0.041732
0.024016
0
0
0
0
0
0
0
0.001575
0.000394
0
0
0
0
0
0.062598
0.157874
0.143701
0.18937
0.085827
0.004331
0.002362
0
0
0
0.013386
0.080315
0.035433
0.009055
0.013386
0
0.084252
0.081102
0.035433
0.009843
0.033858
0.207087
0.383465
0.255512
0.054724
0.014173
0
0
0
0
0
0
0
0
0
0
0
0
0
0
0
0
0
0
0.04252
0.117717
0.04252
0.001575
0.023228
0.129134
0.152756
0.127165
0.035039
0.001575
0
0
0
0
0
0
0
0
0
0
0
0
0
0
0
0
0
0
0
0
0
0
0
0
0
0
0
0
0
0
0
0
0
0.009449
0.003543
0
0
0
0
0.002362
0.029921
0.022047
0.016929
0.015748
0.007874
0.224803
0.134252
0
0
0
0
0
0
0
0.003543
0.095669
0.05315
0.007874
0.17874
0.106299
0
0
0
0
0
0
0
0
0
0.06378
0.038583
0
0
0
0
0
0
0
0
0
0.029134
0.073228
0.030709
0
0.155118
0.183465
0.117717
0.044488
0.244094
0.179134
0.034252
0.016142
0.296063
1.090551
0.666929
