start_date: 1960-10-01 24:00
start_date: 2013-09-30 24:00
data_date: 1960-10-01 24:00
timestep: 1 DAY
units: cfs
scale: 1.000000
#Series Slot: Indian Creek.Inflow [1 cfs]
44
43
43
42
44
64
67
65
54
52
50
52
51
49
47
46
46
46
46
46
46
45
46
48
48
54
56
52
52
50
48
47
46
46
45
45
46
46
48
48
49
78
65
79
82
77
94
228
457
173
141
216
145
1230
2900
1680
640
360
250
191
231
779
554
365
275
216
175
152
136
122
119
106
102
97
92
97
290
909
1480
1110
674
488
380
320
272
232
220
208
187
179
149
134
124
116
112
105
101
101
106
105
130
124
116
113
118
178
182
161
145
130
119
110
103
98
120
118
108
105
105
103
300
761
2990
1160
1060
818
620
506
524
434
416
2550
4200
4160
2000
1480
1330
1590
1300
1080
914
800
725
725
755
680
647
590
548
530
498
550
605
545
505
545
578
540
575
614
626
725
776
1240
1960
1710
1260
1150
1020
1210
1280
1080
1370
1330
1190
1080
1040
983
896
848
854
890
947
1140
1360
1300
1110
1000
920
854
836
788
791
848
761
704
692
776
812
752
656
596
605
548
518
495
485
495
505
538
752
785
830
743
656
584
560
605
555
555
865
1000
995
866
791
746
752
776
812
869
899
860
749
689
632
555
545
550
498
472
480
475
468
510
578
584
512
465
452
390
354
336
320
322
300
294
300
294
278
255
233
217
207
193
190
180
170
166
161
156
149
143
139
136
135
131
128
129
127
122
119
115
112
108
106
106
102
99
98
97
94
90
88
86
84
84
81
79
76
75
75
74
73
70
71
73
72
71
76
76
73
70
68
66
67
68
68
66
65
63
62
61
60
60
58
57
56
57
57
59
61
59
57
56
55
55
55
55
53
53
53
53
53
53
53
53
53
52
52
51
58
66
57
54
54
51
49
49
47
46
46
46
45
45
44
44
43
43
42
42
41
41
42
42
64
74
53
50
47
46
45
45
44
44
43
47
47
47
49
47
52
488
224
122
98
90
87
93
100
109
88
79
73
69
67
70
76
72
68
66
65
63
63
63
63
63
65
699
1920
1320
626
510
460
400
515
794
683
502
392
321
290
264
239
226
208
196
182
176
173
172
164
169
226
286
1380
2030
1700
922
649
518
450
380
350
319
298
280
264
254
245
272
268
248
259
296
288
274
254
234
227
211
197
192
183
176
175
187
173
146
136
152
156
153
151
147
147
151
156
162
169
178
180
182
182
423
1020
1420
1560
1340
977
823
931
901
1040
994
880
751
646
568
500
458
428
395
365
335
312
319
317
298
280
276
348
430
425
420
420
400
370
342
335
335
338
345
355
375
410
430
442
455
430
465
1130
1280
1080
952
844
805
847
889
832
793
805
895
922
1030
1040
925
766
712
781
877
964
895
763
715
703
679
568
510
522
562
565
498
442
877
790
545
490
490
570
589
555
498
492
518
555
522
465
415
378
350
328
315
296
308
326
319
292
276
286
290
274
266
264
280
306
302
284
272
268
272
264
236
227
224
224
234
245
234
218
211
200
189
186
185
179
173
165
156
153
148
145
140
134
130
125
121
119
116
110
108
106
104
103
101
98
94
92
90
91
94
89
85
82
82
80
79
77
74
71
71
70
68
67
66
66
63
60
61
61
59
58
58
61
59
59
90
104
101
87
75
70
67
66
62
61
60
58
56
54
52
50
50
50
48
48
48
46
46
46
46
46
44
44
44
42
42
41
41
40
39
43
44
42
43
43
42
40
39
39
39
39
39
38
37
37
37
39
107
80
57
51
50
55
51
48
46
58
161
1150
980
1590
2020
1330
1080
824
535
398
320
284
247
210
186
168
154
140
131
124
118
111
105
101
98
94
91
90
92
87
85
84
149
131
246
842
522
330
253
235
226
226
214
224
235
276
238
205
356
2680
1050
680
512
535
643
5560
2340
1120
816
654
550
480
426
393
355
338
355
333
865
678
550
482
430
393
366
340
316
294
276
264
252
240
233
240
225
215
209
225
209
197
189
180
173
170
163
153
140
144
145
140
137
131
128
124
123
120
118
114
113
110
108
105
104
113
158
2270
3670
1730
3820
2640
1990
1470
1160
983
848
761
662
671
872
746
656
614
572
728
752
671
602
550
510
478
455
462
415
395
365
352
336
324
312
302
292
280
270
256
249
240
235
247
240
247
233
226
229
240
255
264
276
264
253
318
712
946
1270
1620
1260
896
716
659
620
1110
1760
1590
1320
1120
1010
890
1200
1580
2550
1950
1410
1120
953
878
776
710
665
659
647
638
614
587
602
671
707
698
868
1060
896
2100
2340
2060
1540
1220
1040
956
857
788
782
818
857
989
1070
1110
1120
1050
977
854
752
677
608
542
505
480
452
422
390
365
344
332
324
310
292
284
284
268
262
258
247
228
216
205
197
188
175
172
173
190
184
175
168
165
163
178
170
161
154
151
147
147
143
140
138
136
131
129
124
121
118
113
112
110
109
108
105
102
101
99
98
96
95
92
89
87
86
84
83
81
80
80
77
76
75
73
73
73
73
71
68
66
66
66
65
63
62
62
61
60
59
60
59
59
58
57
56
56
54
54
54
54
53
52
51
53
53
51
51
51
50
49
49
49
51
51
49
49
47
47
47
48
50
50
49
49
49
48
49
48
48
48
47
48
90
81
62
58
62
60
91
71
62
57
86
88
70
62
58
58
75
159
193
132
180
126
102
94
86
80
76
73
85
85
215
238
434
308
1940
1120
548
362
278
247
998
855
585
445
379
777
633
458
415
1470
1140
755
652
627
538
460
402
364
336
316
300
298
376
328
336
324
298
280
267
264
258
252
242
236
230
252
352
322
292
276
265
280
326
508
808
770
570
470
455
515
432
381
344
406
611
468
440
402
364
342
334
309
291
354
470
510
778
2030
1120
817
636
560
657
665
590
540
608
627
767
1050
826
707
644
611
575
532
510
490
490
480
458
435
425
415
392
366
364
374
390
397
425
438
440
420
402
388
379
358
392
368
350
372
440
411
381
358
354
338
408
408
383
366
381
408
458
502
482
482
480
458
422
392
364
356
362
406
508
603
701
710
617
542
530
545
495
492
548
614
588
598
590
570
606
665
649
575
525
502
502
512
502
460
422
397
406
425
515
588
515
460
411
388
364
358
338
330
340
390
500
522
542
558
518
485
495
492
512
565
550
488
460
460
488
485
462
399
381
374
406
455
415
362
342
386
445
402
390
336
292
280
273
274
271
264
252
236
223
215
205
198
194
187
187
180
169
162
151
145
143
139
139
134
130
128
126
124
120
118
114
111
109
107
110
108
108
102
97
94
92
91
90
88
85
83
79
74
73
75
87
83
79
83
80
76
73
71
69
67
66
64
64
62
62
62
61
61
59
58
57
56
55
55
53
52
51
50
49
50
51
51
51
52
52
53
52
49
49
49
49
48
48
47
46
46
45
44
45
44
45
46
45
45
45
44
44
43
42
42
42
42
42
42
42
42
42
42
41
41
42
42
42
42
41
40
40
40
42
43
44
43
42
42
42
41
41
41
41
42
48
53
62
56
50
50
62
54
59
66
54
51
68
88
106
92
130
99
80
72
67
64
63
62
62
65
80
96
264
505
278
217
352
515
1090
1960
1680
793
508
372
307
269
452
679
2710
1530
787
560
515
619
478
397
352
370
704
7500
30700
17700
9100
4880
3700
2700
2000
1500
1100
920
786
741
675
640
735
864
747
650
618
727
1090
945
825
741
693
735
714
702
738
804
819
804
2290
3350
2280
1480
1100
1030
1420
2000
2040
1760
1510
1410
1380
1840
1730
1600
1360
1080
891
777
744
618
545
505
471
485
560
612
681
735
759
750
720
681
732
1550
1110
807
750
705
705
681
660
660
658
660
658
662
658
635
618
608
595
585
562
535
520
528
548
540
518
492
485
463
443
427
428
445
471
465
443
441
451
431
403
391
387
381
365
363
369
381
475
502
461
1400
3750
3100
1650
1140
937
893
900
964
1050
965
799
637
580
545
519
509
498
482
465
457
451
461
490
522
532
515
490
512
495
457
478
473
435
409
385
367
359
355
363
361
345
329
298
278
267
270
262
257
252
245
236
225
219
214
206
199
220
203
192
185
181
176
170
165
161
158
152
149
146
140
134
133
142
142
135
127
123
119
117
112
106
108
106
105
103
101
99
97
96
92
90
89
89
89
87
84
82
81
81
79
77
77
77
77
77
73
70
71
69
69
67
66
66
68
69
83
75
70
68
66
69
93
85
74
70
69
67
70
109
89
78
73
69
64
61
60
59
59
59
58
56
57
55
55
53
52
54
52
52
52
51
50
50
50
48
49
47
48
47
47
48
47
48
47
46
45
45
44
46
64
47
46
49
49
48
42
42
43
58
79
64
57
57
54
50
51
51
51
51
48
50
52
54
54
52
50
51
51
68
165
85
71
74
111
102
113
160
424
252
235
176
143
138
302
407
431
352
243
206
227
212
203
185
163
154
141
132
130
127
140
250
340
320
290
260
240
220
205
190
175
160
145
132
122
112
103
98
95
91
91
95
97
104
250
1000
600
470
370
320
310
350
500
4000
3000
2000
1300
950
700
592
535
485
478
508
472
435
391
373
349
343
309
287
265
255
246
242
415
532
478
418
375
357
455
620
585
502
430
387
373
352
337
318
308
293
283
279
278
310
333
345
366
430
448
420
391
373
368
363
342
312
300
303
445
650
1060
2650
2330
1310
1060
1210
1290
1240
1080
915
844
814
777
754
715
696
711
787
914
1090
1280
1530
1650
1740
2120
1950
1730
1640
1730
1810
1830
1700
1530
1790
1630
1420
1260
1180
1270
1470
1410
1250
1140
1060
1010
995
1020
1080
1150
1120
1020
974
941
937
956
1010
1090
1250
1320
1170
1070
1100
1190
1120
960
884
867
790
690
636
628
662
768
801
801
685
596
624
685
644
596
584
608
553
487
442
418
392
375
372
390
390
388
388
382
355
328
326
338
332
314
284
266
256
240
229
222
214
206
198
192
189
188
184
180
180
184
172
165
161
160
155
152
160
153
148
148
145
145
137
129
126
122
119
116
114
111
108
107
106
102
100
98
97
95
93
90
97
84
81
80
76
73
75
73
70
70
67
64
63
62
62
59
58
58
58
56
56
57
56
56
60
58
57
56
58
60
58
56
55
54
52
54
54
54
54
54
54
54
54
55
54
53
54
102
66
58
56
54
54
54
54
52
52
51
50
50
50
49
48
48
48
47
47
47
46
46
46
46
48
47
48
47
47
46
46
56
76
94
97
61
54
51
50
48
48
48
46
46
47
46
45
45
64
54
51
49
51
69
124
276
689
1500
1040
419
290
871
1980
1080
595
427
342
291
288
267
333
475
472
1470
1020
749
2150
2250
1000
752
636
588
1010
1010
1340
2800
1990
1240
930
746
636
564
528
487
457
430
405
392
368
342
324
314
304
292
284
274
262
262
262
248
241
235
232
228
228
228
235
244
248
256
248
241
254
428
412
358
326
340
350
592
3250
5740
5390
2760
1680
1210
896
721
679
673
625
610
619
601
601
583
571
592
550
530
500
490
492
480
462
448
438
432
430
425
412
402
400
430
430
410
390
375
368
368
370
385
432
395
380
365
360
372
1540
1080
848
730
724
721
756
996
792
703
637
592
562
532
525
510
492
478
478
470
470
488
490
495
488
482
465
452
465
455
430
422
420
402
388
372
362
355
350
348
360
352
348
330
320
305
300
321
365
425
480
532
766
1040
1050
784
643
571
548
580
759
1120
1210
1080
1120
1260
1390
1340
1180
1000
864
820
768
760
719
656
596
604
604
582
614
649
621
586
558
540
520
495
470
442
442
445
442
427
406
385
352
330
307
291
285
279
265
251
235
225
213
201
189
177
168
159
150
142
138
140
138
126
120
117
120
122
118
116
114
110
106
104
105
102
100
98
94
92
92
89
87
86
84
83
82
80
78
78
77
75
74
71
71
70
69
67
67
64
64
63
61
61
60
60
60
59
59
60
60
58
57
57
56
56
56
56
55
55
55
55
55
54
56
57
55
54
53
52
51
56
60
56
54
53
52
51
51
52
51
50
50
49
50
54
176
159
90
93
77
68
63
60
59
58
58
56
56
55
54
54
54
55
55
95
84
74
68
74
71
67
159
100
79
71
66
62
61
60
59
59
61
66
70
69
65
60
109
362
225
150
127
101
90
86
81
76
74
70
67
66
66
70
110
80
75
112
135
800
545
180
164
152
142
116
111
102
89
81
77
75
79
83
72
68
67
67
73
78
89
138
283
303
279
231
190
174
158
152
147
138
128
122
128
335
403
289
243
1080
4580
4820
1620
831
586
464
421
430
495
484
451
433
409
382
358
355
335
318
313
457
904
700
569
523
546
545
544
544
523
493
467
428
396
379
571
719
1800
2320
3230
4530
5890
2780
1900
1530
1300
1130
995
938
802
773
729
707
630
573
515
476
448
429
498
464
555
572
744
682
569
514
485
476
472
488
510
1160
771
643
615
632
629
599
599
568
520
497
476
444
427
418
432
488
425
380
345
320
340
310
280
262
260
255
241
231
236
239
250
263
285
314
350
380
346
330
344
370
348
306
286
283
288
284
282
274
275
250
230
224
236
247
353
407
362
315
288
263
267
290
281
257
242
216
201
198
214
214
187
177
167
159
151
144
141
140
132
126
123
123
120
118
113
111
107
103
99
98
94
91
89
87
85
84
83
81
80
78
77
75
73
71
70
70
68
67
67
67
66
66
65
64
63
63
62
61
60
59
59
58
57
56
56
55
55
54
56
55
54
53
53
52
52
52
51
50
48
48
48
52
51
50
51
56
61
60
58
56
54
54
80
153
91
69
62
58
55
52
50
49
49
48
48
48
47
47
47
46
45
49
57
56
53
51
51
52
52
50
49
48
47
46
45
44
42
41
41
41
40
40
47
48
41
40
39
38
39
66
103
85
78
88
75
70
66
62
105
84
69
64
62
60
58
57
56
69
166
123
91
409
250
149
156
146
176
226
453
266
342
523
326
256
219
199
216
576
370
285
247
230
220
210
207
203
201
198
193
202
235
210
194
198
448
378
343
468
439
1880
1140
688
620
612
858
674
541
492
438
387
349
346
374
395
374
340
326
368
361
332
309
325
403
441
517
546
565
571
564
517
490
579
782
1680
1030
742
570
490
438
427
486
542
504
444
411
430
830
668
556
497
448
405
387
359
342
331
318
308
292
368
595
539
1060
1010
746
644
626
609
560
525
514
500
469
444
427
405
390
368
359
362
351
351
345
340
348
348
348
342
337
326
318
316
321
331
348
393
525
774
696
626
616
686
732
746
782
906
1170
1410
1600
1890
2050
1750
1450
1170
1000
1150
1050
947
920
952
960
1050
1250
1170
1030
947
960
1120
1270
1160
1060
1220
1570
1790
1330
1060
965
1050
1300
1380
1120
992
911
870
794
870
1280
1700
1980
2150
2350
2350
2260
2070
1710
1440
1380
1510
1650
1350
1120
1170
1300
1320
1170
1030
1140
996
866
866
934
875
834
852
848
854
828
712
634
579
546
523
494
473
459
439
408
385
365
342
336
311
286
270
265
257
250
245
233
225
213
205
200
195
189
182
177
172
166
160
158
157
149
144
139
136
133
130
127
123
119
116
114
112
116
121
112
108
105
102
99
96
92
89
87
86
85
85
83
82
81
79
78
76
75
75
74
72
71
69
68
67
65
65
65
64
64
64
63
63
62
62
61
60
60
59
59
59
58
58
58
58
57
57
57
57
57
56
56
56
70
64
60
58
57
56
57
58
57
56
55
54
54
54
52
55
53
52
52
50
50
81
80
100
70
63
60
58
67
175
178
123
95
85
97
89
80
74
70
68
78
81
74
68
67
65
63
62
118
323
168
131
115
105
96
92
91
85
80
77
74
72
69
68
67
65
64
63
63
62
62
60
60
59
58
57
56
56
56
55
56
56
74
76
88
568
1450
1060
1560
641
467
399
455
886
1870
5280
1790
1980
1160
929
779
621
517
458
415
379
353
330
311
298
279
265
258
274
522
644
553
787
1460
1760
1600
4060
4080
2620
2690
2450
3950
6510
6040
5460
3080
4990
5790
2880
1970
1560
1320
1170
1030
946
872
796
761
740
720
705
692
677
699
678
620
577
901
879
773
710
659
622
590
561
542
525
521
525
614
588
540
498
476
452
446
892
812
689
605
584
570
626
700
830
820
740
630
590
560
560
580
620
630
620
575
480
405
370
355
342
332
326
315
308
296
281
292
285
280
312
300
288
280
273
266
264
258
247
352
326
315
304
292
283
274
290
345
320
300
285
272
265
258
252
251
252
265
289
325
283
265
247
235
252
293
348
340
323
299
267
247
245
245
227
239
239
219
195
186
180
172
176
174
169
160
157
152
144
139
147
149
135
129
126
126
121
118
115
112
109
108
109
109
102
99
96
93
94
95
91
89
88
85
83
80
78
76
73
72
70
69
68
67
66
66
65
63
63
62
61
60
59
59
58
57
56
56
56
55
54
54
53
52
52
51
50
49
50
50
50
49
48
47
46
46
46
45
44
44
43
43
43
43
42
42
42
42
41
40
40
40
40
40
40
40
40
42
44
43
43
42
40
39
38
38
38
38
39
38
37
38
39
40
39
39
38
38
37
37
37
37
37
36
36
36
36
36
35
36
35
35
35
35
34
34
34
33
33
33
33
37
39
67
86
89
240
161
104
96
77
68
62
59
60
61
60
59
79
316
360
240
1380
1050
405
629
790
451
315
252
283
233
195
172
155
143
221
1900
3900
3050
2700
1550
1200
850
990
740
590
490
455
500
1500
2200
1640
1070
866
749
661
601
557
736
1000
792
667
577
542
483
429
394
364
342
326
311
394
472
495
820
675
554
471
419
380
350
332
332
363
585
608
545
500
480
1540
3760
8860
6540
3820
2730
1860
1510
1220
1010
890
810
746
728
710
728
782
824
824
770
722
750
710
690
700
730
780
836
988
1070
1070
1340
1090
932
830
746
674
626
590
555
575
575
535
530
500
470
450
465
465
440
425
440
435
430
500
1090
1530
1070
890
776
746
674
632
602
608
638
1060
2150
1900
2120
3220
1900
1430
1290
1230
1110
981
932
911
939
1040
1110
1020
974
1310
1240
1060
953
939
960
981
988
925
860
824
812
758
722
680
638
614
650
740
800
806
812
878
953
1260
1290
1210
1090
1140
1360
1330
1270
1400
1510
1360
1140
1070
960
836
788
800
800
734
740
866
1020
1020
911
854
967
946
812
692
620
590
620
668
692
698
686
662
632
608
602
575
550
525
505
515
500
515
500
465
445
435
410
377
530
465
386
336
318
309
300
288
268
256
244
232
220
213
213
206
196
185
189
182
179
176
182
189
185
185
188
161
147
142
134
129
124
122
118
115
113
108
108
106
104
100
96
96
94
92
90
88
86
86
84
82
82
81
81
79
77
79
79
77
75
73
72
73
73
72
73
82
86
92
82
76
73
70
69
68
66
65
64
63
61
59
57
56
55
54
54
53
52
52
52
52
52
68
73
78
152
105
94
89
94
112
104
89
78
72
67
64
62
60
58
57
58
58
56
56
83
102
76
70
68
66
63
66
75
68
65
70
73
72
77
72
68
66
66
70
68
213
1040
460
288
492
354
252
201
174
157
146
149
154
147
143
276
293
2340
1300
1310
1070
750
556
478
416
369
659
1330
734
568
743
644
533
540
447
436
394
355
333
317
299
284
283
371
382
382
357
322
293
272
258
243
232
229
228
225
217
211
207
206
200
194
189
191
209
227
223
222
227
251
501
752
2020
6720
11900
5180
2330
1540
1150
947
807
715
654
593
548
506
482
475
465
460
450
450
450
445
440
450
505
530
510
535
602
608
650
854
734
718
700
685
1200
2400
5450
7350
2740
2080
9170
6770
3350
2460
2030
1730
1510
1590
1890
1990
2080
2340
1800
1530
1600
1630
1530
1290
1120
1040
1300
1080
985
887
796
728
674
632
596
572
602
644
695
664
1270
1040
909
845
761
692
656
692
632
626
674
698
644
590
555
530
530
520
515
535
495
480
500
535
480
450
445
465
510
580
614
566
515
460
435
430
425
455
520
535
495
505
495
430
385
405
405
365
342
338
328
338
365
380
360
333
315
307
291
275
259
259
261
249
234
248
233
223
204
192
192
189
178
170
165
161
157
154
149
144
141
137
134
131
129
127
123
119
115
111
108
105
102
98
97
96
94
92
91
88
86
84
80
77
76
75
75
75
74
74
73
71
70
69
68
67
67
65
64
62
63
61
60
60
58
58
57
56
55
56
56
56
57
69
67
62
60
66
63
60
57
56
55
53
52
50
49
48
48
48
47
51
55
56
51
50
49
48
48
48
48
47
46
45
44
44
44
45
47
47
50
50
50
48
59
60
54
51
49
48
47
46
45
44
44
43
43
49
63
82
73
57
55
51
50
48
47
47
46
46
44
44
44
43
43
43
47
48
46
46
53
60
98
207
130
92
109
94
105
135
143
109
109
107
94
109
100
94
128
118
111
109
100
96
92
176
200
140
128
113
105
98
149
135
115
104
87
67
64
61
62
65
70
71
72
235
1710
1570
1600
1070
1480
2280
1440
1180
740
555
485
409
355
318
286
263
253
235
221
214
204
188
185
185
191
306
1810
1880
1080
1010
1800
1200
1070
847
674
575
500
450
431
404
368
346
330
326
342
346
326
310
302
326
440
450
445
435
435
460
500
485
465
445
430
415
400
388
380
367
358
350
343
430
820
840
765
656
716
602
560
515
475
485
460
431
418
495
500
450
418
386
368
368
359
342
431
418
418
395
391
395
413
427
409
382
359
368
368
355
342
334
338
386
388
376
370
388
419
465
485
510
495
482
495
505
482
460
425
382
364
382
410
432
465
490
520
580
530
485
425
409
415
383
385
385
386
394
374
368
406
475
538
499
465
474
451
385
335
298
281
279
339
298
255
236
232
226
235
223
203
186
179
170
165
160
153
148
142
133
128
127
126
121
118
120
130
122
113
109
106
103
101
97
95
93
89
87
84
82
80
78
76
75
74
73
72
70
69
67
65
63
62
61
60
60
58
58
58
58
58
59
58
56
54
54
53
52
51
50
50
50
48
48
48
48
47
47
47
46
46
46
45
45
46
45
44
44
44
44
43
42
43
44
46
47
46
46
44
43
42
42
42
42
42
42
42
42
42
42
40
39
39
39
39
39
39
39
39
42
59
71
55
50
89
105
88
61
53
49
46
44
44
43
42
42
42
45
52
49
49
47
45
44
43
43
42
42
41
41
42
49
175
457
715
458
298
195
149
152
150
125
113
151
120
108
134
917
2860
1120
3020
3360
3260
4260
3640
2030
1470
1800
2500
1620
1180
911
811
713
641
593
588
588
571
592
988
1790
2600
2020
1320
1040
872
766
734
2060
1550
1160
968
998
1080
1410
1190
1030
1050
2420
1710
1290
2290
4080
2330
1650
1350
1480
1270
1270
1480
1980
1670
1300
1100
917
812
734
673
614
569
537
510
482
457
530
1220
3660
13300
13300
5860
5370
4180
2580
1870
1540
1320
1150
1030
920
837
779
726
674
772
872
754
703
685
629
591
563
537
516
499
485
474
450
436
451
648
551
730
1240
891
817
744
662
600
577
634
654
1350
1390
1210
915
770
698
718
663
616
568
542
629
936
913
1240
1780
1620
1510
1440
1260
1180
1090
1040
982
951
1100
1140
1290
1550
3110
4800
2450
3240
2350
1640
1330
1280
1170
1050
985
907
833
801
778
748
741
749
753
774
901
811
757
767
808
783
722
662
614
590
612
703
880
944
835
795
814
938
1110
1180
1210
1060
894
846
832
744
688
657
600
547
501
471
453
456
491
539
559
666
800
826
734
661
617
604
664
727
706
681
721
647
590
520
520
560
567
557
522
497
454
429
421
416
397
349
323
313
300
284
266
248
234
228
224
223
213
196
184
179
177
172
165
182
173
160
155
149
145
141
138
135
133
131
128
124
120
116
115
112
109
107
105
105
101
97
93
93
91
90
88
87
88
85
83
81
80
79
77
76
76
75
73
72
71
72
72
70
69
69
68
67
66
65
64
63
63
62
61
61
60
59
58
56
55
55
55
55
54
53
53
53
52
51
50
50
49
49
48
48
48
47
47
46
46
46
46
46
46
46
46
46
46
46
46
46
46
46
46
46
44
44
44
44
44
44
44
44
44
44
44
44
45
46
60
88
61
54
53
51
50
50
50
51
50
74
72
62
68
60
55
54
53
52
51
58
114
82
68
82
106
79
78
107
91
83
77
71
67
64
111
296
326
177
145
153
130
114
105
316
304
281
567
551
349
265
207
183
210
255
231
191
166
152
147
1070
519
335
265
215
190
170
170
334
827
974
893
1270
714
548
429
366
300
278
265
255
248
238
235
231
230
235
242
262
300
368
325
275
250
240
222
230
250
235
220
212
224
265
368
777
751
627
1600
1960
1160
840
680
568
508
1260
1280
876
712
619
579
597
606
716
1330
1320
1640
1390
1090
956
886
884
1040
917
799
705
635
583
530
521
503
605
1410
1510
1040
985
905
790
915
2180
1330
1040
879
802
855
889
816
766
731
679
620
571
551
526
522
541
576
653
757
776
692
625
587
571
618
668
682
702
692
1160
1110
890
792
745
728
770
842
880
1140
932
795
736
747
843
989
1150
1140
1090
1270
1510
1380
1220
1200
1210
1120
960
764
730
815
880
820
835
900
985
1080
1270
1410
1540
1090
980
900
875
865
830
735
665
625
640
655
660
640
605
530
495
430
412
393
375
350
328
309
287
264
244
226
218
214
212
212
211
209
204
198
190
187
181
175
169
163
158
149
149
147
142
138
135
131
128
124
122
115
111
109
106
104
102
100
98
95
91
88
86
85
85
85
83
81
79
77
76
74
73
72
71
74
79
76
73
71
69
70
71
67
65
64
73
69
67
66
64
63
61
59
58
56
55
54
54
53
53
52
53
54
54
54
52
51
50
50
49
48
48
47
46
46
46
45
45
45
44
44
43
44
44
47
51
51
63
110
85
66
59
56
54
53
55
67
59
55
56
67
64
59
526
486
266
185
205
792
391
260
267
307
255
215
210
541
377
277
392
298
239
214
394
2330
927
574
433
358
322
279
262
245
231
227
246
268
242
221
234
499
455
381
1510
1510
1430
895
670
545
463
420
390
351
316
294
287
276
261
249
236
237
247
247
250
251
359
423
386
379
365
323
290
268
256
252
400
355
354
979
849
617
566
535
489
480
499
495
491
468
433
398
369
347
334
318
297
281
267
256
246
236
228
223
217
212
207
195
192
189
186
182
176
171
169
199
214
198
447
494
509
439
374
344
323
313
310
504
1570
1360
1310
929
724
604
516
458
417
387
369
351
344
359
373
354
342
340
348
377
439
477
431
388
372
403
398
553
539
481
439
415
395
409
458
425
399
384
390
430
438
477
568
506
477
449
438
410
394
398
374
362
355
348
376
409
406
420
496
475
421
397
389
383
424
549
542
477
463
458
450
472
576
605
570
480
445
517
498
465
432
410
390
360
320
300
275
265
260
255
250
248
242
232
212
208
198
190
187
178
175
172
172
172
178
172
169
163
159
150
148
149
147
144
139
136
132
127
121
120
118
113
110
107
106
107
107
103
102
100
99
97
96
95
93
90
104
100
88
84
81
80
89
86
79
76
72
70
69
67
65
63
61
60
60
58
56
66
69
82
92
78
82
77
70
65
62
59
58
60
79
137
169
119
100
88
79
73
70
68
65
62
61
59
57
56
54
53
52
51
50
49
48
47
46
46
45
45
44
44
45
47
47
70
67
55
52
50
49
48
47
47
46
46
45
46
45
44
43
43
44
43
42
42
42
41
41
41
40
40
39
39
38
38
38
38
38
38
38
38
38
42
54
47
42
41
41
43
43
49
47
45
43
43
42
42
41
41
43
43
43
47
93
118
80
64
58
54
52
50
49
48
48
47
47
45
45
45
45
45
44
46
51
47
45
44
46
51
47
45
45
44
44
44
44
44
44
44
44
45
44
44
44
43
46
50
47
49
49
47
48
53
55
51
44
43
43
42
44
47
49
53
53
55
53
51
50
49
50
53
56
59
58
57
55
52
51
49
48
48
48
49
49
48
47
47
51
54
84
96
86
82
81
81
79
77
76
74
71
67
81
147
149
139
124
109
103
111
177
168
140
131
121
119
125
186
332
371
258
201
194
172
153
140
129
124
120
121
127
138
171
219
195
172
161
175
168
154
143
134
133
141
148
194
277
300
333
367
277
221
202
203
228
214
201
224
201
179
163
158
154
160
164
175
192
176
158
159
159
184
200
200
248
213
183
166
158
148
147
149
145
139
131
131
129
128
124
123
124
124
139
151
151
133
126
215
185
153
141
136
137
142
129
118
115
122
125
123
110
98
96
91
84
83
81
75
71
69
68
64
62
61
58
56
53
51
50
48
46
45
45
58
51
46
45
45
44
43
41
40
40
39
38
37
36
35
34
34
34
34
33
32
31
31
30
30
30
29
29
29
28
27
27
27
26
25
25
25
30
35
30
28
26
25
25
25
24
24
24
24
23
24
24
23
22
24
30
33
30
28
27
26
25
25
24
23
23
23
23
22
22
22
22
22
21
21
21
22
23
29
47
70
60
46
38
35
47
44
37
41
518
318
136
92
74
61
54
49
50
52
47
45
42
41
39
38
38
37
36
35
35
34
34
34
33
34
40
197
142
99
85
121
317
189
139
139
121
126
165
170
157
153
134
122
123
135
148
149
190
194
153
132
119
109
525
1150
749
2820
2870
3290
1410
977
795
696
582
515
784
757
598
532
483
426
383
351
1070
910
4020
6010
4290
2040
1400
1070
877
758
673
646
1080
1230
969
807
967
989
989
989
855
745
758
913
951
1380
1260
1050
1160
1700
1320
1120
1060
1140
1370
1610
2460
2410
1990
1950
1550
1310
1130
967
850
761
693
634
589
560
534
508
532
1040
3680
2020
1800
1770
2300
1920
1520
1230
1020
906
813
731
698
647
622
622
641
660
705
745
758
745
711
654
591
552
528
516
535
633
654
649
699
1340
1030
865
757
676
634
585
544
519
524
557
593
634
691
751
865
815
722
692
698
693
679
678
656
639
588
537
522
547
538
504
473
482
538
578
530
498
476
476
445
425
418
456
460
436
419
410
411
454
466
455
457
442
444
419
419
448
425
397
379
380
408
450
428
414
385
407
477
509
410
387
385
408
428
433
403
353
335
314
301
292
311
316
301
291
292
294
299
308
305
289
265
253
248
235
222
211
203
194
187
178
174
175
174
180
165
157
151
147
145
138
136
141
148
138
129
126
124
119
114
110
107
105
100
97
95
92
90
89
87
86
83
81
78
76
73
73
71
69
68
67
66
64
63
61
60
58
57
56
55
55
53
52
50
49
48
48
50
52
51
51
51
50
49
48
48
55
59
55
59
91
64
58
54
52
51
50
49
48
47
52
103
96
78
76
367
477
240
149
118
104
90
82
77
76
73
70
67
65
64
62
61
59
57
56
56
54
53
53
52
51
51
51
50
49
49
49
49
48
48
47
47
47
47
47
46
45
45
45
45
44
44
44
43
43
45
45
44
43
43
43
44
44
44
43
43
42
42
42
43
43
43
43
46
49
48
99
119
76
64
57
54
52
51
50
73
251
262
459
193
136
163
304
195
132
112
103
99
163
157
130
114
103
97
99
91
83
82
80
78
76
80
76
76
72
69
64
61
61
59
62
61
61
59
59
58
69
82
936
3410
1080
598
493
387
317
275
243
217
198
186
174
163
157
147
135
135
130
116
121
119
118
113
111
110
111
114
121
134
171
288
680
1140
2390
999
674
547
488
513
447
426
395
406
396
366
399
510
492
675
542
441
437
499
645
857
984
955
906
860
880
902
900
929
1110
891
724
634
565
518
484
455
433
430
435
440
488
495
436
397
367
350
336
319
315
335
414
366
351
347
339
412
406
435
413
452
609
616
523
460
421
398
415
420
395
374
389
458
427
417
402
394
379
379
396
1020
1010
878
797
745
761
791
834
824
799
729
654
587
552
519
491
462
432
405
370
349
333
309
294
275
261
248
246
239
232
224
212
205
195
188
184
177
171
164
160
156
153
159
171
163
151
144
137
131
128
125
122
118
115
111
109
109
108
106
103
101
100
99
97
95
100
118
100
94
90
87
84
81
78
75
73
71
68
67
66
65
63
62
61
60
59
59
57
56
56
55
54
54
54
53
52
52
50
49
49
50
51
50
50
49
48
48
50
57
54
52
50
48
48
47
47
52
54
52
52
63
56
53
50
48
46
45
45
44
42
41
40
40
39
39
39
38
38
38
39
39
39
39
41
43
41
40
39
39
38
38
38
38
37
37
38
38
37
37
37
37
38
60
72
51
46
56
192
242
156
197
272
873
1510
458
327
290
230
240
240
200
179
227
385
566
485
421
316
253
212
186
169
155
145
138
334
463
419
349
296
259
447
505
2580
1280
770
570
463
397
350
321
1850
1670
1030
825
672
569
516
465
426
380
337
312
296
274
256
245
252
367
445
653
537
495
440
389
362
341
324
312
393
933
986
832
698
607
737
853
725
629
577
555
646
7600
7910
5560
3220
2360
1900
1420
1170
1030
900
809
742
685
644
603
559
516
480
455
438
426
509
1400
903
797
804
701
646
590
551
520
488
462
440
421
423
685
1920
2030
1490
1130
997
889
797
908
1290
1780
1850
1380
1120
952
881
814
772
717
662
609
571
537
521
491
591
962
822
701
658
638
613
632
603
580
582
560
544
524
503
493
494
493
484
459
435
433
491
759
798
708
662
835
780
720
719
801
885
811
777
821
815
854
924
788
686
663
656
638
636
686
742
681
600
566
561
591
619
579
524
479
459
467
419
400
396
397
389
375
358
346
349
353
346
349
334
314
294
275
266
254
247
244
244
243
246
240
230
220
213
203
201
200
200
194
189
188
188
183
175
173
175
166
162
159
152
151
148
145
147
142
135
131
132
128
122
118
114
112
110
109
106
103
102
100
96
94
93
91
90
87
85
82
80
78
78
76
74
71
69
67
66
66
65
64
63
63
63
62
61
60
60
59
58
57
57
55
56
55
54
54
54
53
52
53
52
51
51
51
50
49
48
48
48
48
48
48
47
46
46
47
46
45
45
45
44
45
44
43
51
47
47
45
44
46
48
47
47
45
44
43
42
41
40
41
42
41
40
40
39
39
39
38
38
38
38
38
42
76
73
101
72
59
54
52
51
50
49
49
48
49
53
51
51
51
49
49
48
59
70
58
54
52
52
167
182
128
104
85
75
68
66
63
61
59
58
57
56
81
245
148
125
102
90
82
76
84
107
111
3720
1790
1310
656
453
347
274
234
212
190
178
168
158
158
179
184
180
170
167
402
506
382
497
1690
872
906
735
569
456
385
333
295
272
249
229
213
200
192
183
175
167
160
154
149
145
145
159
152
159
163
197
912
900
585
455
428
543
588
529
445
389
348
318
299
281
270
259
245
231
227
224
241
266
1340
2090
1110
1680
1280
1030
1100
918
750
660
582
542
490
465
440
421
398
384
380
412
375
349
332
312
293
285
274
278
274
259
304
308
293
285
285
293
312
337
320
308
521
547
516
490
526
480
465
440
407
383
359
348
341
322
307
297
282
276
271
262
259
263
256
262
276
362
317
290
296
300
300
264
252
229
215
228
237
219
197
186
178
171
167
163
159
160
154
148
144
140
138
145
146
144
191
173
156
144
138
137
141
159
146
135
126
121
117
114
111
110
105
100
98
99
106
141
128
114
107
104
109
110
102
96
94
92
91
88
84
82
81
78
76
76
73
71
69
68
67
66
63
62
64
68
70
64
61
60
59
58
57
55
55
53
52
51
50
49
48
47
46
45
44
44
43
42
41
41
40
41
40
40
41
40
39
37
36
35
34
33
32
32
31
31
32
31
31
31
31
32
32
31
31
32
32
32
30
30
30
31
30
30
29
28
29
28
27
26
26
26
26
26
26
25
24
24
24
25
27
28
29
29
29
29
30
37
103
63
48
42
39
40
41
39
39
105
241
107
173
293
165
111
89
77
69
64
60
57
55
53
52
51
50
49
48
48
75
475
346
249
207
218
220
203
182
161
145
134
122
112
115
163
430
686
893
2320
3170
2520
1250
831
738
1500
1580
1570
1220
896
795
651
562
495
445
458
628
783
706
1940
4480
2160
1400
1320
1350
1080
995
1370
2630
3870
1930
1390
3480
10100
5280
3100
2070
1580
1300
1200
2320
1820
1370
1550
1540
1320
1160
1020
941
930
825
719
707
609
575
547
526
499
469
459
449
430
449
489
459
449
430
407
407
426
435
586
558
520
479
454
430
417
407
412
417
407
390
376
359
343
335
323
308
1370
4830
4050
4820
3190
2300
3370
3150
3660
2500
1800
1420
1160
1040
945
924
2470
1760
1430
1190
1030
901
821
759
752
807
967
878
772
707
651
627
547
531
494
464
440
421
403
403
407
412
407
426
403
421
454
417
489
569
520
489
459
426
412
426
657
2220
1880
2280
2170
1490
1130
996
967
938
989
1120
1340
1560
1550
1460
1340
1240
1260
1230
1180
1180
1120
1090
1050
983
1100
1200
1100
925
841
802
825
891
926
888
865
907
850
789
828
966
996
945
990
1110
1010
800
690
645
630
615
585
558
520
505
469
447
426
426
426
459
469
426
415
417
412
412
385
381
385
389
359
312
289
272
272
312
304
286
286
253
220
225
214
206
195
187
185
175
169
167
162
157
153
150
144
142
138
135
132
127
125
123
120
118
115
113
112
110
108
107
105
103
103
103
100
98
95
94
94
90
89
89
87
84
82
82
80
79
77
76
74
73
72
70
69
66
65
65
65
78
72
69
67
65
65
63
61
59
58
57
56
57
57
57
59
57
54
54
54
60
70
63
60
58
56
54
54
57
70
60
61
57
55
54
54
53
54
74
90
66
60
58
55
54
52
51
51
51
50
50
50
50
72
177
189
122
123
243
153
123
1110
511
220
155
127
110
98
91
90
85
81
78
74
72
69
68
67
65
67
391
1410
711
445
340
280
241
218
196
179
213
410
848
740
547
495
790
1470
1370
1340
831
601
474
394
334
323
309
369
1360
5250
3200
1700
1290
1200
1400
1240
990
807
703
634
573
525
483
449
420
395
383
403
419
441
480
554
635
608
546
497
469
445
427
420
436
457
1040
1120
870
759
718
793
1580
1330
5660
4410
2260
1590
1240
1050
918
811
726
652
593
649
663
702
1320
1240
1240
2320
2140
1590
1750
1670
3740
6270
2830
1960
1900
2260
2220
1810
1530
1330
1310
1240
1390
1330
1180
1090
1060
1030
1260
1270
1600
2870
1840
2090
3130
2330
1770
1440
1220
1070
951
890
848
883
875
961
896
853
855
806
1330
4550
2840
1990
1690
1390
1190
1060
965
916
894
860
788
724
664
616
584
563
576
630
648
782
848
868
950
1100
939
798
712
666
659
663
684
693
707
738
798
826
752
701
699
621
571
553
572
646
741
775
774
776
883
1020
1180
1310
1320
1480
1650
1530
1430
1420
1530
1630
1350
1180
1020
905
862
817
801
854
890
915
830
806
691
598
572
591
562
528
526
468
419
398
382
374
364
332
322
325
319
314
300
286
507
412
310
285
275
256
238
227
215
207
203
206
204
197
181
173
168
164
175
165
156
154
151
148
143
138
135
132
131
128
127
125
120
117
114
110
106
103
103
102
99
99
96
100
107
96
91
87
84
82
81
81
84
89
86
83
79
77
75
100
169
168
147
122
107
98
93
88
85
83
81
79
78
77
77
74
73
71
69
68
68
67
67
73
91
81
74
71
70
69
68
66
67
66
66
65
65
65
65
65
66
78
73
69
68
67
66
65
65
64
64
64
64
64
74
69
65
64
63
63
63
83
164
289
190
283
409
211
616
333
218
310
1590
1130
920
940
656
575
1220
2190
1100
1650
1460
942
726
677
1930
1290
905
734
633
556
498
456
455
462
417
423
804
1990
1520
2210
2510
1790
1360
2010
3880
3290
2150
1690
1350
1150
1000
884
781
714
843
1150
1190
984
873
1120
2760
1560
1200
1020
942
975
1010
981
926
863
788
778
749
685
636
587
558
518
486
464
439
419
422
419
406
420
434
422
402
390
383
373
361
352
341
331
324
319
315
310
310
375
347
354
525
2700
1450
1060
935
807
723
686
746
870
768
694
723
667
631
605
592
594
705
754
681
640
623
622
648
693
720
741
724
677
1420
1640
1470
1370
1250
1080
1060
1240
1270
1080
1010
965
918
1200
1080
933
847
776
724
670
629
603
624
595
567
570
895
764
878
816
826
803
837
928
871
774
754
697
642
610
610
620
596
553
517
487
467
452
480
699
750
834
777
663
597
564
595
621
581
987
923
815
749
637
572
554
556
576
589
550
505
536
504
480
521
484
524
568
527
451
391
375
363
400
389
491
569
417
363
333
317
304
301
295
291
280
255
243
236
232
222
210
204
202
196
188
184
181
174
168
162
159
154
149
146
143
138
135
133
131
129
128
125
117
110
109
109
108
105
103
102
102
101
100
99
98
97
96
95
94
92
92
92
91
90
90
89
86
84
82
81
79
78
78
77
76
75
75
74
72
70
69
68
68
68
69
67
64
63
63
66
70
68
65
62
60
59
61
61
60
59
57
56
56
56
56
58
56
55
54
56
71
61
57
56
55
55
54
52
52
52
52
54
52
51
52
54
54
52
53
57
68
98
83
105
71
63
67
67
67
80
111
89
78
71
67
64
80
81
114
147
103
87
80
1560
994
674
379
665
522
425
382
1180
2270
4410
2290
1260
884
699
646
924
774
719
625
544
570
683
593
522
839
1410
1050
943
825
707
630
562
509
470
441
417
398
463
490
542
498
453
434
396
375
356
333
315
300
286
276
268
263
256
250
244
235
254
240
232
227
223
218
216
215
222
226
232
231
225
219
215
211
208
209
239
283
287
287
285
276
266
256
246
237
230
227
218
211
206
204
200
196
189
183
182
247
346
289
255
372
880
724
632
634
664
588
529
497
470
443
470
519
546
538
493
453
430
437
415
387
384
360
342
327
311
302
298
295
297
295
293
297
315
335
331
349
356
353
332
399
544
426
416
396
367
346
363
482
715
930
1020
951
959
1040
1020
949
969
962
887
799
816
874
839
744
660
614
555
497
477
462
468
447
414
396
414
453
469
474
505
504
467
400
374
361
344
331
317
301
289
283
287
300
294
310
310
323
325
308
297
305
315
298
279
270
257
266
242
223
214
221
220
207
217
215
411
392
320
253
226
210
202
193
181
176
166
161
157
153
143
135
132
135
130
128
125
122
115
113
112
110
107
104
100
97
95
92
89
86
84
82
80
77
74
72
69
68
66
64
61
60
59
58
57
57
55
54
54
62
58
59
61
59
56
54
53
52
51
52
51
50
49
48
47
46
46
45
45
46
47
47
46
45
45
45
44
43
42
42
42
42
42
45
50
47
44
42
44
46
47
51
52
51
51
58
65
60
53
51
48
47
48
48
49
49
48
48
48
48
47
47
47
46
45
45
44
44
43
43
43
44
44
45
46
44
43
43
43
43
42
42
55
93
173
254
139
94
79
69
65
62
59
58
57
56
54
53
54
53
52
53
62
63
58
55
54
53
73
138
116
93
81
76
72
69
68
69
67
64
65
79
103
93
106
489
607
339
380
368
611
447
290
225
181
158
143
131
123
117
115
114
115
119
123
128
134
142
150
155
152
145
137
129
128
219
268
331
258
587
519
353
356
499
378
318
271
248
271
365
2710
1980
1220
954
731
558
586
711
588
478
419
405
463
805
1200
992
1050
1590
1430
1060
873
717
607
519
454
406
369
400
499
888
1740
2570
3450
5080
3700
2650
2500
2400
2710
2590
1980
1700
1540
1310
1150
1020
929
878
830
815
2450
2080
1740
1610
1600
1440
1300
1140
1020
914
823
758
734
753
773
739
778
898
754
692
703
734
749
707
644
590
530
491
462
439
428
435
440
428
418
395
388
358
342
332
339
321
309
306
324
383
394
332
302
292
273
274
280
268
255
250
396
431
357
340
359
354
380
388
387
345
319
313
307
290
280
281
297
287
300
278
248
232
227
250
266
252
246
251
257
241
224
218
198
181
174
168
161
155
149
147
143
138
134
132
130
127
128
132
125
121
115
103
101
99
97
93
92
89
88
86
83
82
80
82
81
79
77
74
73
73
71
70
68
67
67
66
67
65
64
62
61
58
57
56
56
56
56
54
52
51
50
49
48
48
47
46
45
45
44
42
42
41
41
41
40
39
39
39
38
37
37
37
37
37
36
36
36
36
36
36
36
36
35
34
34
34
34
33
33
33
34
34
34
34
34
35
38
49
83
85
88
64
56
52
50
106
224
495
245
154
130
131
122
110
100
96
95
92
85
82
78
77
73
72
70
70
70
69
81
80
74
72
70
70
69
69
68
72
95
86
125
460
255
164
133
117
107
100
95
98
97
95
96
92
88
85
87
89
85
84
87
104
130
424
766
397
290
264
218
199
221
214
191
174
161
150
154
241
235
209
188
171
159
147
143
186
215
191
175
161
175
191
191
178
327
463
345
280
277
262
238
290
300
306
573
578
873
608
463
367
310
274
249
229
220
220
212
204
196
183
178
175
171
163
161
161
166
226
974
1360
1180
1140
808
688
634
1360
3130
1680
1170
931
798
727
691
665
671
797
819
1580
1320
1160
987
861
777
699
642
602
557
525
487
452
422
398
380
370
402
1490
1270
2150
1570
1140
973
923
836
946
2930
2210
1690
1370
1140
1060
1050
943
856
792
726
712
663
629
606
576
550
528
518
539
589
634
634
577
543
515
510
556
577
613
632
542
503
513
536
553
574
530
466
435
467
582
585
524
504
550
611
612
531
524
493
421
398
409
466
496
483
445
410
372
347
339
322
300
291
276
250
235
221
210
203
195
191
192
198
185
177
171
166
166
205
174
159
155
151
146
139
133
131
127
123
118
113
110
107
107
107
104
101
98
97
101
96
92
88
86
83
81
78
76
73
72
71
70
69
70
69
67
66
65
63
63
61
59
57
55
55
60
65
69
63
64
76
73
74
66
61
59
58
56
56
55
54
52
50
48
47
46
45
45
44
43
43
42
42
43
43
42
41
40
39
39
39
40
40
39
38
37
37
37
36
36
36
36
38
38
38
39
40
41
43
43
42
42
42
41
40
39
39
39
39
39
40
39
39
39
38
38
38
38
38
36
35
35
35
35
34
34
34
34
34
34
34
34
35
35
34
34
34
34
34
34
34
34
35
35
36
37
36
36
35
36
37
38
39
41
40
39
38
38
38
39
51
46
42
47
101
74
54
56
63
61
52
51
60
55
53
60
69
56
52
50
48
68
499
1150
750
574
398
1590
757
477
1230
3260
1160
690
491
390
352
311
264
240
220
206
204
207
195
186
178
171
167
163
159
163
153
148
144
167
191
200
195
201
209
434
1510
1360
794
629
1460
1900
1130
824
661
535
462
420
387
364
352
356
360
342
412
667
749
612
517
457
408
373
349
329
314
346
612
656
673
660
613
546
521
488
449
415
389
387
406
428
435
446
455
479
547
601
573
536
470
464
513
559
501
451
418
446
393
363
340
319
305
295
282
272
270
277
278
286
277
345
308
296
310
328
291
270
256
245
244
255
309
287
258
256
271
244
224
219
231
247
258
260
242
246
236
213
254
265
267
254
229
212
199
191
189
197
231
226
207
203
213
208
200
195
218
241
229
220
235
264
311
248
227
259
236
209
197
187
185
183
172
161
153
147
143
165
160
150
154
533
409
324
265
249
252
266
256
298
336
289
258
235
220
206
199
185
174
165
156
149
144
138
132
128
124
119
116
114
110
107
105
103
101
99
96
92
89
86
83
82
81
79
78
78
75
73
70
68
67
66
64
63
62
61
62
60
58
57
56
54
53
52
52
51
52
54
51
50
48
48
47
47
48
49
52
49
47
47
46
45
44
43
42
42
41
41
41
40
40
40
39
38
38
37
37
36
35
36
35
35
35
35
36
36
36
36
36
37
38
40
46
43
40
40
39
39
39
40
40
39
37
37
37
36
36
40
41
39
39
38
37
37
37
37
40
40
39
39
37
37
37
37
36
36
36
36
36
36
36
36
36
37
37
75
126
70
66
93
67
63
67
221
147
161
245
206
195
264
360
209
159
154
715
4340
2020
853
592
506
427
669
506
415
360
319
291
271
255
295
319
288
275
302
326
319
334
302
261
236
218
201
198
215
218
230
209
209
192
179
176
166
159
192
204
192
192
201
201
201
201
198
195
627
1700
585
438
377
323
297
278
270
261
257
256
290
418
381
340
311
293
287
284
288
366
440
458
418
372
337
296
278
263
254
242
233
224
219
213
208
202
201
213
273
377
375
402
906
910
701
589
518
478
445
433
470
417
395
1420
1920
1320
1120
2660
2530
2560
2040
1830
1380
1140
1130
1070
1360
1430
1190
1590
1450
1170
1150
1560
1240
1060
1210
1120
1050
1210
1090
1090
1040
952
973
1090
1220
1240
1250
1200
1060
1050
1070
1100
1050
983
954
959
920
862
799
688
635
584
561
528
497
480
473
512
530
508
520
568
656
645
618
626
608
517
450
417
398
383
373
369
371
357
320
304
299
297
340
331
327
334
366
355
318
299
293
297
304
294
288
273
258
237
225
217
206
198
192
185
183
188
182
169
162
158
152
146
142
141
138
132
128
125
124
135
139
125
119
115
112
109
106
102
100
98
97
95
93
91
90
88
88
88
86
83
81
79
77
75
74
72
71
70
70
68
69
71
74
71
69
67
66
64
63
62
63
62
61
60
59
58
57
56
54
53
52
52
52
53
55
54
53
52
50
49
49
50
50
49
48
47
46
46
45
45
45
44
44
44
43
42
42
42
42
61
60
53
49
48
46
45
44
44
45
51
49
54
69
55
51
49
47
47
46
46
46
45
44
44
44
44
43
43
43
43
43
43
43
64
93
387
231
155
164
242
151
115
99
89
84
80
77
75
78
76
73
72
70
68
68
68
74
70
67
65
64
64
63
62
61
60
68
101
97
100
92
86
81
79
80
84
91
205
557
333
206
262
243
188
158
138
125
114
107
101
97
93
90
86
83
81
79
78
76
74
73
72
70
69
69
73
72
69
67
68
96
2960
3770
1240
708
501
418
476
436
369
329
290
262
243
227
213
200
190
181
174
175
164
161
175
210
196
196
185
197
192
189
186
180
180
184
194
209
212
205
194
192
191
179
170
165
161
162
182
219
259
370
508
615
691
721
920
1060
905
737
615
559
521
468
510
460
410
372
353
343
359
414
470
515
537
549
594
583
533
512
473
455
443
431
417
409
409
397
386
400
434
436
394
351
316
302
303
294
283
294
289
278
274
257
238
226
220
233
397
295
248
238
220
263
218
198
185
175
172
168
163
157
149
142
137
133
131
128
124
122
119
116
113
112
115
153
157
481
352
258
216
223
903
713
480
675
898
804
777
1020
848
661
580
498
423
374
337
309
288
271
255
240
231
221
208
198
189
181
172
167
161
153
149
145
142
137
131
127
132
127
120
120
123
115
110
104
101
97
94
90
87
84
82
81
81
80
80
76
73
69
69
69
68
66
64
62
61
60
58
58
57
56
55
54
53
53
52
52
51
50
50
49
49
49
55
65
62
57
58
54
51
50
50
53
64
66
61
66
57
54
52
51
49
48
47
46
46
45
45
43
43
43
43
43
43
43
42
42
41
40
39
39
41
44
46
44
42
41
39
39
39
39
39
39
39
39
39
39
38
38
38
39
39
39
39
39
45
53
45
43
50
47
44
43
42
42
43
44
74
164
90
63
56
53
58
55
52
52
52
51
50
49
51
71
58
54
52
54
57
58
56
62
59
57
101
115
85
74
67
76
70
66
63
73
92
77
70
65
64
199
176
126
104
90
82
76
70
72
67
61
56
52
50
51
53
55
56
55
54
54
52
54
54
53
52
51
52
60
59
57
72
187
1140
1020
614
452
301
234
203
182
161
145
134
126
120
113
110
105
102
97
94
91
91
714
769
1130
1200
694
474
369
306
266
238
218
209
197
187
178
170
163
158
151
145
139
134
129
125
121
119
117
130
316
1270
2140
1340
788
578
470
407
387
342
364
345
323
301
289
276
270
266
259
253
246
268
260
263
278
288
298
311
359
448
492
453
423
391
614
680
555
480
588
546
468
423
402
392
373
350
333
326
326
340
356
361
388
418
381
351
341
323
317
313
313
309
308
302
306
304
306
377
307
272
254
247
271
271
246
244
255
244
233
248
272
258
236
229
220
202
189
184
194
225
193
182
180
171
158
148
143
137
133
130
125
121
115
111
108
105
102
100
97
104
104
96
93
95
98
91
89
87
91
90
84
81
78
75
72
69
68
66
65
63
62
61
60
59
59
59
99
91
73
66
63
60
61
61
58
57
55
53
52
50
49
48
47
47
47
47
47
46
46
45
45
44
43
42
41
40
40
39
38
38
37
36
36
36
35
35
35
35
35
43
50
43
40
39
37
36
35
34
34
33
33
31
32
31
30
30
29
29
28
27
26
26
25
25
25
24
24
24
23
24
24
23
22
22
22
22
22
22
22
22
22
23
22
22
22
21
22
22
22
22
22
23
22
22
22
25
29
43
94
58
47
51
48
44
42
41
40
40
39
39
39
40
42
41
40
41
43
48
45
49
283
196
124
351
230
146
112
107
138
153
263
168
133
110
97
89
83
78
75
394
477
242
181
151
132
118
110
103
97
92
90
161
140
117
109
105
100
97
96
95
102
152
167
153
137
125
118
119
148
178
167
160
143
135
138
160
150
142
134
130
135
155
162
155
145
136
129
123
119
153
180
481
1500
692
468
420
440
359
308
280
253
232
215
202
207
206
221
267
275
286
276
318
299
312
598
1380
1930
1470
976
752
674
642
583
522
472
452
411
372
400
686
584
493
433
390
357
335
319
307
316
318
339
330
306
287
272
261
258
266
262
253
250
241
229
219
255
235
238
237
231
212
196
184
176
170
434
755
577
900
805
648
531
750
1340
859
666
558
491
432
388
356
331
312
296
284
279
307
272
245
228
219
214
206
200
190
176
169
163
158
152
147
140
136
133
130
131
132
123
118
114
110
106
104
102
99
97
94
91
89
87
81
80
78
77
75
73
72
72
73
78
80
80
78
75
71
69
66
64
61
59
61
65
64
61
57
57
66
84
74
66
63
71
65
61
58
56
55
54
53
53
51
49
47
45
46
47
43
42
41
42
45
42
40
38
37
36
35
34
33
33
32
31
31
31
31
32
32
32
30
29
29
29
27
26
26
26
25
25
25
25
27
27
27
26
25
25
24
24
24
25
27
30
34
33
31
30
29
28
28
28
28
27
27
27
26
27
27
26
26
26
26
26
25
28
30
29
28
27
27
27
33
44
35
33
32
30
30
30
30
30
29
29
29
29
29
29
29
29
29
32
51
46
38
35
34
32
32
33
63
193
185
750
476
193
129
106
91
86
81
75
70
67
65
63
62
61
60
60
59
75
76
146
440
204
150
124
111
136
147
126
112
107
147
143
126
115
115
131
220
483
1330
706
422
313
264
239
216
219
195
180
178
180
178
171
165
161
157
181
301
274
246
277
263
228
205
198
195
186
195
205
204
191
179
170
168
179
185
202
202
194
268
1820
1330
1130
781
581
472
405
364
334
317
314
311
303
292
304
346
510
665
659
672
723
719
759
674
589
521
468
421
387
379
544
688
574
505
492
453
412
379
353
337
330
334
422
511
545
660
830
976
1100
1260
1320
1220
1190
1370
2050
2300
4170
3350
2270
1820
1590
1430
2550
1850
1430
1200
1060
957
907
861
854
918
902
1250
1690
1390
1130
1010
1190
1370
1480
1290
1080
958
877
910
881
1170
1380
1220
1090
1110
1060
995
989
965
950
867
847
945
1030
967
1090
1600
1340
1090
1090
1040
931
890
1100
1140
1010
868
800
843
926
1020
1090
1200
1130
997
889
867
883
836
823
770
761
737
1440
1630
1320
1050
896
896
897
811
751
695
661
639
596
539
512
518
504
469
453
452
436
404
375
340
316
297
291
288
276
258
246
236
231
225
218
209
202
193
186
181
176
170
165
161
157
155
154
149
145
142
139
136
134
149
149
134
127
123
119
116
115
112
108
105
102
99
97
94
92
91
89
88
86
85
85
84
82
89
87
83
81
89
114
92
84
80
79
77
75
72
71
69
68
67
66
65
64
64
63
63
62
61
60
59
59
57
57
57
57
57
58
58
58
57
56
56
55
55
54
54
53
53
53
53
52
52
52
51
51
52
52
51
51
52
54
73
62
60
65
72
62
59
58
57
56
56
56
56
56
55
54
54
54
54
53
52
52
52
51
51
51
51
50
50
50
50
51
51
51
51
51
50
51
51
51
51
56
57
54
53
53
53
56
161
127
128
168
99
133
105
89
224
1330
558
434
748
458
310
260
222
198
178
161
149
140
133
128
122
119
117
115
113
110
109
125
154
195
259
311
552
638
469
360
385
459
392
348
309
279
261
251
237
229
229
229
226
257
467
938
919
664
521
433
372
325
293
270
250
235
223
214
204
201
196
188
179
193
186
177
174
176
175
177
550
452
380
339
357
332
308
307
355
425
498
518
563
662
714
741
646
563
490
450
436
439
431
388
367
366
369
362
338
322
299
279
272
262
252
247
245
245
257
280
304
323
297
280
280
289
274
259
261
255
257
287
268
258
257
258
253
259
294
337
354
350
318
296
273
256
243
257
243
238
237
239
237
232
223
220
276
288
377
346
310
289
270
255
236
212
198
216
249
234
222
213
203
194
191
181
178
176
172
159
147
142
138
135
124
99
102
101
106
115
128
118
114
112
110
109
108
107
104
98
96
94
90
87
85
83
81
79
78
77
75
73
71
69
68
66
64
63
62
62
61
60
59
57
57
56
56
55
55
54
49
48
46
45
45
45
48
45
45
44
44
43
43
42
42
41
41
41
41
41
41
40
40
40
39
39
39
38
38
38
37
37
36
36
36
36
37
36
36
35
34
33
31
31
31
31
30
31
31
32
31
30
30
29
31
36
37
36
34
33
32
31
31
30
29
29
29
28
28
28
28
28
28
30
39
36
34
33
31
31
31
32
32
31
31
31
31
32
32
32
34
36
35
34
34
34
34
33
33
33
33
33
34
65
53
45
39
62
61
54
64
80
76
64
60
85
80
75
69
63
60
83
102
90
86
73
85
110
89
80
95
100
90
90
90
90
90
100
110
120
130
140
143
131
118
111
107
109
110
105
107
110
166
415
507
413
342
300
271
245
235
223
216
299
395
317
268
236
220
202
192
188
198
216
426
1290
6190
4340
2380
2060
3110
3790
2310
1530
1120
925
826
735
652
595
572
549
526
569
555
730
1140
3570
6230
6040
3450
2140
1740
1580
1390
1240
1120
982
882
818
761
719
639
589
550
628
863
906
913
910
873
861
883
845
781
741
713
684
691
710
641
597
550
517
709
3780
2780
2340
1760
1850
3270
2500
1840
1540
2060
1820
3380
2270
1870
1580
1340
1170
1050
983
951
940
922
910
877
831
809
824
885
1050
1780
1560
1280
1150
1140
1390
1750
1430
1220
1070
977
901
836
815
758
730
730
779
809
808
813
844
880
821
1130
1220
1010
926
870
811
771
745
753
769
749
693
648
637
688
749
759
718
701
757
802
816
777
735
712
693
662
658
669
656
626
597
578
549
503
458
410
376
351
338
341
349
321
305
330
447
330
318
325
317
330
293
277
267
266
258
248
232
223
209
201
202
188
180
173
163
160
157
154
158
151
144
149
139
130
125
122
118
118
121
119
115
122
111
106
103
103
99
95
91
90
87
85
83
82
78
76
75
74
76
74
72
73
71
69
67
66
66
67
66
65
62
61
61
60
60
60
59
59
58
58
58
57
57
56
55
55
55
54
53
53
53
52
52
51
49
49
49
48
48
48
48
47
46
46
46
46
46
47
47
47
46
46
46
46
44
44
44
44
44
44
44
44
45
49
48
47
46
46
44
44
44
44
44
44
44
44
44
44
44
44
44
44
44
44
44
44
44
44
44
44
47
63
54
52
57
60
54
52
52
52
62
60
54
53
64
63
56
80
140
85
84
80
210
381
190
135
582
763
528
278
205
192
317
1120
2200
4100
1900
2500
982
691
573
491
431
382
342
309
282
259
243
244
269
1130
2840
1720
1020
790
689
601
529
470
451
716
852
802
645
560
496
453
827
1050
954
804
804
979
1040
783
696
759
663
588
599
566
545
545
557
559
537
517
1370
1950
2200
2190
2670
3120
2160
1790
1590
1500
1400
1330
1330
2120
2470
2440
2130
1920
1540
1330
1180
1020
914
828
805
793
773
747
773
1040
1220
1010
1040
1200
1380
1430
1790
1630
1360
1180
1100
1060
1020
1070
1090
1000
918
893
813
751
700
654
744
810
710
654
926
2070
1440
1130
974
902
940
1070
1100
1060
945
835
792
717
680
690
858
818
774
784
764
812
890
1200
2370
1930
1490
1270
1100
1010
1040
1050
964
854
765
708
670
646
618
597
580
583
665
722
984
930
808
1150
1560
1230
940
1480
1400
1050
882
800
760
704
632
586
551
518
497
494
480
449
417
401
386
358
333
316
303
292
282
272
260
253
243
233
224
216
208
201
204
210
204
206
200
190
181
174
169
163
158
153
148
143
139
135
132
127
124
120
118
118
117
115
112
114
110
106
103
99
96
95
92
90
88
88
88
87
85
82
81
81
80
79
78
76
74
72
70
68
67
66
64
64
63
62
62
62
62
62
61
60
59
58
57
57
57
57
57
56
56
55
54
56
57
57
56
55
55
54
54
54
56
58
97
73
65
62
60
59
58
58
57
57
56
56
54
54
54
54
54
54
54
54
54
54
54
52
52
52
52
52
53
54
54
54
54
64
75
71
63
67
98
195
207
132
103
95
215
139
114
100
91
85
81
78
75
75
73
71
69
68
68
68
71
71
70
72
1960
3030
1200
649
531
385
375
345
289
253
348
297
304
642
472
385
1500
2420
1260
2430
6390
5000
3750
2410
2010
2020
1540
1230
1040
921
819
738
816
833
761
713
679
1050
2510
2710
2410
5990
7450
11200
17000
8600
4640
2850
2070
1650
1400
1190
1070
963
877
806
743
687
645
604
646
618
597
603
652
603
566
537
692
1270
1110
2030
1490
1220
1730
1750
1310
1100
969
854
783
763
727
689
665
630
604
569
543
523
511
533
508
625
606
559
520
493
466
445
434
431
411
435
595
547
511
494
492
497
498
494
502
515
504
474
452
456
573
712
598
655
736
650
583
562
544
554
569
532
489
449
432
413
384
366
354
346
331
322
316
310
303
296
289
286
285
286
288
308
316
372
614
1240
895
910
1030
777
647
585
565
516
498
629
542
469
453
420
392
376
359
350
357
356
350
337
315
299
288
275
265
255
243
231
221
215
242
238
219
211
217
222
216
203
199
191
183
218
229
199
185
177
171
166
168
161
157
158
150
143
139
136
132
128
125
123
122
119
116
112
110
109
108
112
118
112
108
105
102
100
98
96
94
93
93
91
90
87
85
84
83
81
81
80
78
77
75
74
73
72
71
70
70
71
71
69
69
68
67
67
66
65
63
63
62
62
62
61
60
60
59
58
58
59
59
64
64
62
61
63
63
66
69
65
63
62
60
60
59
60
58
58
58
57
57
58
63
64
61
60
75
79
90
101
89
73
68
65
64
63
62
61
61
61
61
60
60
69
101
87
83
78
76
77
82
248
208
148
128
122
124
126
117
106
97
90
85
81
78
76
74
73
72
72
71
82
83
335
181
131
111
102
96
153
264
173
140
124
120
113
112
112
112
160
239
201
492
454
311
255
424
705
613
516
423
339
347
348
301
270
246
241
224
213
397
398
327
293
268
249
234
272
271
390
1050
651
486
419
366
327
304
286
268
253
239
230
230
248
263
348
633
649
693
550
496
468
439
424
443
891
1480
1440
1930
1970
3950
5180
2960
2210
1570
1250
1150
1200
1220
1260
1850
1630
1340
1360
1220
1060
1060
1110
1190
1120
1200
1300
1270
1370
1170
1080
1000
1200
1350
1430
1270
1100
983
930
1480
1270
1760
1410
1190
1030
918
831
774
756
806
917
932
830
757
696
648
628
593
577
582
857
1320
1220
1240
1400
1290
1110
1040
1120
1380
5080
7270
3890
2580
1970
1620
1370
1180
1050
977
889
829
788
752
718
686
650
632
640
673
679
650
632
605
580
554
541
548
578
646
754
945
1120
1010
852
772
814
1030
1180
1240
1230
1260
1100
1090
1130
1010
1040
1060
913
788
719
682
631
593
589
557
520
498
500
505
489
470
489
561
616
524
489
525
524
516
562
656
707
657
636
619
631
636
597
576
590
543
515
503
476
461
430
386
374
354
333
331
322
308
297
287
265
250
243
238
233
223
213
207
197
190
182
176
169
160
154
148
143
138
135
132
127
124
120
116
113
110
107
104
104
102
102
98
97
94
93
91
90
88
86
84
81
79
79
78
77
77
75
73
72
71
70
70
70
70
69
69
69
67
67
66
65
64
64
63
62
61
61
60
58
57
57
56
56
56
56
57
57
56
56
55
54
54
53
53
55
57
57
56
55
54
53
53
54
54
53
53
53
52
54
55
55
54
53
53
64
61
61
59
58
67
65
61
59
58
57
57
56
55
55
55
75
73
64
61
60
59
58
62
73
66
66
68
84
81
104
101
84
93
92
84
78
79
103
154
173
140
115
382
4350
1730
2210
1400
1290
1860
1170
772
648
1560
1470
2920
1970
1210
901
717
612
543
476
434
409
457
600
570
491
444
431
428
401
376
351
323
323
308
288
287
282
310
338
322
373
362
333
316
301
290
281
272
262
253
247
242
237
232
265
753
748
1350
1840
1410
1450
1370
1640
1820
1260
998
834
705
626
568
523
487
450
427
409
402
385
740
1370
1090
851
696
600
542
516
512
498
673
1230
1510
1380
1080
973
915
1300
1530
1550
1220
1370
3830
2340
1740
1660
1380
1160
1020
905
873
811
748
696
666
666
785
783
762
758
742
767
816
823
822
798
1030
1050
949
859
782
756
739
705
658
637
632
605
598
572
561
563
541
553
555
581
658
726
801
942
1200
1360
1270
1170
1090
992
947
1010
1180
1190
1020
875
789
788
927
994
937
827
755
810
866
792
730
692
690
807
792
712
647
624
676
888
953
948
919
983
1240
1430
1450
1310
1320
1270
1160
1050
999
1020
877
731
698
782
732
631
580
553
552
574
609
625
665
667
608
592
551
504
483
459
447
431
408
363
329
312
297
298
294
273
256
242
231
218
213
208
197
192
187
182
178
171
163
154
147
143
139
135
132
129
125
122
122
118
115
112
110
108
106
104
102
101
101
99
99
104
118
108
102
100
101
97
94
92
90
87
85
82
81
80
78
76
75
75
73
71
70
70
69
72
72
69
68
67
66
64
63
62
62
61
60
59
59
59
58
57
57
57
56
56
55
55
54
54
53
53
53
53
52
52
51
51
51
51
50
50
52
53
52
52
51
51
51
51
50
50
50
50
50
49
49
49
49
49
49
49
52
98
205
110
77
69
68
63
61
59
62
72
64
82
88
395
228
159
113
96
88
96
107
100
242
428
243
173
151
134
218
352
308
216
259
490
359
494
400
300
261
252
311
276
301
265
248
276
406
322
282
256
247
285
283
305
303
284
261
245
233
221
209
197
188
179
172
167
164
158
178
170
158
154
153
156
816
2310
1020
862
3020
1710
2280
1440
1060
1050
1250
1110
978
892
1030
1290
1120
910
778
684
652
633
758
877
804
760
814
869
751
686
669
684
766
805
867
2460
1780
1300
1040
877
775
717
670
868
853
744
685
1270
1980
1400
1330
1130
987
872
823
793
723
668
626
606
593
603
577
567
620
600
637
630
597
657
606
562
559
588
560
549
549
561
541
508
482
472
500
595
722
800
731
648
598
625
627
587
603
696
866
747
646
628
616
675
602
578
573
601
558
504
480
465
471
456
423
408
417
432
438
426
399
381
373
404
419
440
398
382
372
381
449
425
421
411
420
439
446
441
441
427
385
347
362
347
308
289
271
257
250
246
243
236
224
221
227
218
210
199
210
212
202
194
182
170
162
156
147
142
138
133
127
123
120
116
111
108
105
103
101
99
100
106
105
103
110
99
94
90
88
85
83
82
80
80
77
75
73
71
70
70
68
66
66
64
63
63
61
60
59
57
56
55
54
53
53
52
52
52
52
52
51
51
50
50
50
50
50
50
49
48
48
47
47
47
46
46
45
44
44
45
54
57
52
51
49
48
47
47
46
46
46
45
45
46
45
45
44
42
41
40
40
40
40
40
40
40
40
40
39
39
39
39
38
38
37
37
37
40
45
43
43
42
42
42
42
41
40
40
51
63
48
45
45
44
44
45
84
122
125
87
70
68
83
79
78
71
65
97
93
75
67
62
61
66
64
62
59
58
57
57
57
57
58
68
65
65
71
73
170
170
129
107
98
93
89
85
82
80
83
86
83
82
104
191
234
165
145
123
112
104
120
250
266
221
177
150
132
122
114
109
104
101
99
97
97
97
98
97
126
140
150
137
125
120
119
115
111
107
104
102
100
99
102
107
132
137
135
127
120
124
120
117
114
120
136
160
174
165
151
141
137
129
131
123
117
112
109
108
113
162
159
171
280
318
265
233
210
193
181
171
165
185
166
192
214
202
216
245
226
206
190
180
182
185
181
174
182
245
294
321
338
371
381
455
570
379
330
632
439
363
329
314
277
245
222
208
202
190
181
173
171
168
163
157
152
150
153
201
192
187
181
174
170
172
190
237
271
243
217
190
182
203
178
164
161
169
163
163
175
176
160
154
158
147
139
253
231
172
150
138
130
126
119
112
105
100
95
92
89
85
81
79
76
75
75
74
73
74
71
68
65
64
64
64
60
58
56
54
53
51
50
49
48
47
46
46
47
57
132
85
67
60
55
52
50
48
46
45
44
44
43
42
44
45
43
42
40
40
39
39
39
38
38
37
36
32
31
30
30
29
29
30
30
30
28
28
28
28
27
27
26
25
25
24
24
23
23
23
23
23
23
23
23
23
24
26
30
29
27
25
25
24
24
24
24
24
23
23
23
23
23
23
22
22
22
23
24
23
23
24
23
23
22
22
22
22
22
22
30
37
33
31
30
29
28
27
25
25
25
25
25
25
25
25
28
31
29
28
27
27
27
26
26
26
26
26
31
34
31
30
29
29
29
43
68
50
44
41
37
35
35
34
34
34
34
34
48
78
133
99
283
166
98
94
218
713
919
380
262
265
193
159
362
432
300
594
587
560
432
560
818
583
449
385
341
304
279
575
1360
670
589
1210
785
684
707
553
514
478
428
393
368
379
502
546
621
1200
1070
2480
1490
988
900
3820
2730
3070
1740
1200
909
752
656
578
512
463
424
387
365
343
417
373
348
334
364
460
409
374
349
331
319
312
298
291
282
274
273
567
699
544
477
436
415
410
415
411
408
410
402
547
1180
1070
997
1140
938
782
695
654
624
580
539
507
485
485
543
651
562
525
514
562
805
732
646
596
554
526
490
472
465
473
505
539
540
509
490
485
497
547
576
606
644
756
891
974
960
850
771
729
845
987
874
843
873
1300
876
693
590
520
475
445
425
426
444
442
455
467
449
404
387
452
408
417
425
404
406
399
379
352
334
324
310
312
345
335
327
318
328
336
305
303
289
272
260
258
274
285
285
296
314
291
267
255
241
224
214
218
212
192
180
173
166
162
160
158
152
144
138
137
149
137
127
124
123
119
114
110
107
104
103
100
98
94
91
88
86
84
82
82
81
78
76
74
72
71
68
68
67
67
65
64
62
61
60
60
59
58
59
56
55
54
54
53
53
52
52
53
53
53
53
52
50
48
48
47
46
45
44
43
43
43
43
43
43
43
43
43
43
43
42
41
41
40
40
39
38
37
37
37
37
38
39
39
38
37
36
35
35
35
35
35
36
37
36
35
35
34
33
33
33
32
32
32
33
33
32
32
33
33
32
31
30
30
30
30
30
30
30
30
30
30
30
30
30
30
31
31
31
31
31
31
32
32
32
33
33
33
33
33
33
33
69
172
227
293
185
163
162
115
96
86
94
90
81
80
90
91
86
78
74
68
65
62
60
58
57
55
55
55
56
55
55
54
57
91
106
140
643
2700
1870
3180
1120
700
531
527
511
453
405
373
341
420
3990
2280
1210
1220
1620
1050
833
897
1260
1340
1040
879
773
692
635
631
1480
2410
2380
1640
1280
1090
1060
1040
976
1050
1410
1680
1440
1730
1730
2300
1670
1300
1630
1740
1470
1180
1000
871
779
703
642
596
555
523
498
475
465
458
577
796
716
693
705
678
632
610
584
558
535
513
489
468
452
439
430
419
407
398
391
385
459
581
578
586
857
1560
2100
1370
1050
872
796
771
730
1200
1230
970
1150
2060
1390
1120
985
928
930
920
813
748
742
687
667
660
711
783
812
815
910
926
830
753
707
668
623
589
573
565
539
577
790
729
779
756
825
940
933
905
923
976
970
886
818
765
729
675
635
616
612
657
734
714
635
587
547
522
524
586
688
742
733
671
606
574
603
628
622
539
482
470
462
454
433
410
397
374
343
318
300
290
276
264
253
245
238
232
220
211
204
197
190
183
176
170
166
157
151
144
140
135
130
126
122
119
117
114
110
107
104
102
101
99
96
94
91
89
86
84
81
80
77
75
75
73
72
70
68
66
64
64
70
81
78
71
70
68
66
65
64
63
63
62
60
58
57
56
56
55
54
53
53
53
53
53
52
51
51
51
50
49
49
48
47
51
52
50
49
51
56
59
54
51
49
49
48
48
49
49
48
47
46
45
44
44
43
42
42
42
42
43
41
40
40
40
40
40
40
40
40
41
42
46
44
42
42
44
44
43
42
45
45
43
42
42
40
40
40
40
40
40
41
41
43
47
47
49
51
54
61
81
66
57
53
52
51
69
75
99
75
65
73
68
60
57
56
56
60
59
56
146
208
178
153
141
190
481
1010
478
304
233
210
193
374
2780
1860
769
532
437
379
359
420
391
359
353
985
752
541
456
418
460
406
388
493
488
455
418
387
377
346
758
923
954
763
678
779
891
1090
930
790
690
671
657
603
552
538
642
590
548
558
549
575
853
765
658
661
628
581
545
545
548
519
495
473
457
448
447
472
508
1630
3370
3090
1770
1290
1050
906
813
806
1060
1320
1120
939
837
839
773
712
657
631
612
621
747
958
1050
999
997
1020
1040
1060
1040
1040
1050
1000
884
893
990
1010
943
934
872
863
843
879
967
861
763
698
676
717
752
737
726
720
737
755
769
778
728
675
640
581
539
510
511
698
891
762
686
670
697
837
913
842
695
658
701
734
738
686
629
566
573
568
512
483
469
443
433
437
452
443
429
434
409
402
401
394
370
352
347
360
381
410
359
325
308
296
301
297
283
267
261
250
249
236
226
219
211
205
200
189
188
182
173
166
158
151
147
142
135
129
124
121
116
116
116
112
107
103
100
95
92
89
87
85
83
82
80
77
75
73
72
70
70
70
69
67
65
63
60
59
58
57
56
55
54
54
54
54
53
53
53
54
54
52
50
49
48
48
47
46
46
46
46
45
45
44
44
46
54
55
53
55
51
49
47
45
44
44
44
44
44
43
43
41
39
38
38
38
38
39
41
40
41
41
46
50
50
47
45
43
42
42
41
41
41
41
40
40
40
40
40
40
39
39
39
53
48
45
43
38
38
38
37
50
73
135
100
69
63
283
145
113
157
118
102
106
118
122
102
94
167
128
106
95
86
80
77
76
75
71
70
68
67
65
62
62
61
59
59
57
57
56
67
77
72
65
62
61
60
59
58
58
58
86
161
2370
3030
1360
834
599
514
536
436
359
302
267
242
220
197
178
160
146
135
148
153
143
152
231
218
219
216
190
176
160
149
147
182
218
184
176
164
161
162
165
175
187
214
272
311
335
350
377
412
480
742
775
778
717
563
493
458
431
419
422
415
393
369
343
324
311
298
288
287
283
281
273
268
271
286
319
334
314
304
300
300
300
301
367
363
360
336
318
311
308
322
346
372
373
372
378
372
329
296
275
261
253
342
528
483
620
555
485
442
421
935
1150
1030
867
730
676
636
633
591
560
577
738
782
718
708
768
825
741
662
617
634
709
647
592
566
554
598
710
720
678
703
834
1180
923
820
873
788
734
757
894
846
736
1050
1100
920
795
726
702
693
688
688
608
1100
1050
857
732
659
610
560
533
528
514
491
458
430
417
397
373
356
338
325
330
318
303
305
293
275
259
246
238
228
233
279
439
432
342
293
263
242
228
217
206
196
186
176
167
160
154
148
142
137
134
129
124
123
122
118
112
107
103
100
96
92
88
86
83
81
79
77
76
73
71
69
68
66
65
63
62
61
60
59
57
57
56
54
53
53
52
51
50
50
50
49
49
48
49
48
48
47
47
46
46
45
45
45
45
46
45
45
45
45
46
45
46
46
45
45
46
48
48
47
46
45
47
50
49
47
45
44
44
44
45
44
44
44
43
43
42
42
46
50
55
50
48
46
46
45
45
45
44
44
44
55
62
52
49
47
46
46
46
46
46
46
61
54
86
74
59
54
54
65
171
302
215
1600
603
329
230
197
188
177
412
465
288
216
180
156
140
128
119
115
110
108
309
314
230
266
492
393
3160
1280
710
509
421
348
326
368
350
321
302
283
265
247
234
230
217
267
2320
2290
3210
3480
2170
1400
1280
2030
3770
7020
3370
10400
7120
4000
2860
2230
1700
1420
1300
1370
1250
1100
2630
3310
1980
2280
2360
1810
1520
2130
2190
1630
1380
1190
1060
951
909
842
799
772
985
1010
2000
1820
2920
2760
2120
2740
2060
1650
1380
1230
1160
1120
1070
1030
984
936
874
807
760
710
663
622
596
568
543
524
505
528
1750
1980
1370
1170
1020
907
945
962
1020
946
875
813
733
678
648
647
628
791
784
703
650
623
590
576
608
930
934
843
778
779
761
748
779
779
764
975
947
878
811
790
812
843
833
835
837
874
943
960
873
799
747
732
806
916
933
987
1090
1110
1140
1310
1590
1800
1580
1310
1160
1090
1090
1110
1080
1020
986
896
871
951
947
881
871
957
1030
1070
974
901
918
802
810
874
974
766
679
616
565
529
501
509
549
664
561
599
524
475
445
417
389
365
350
359
350
331
323
303
290
271
258
245
235
226
217
209
203
195
184
181
177
167
162
157
150
145
142
139
135
130
128
125
122
119
118
114
111
109
103
99
96
95
97
97
93
93
88
85
83
82
81
81
82
81
79
77
76
74
74
80
87
78
73
71
68
67
65
64
63
64
61
59
58
57
56
55
55
54
53
51
50
50
50
50
49
48
47
46
46
44
44
44
44
45
44
43
41
41
46
50
47
45
45
45
46
46
44
43
42
41
41
40
40
39
40
41
42
43
44
44
42
41
40
39
39
39
39
38
39
52
58
48
45
43
42
42
41
41
40
41
40
40
40
40
41
41
53
132
123
101
96
131
214
146
109
174
133
694
831
331
884
425
280
252
634
489
771
710
466
372
353
320
278
240
219
229
212
200
191
187
194
201
207
312
421
1080
1900
4280
3930
2580
1460
1050
843
700
630
1010
852
845
959
3680
4540
2840
1680
1230
967
836
689
617
1850
1750
1200
1030
883
793
735
689
627
574
526
490
453
433
406
385
369
357
353
336
320
307
289
280
279
271
262
254
245
245
228
222
217
219
219
275
361
376
576
1320
860
659
563
612
631
587
526
486
459
472
452
430
483
599
560
507
449
419
414
436
504
595
687
832
940
849
810
901
1200
1420
1330
1170
1150
1250
1230
1140
1110
927
821
792
805
875
843
751
659
613
591
598
590
541
508
505
516
554
649
579
574
492
491
485
456
489
479
461
469
444
423
409
433
461
484
500
503
486
487
529
522
466
432
501
428
381
389
398
476
468
451
407
368
343
322
306
310
312
295
282
271
263
255
237
225
220
223
220
216
200
189
186
187
184
176
168
163
162
164
154
147
145
158
143
135
130
128
125
121
117
113
110
108
105
102
102
99
98
95
92
92
93
91
88
85
84
81
78
76
73
71
70
69
83
77
72
70
68
69
71
102
81
75
72
70
68
66
64
62
60
59
57
56
54
53
51
50
49
49
50
49
49
48
47
46
45
44
44
43
43
44
44
51
54
48
45
43
42
40
39
39
39
38
38
37
37
37
37
37
40
38
36
35
35
34
34
34
34
37
37
37
37
37
38
39
37
35
34
35
35
34
34
35
38
42
65
46
43
50
51
46
44
43
42
76
65
58
52
49
50
59
94
155
1410
448
257
191
177
151
129
115
104
96
92
93
86
81
74
69
66
65
64
62
61
60
67
91
159
340
206
156
157
406
658
579
383
276
222
188
166
151
138
148
130
124
118
113
140
1590
1780
682
492
411
339
292
260
234
213
197
185
178
173
182
317
390
430
322
266
269
478
395
336
302
277
278
300
270
252
240
294
1150
971
628
485
439
381
407
527
581
607
526
461
412
375
349
332
325
313
293
280
271
258
298
369
393
376
344
395
368
377
401
349
314
293
289
284
279
277
279
304
354
360
348
354
388
422
450
460
477
490
483
492
606
604
595
626
696
806
732
641
578
537
506
481
481
503
594
760
760
868
903
797
695
624
626
819
830
725
662
647
801
851
794
707
656
589
539
496
469
452
460
492
485
470
456
444
433
437
468
605
856
981
787
673
666
764
764
663
583
566
541
492
479
517
720
895
916
752
648
625
688
789
921
1150
1130
1000
936
910
947
857
832
1030
1400
1590
1630
1480
1350
1220
987
841
751
676
651
658
668
736
650
599
613
591
545
571
542
484
450
429
418
435
436
387
370
370
379
365
344
324
300
281
270
265
249
234
228
220
211
206
202
202
186
176
168
161
157
151
146
138
133
129
124
121
117
113
110
109
106
103
100
97
95
92
91
89
88
86
84
83
82
80
79
78
75
74
74
72
70
68
68
66
65
65
63
61
59
58
56
56
57
57
56
59
65
60
56
53
52
52
50
49
48
47
48
48
47
46
45
44
43
42
42
41
41
41
40
40
40
39
39
38
38
40
41
42
41
41
39
38
38
38
37
37
36
44.29
53.64
57.09
60.05
59.55
58.57
58.08
57.58
57.09
57.58
58.08
58.57
59.06
59.06
59.06
59.06
59.06
58.57
58.57
58.57
58.57
58.57
59.06
59.06
59.06
59.06
59.06
58.57
58.57
59.06
59.55
84.15
98.72
124.63
134.35
123.01
129.49
127.87
129.49
137.59
126.25
124.63
139.21
142.45
139.21
127.87
118.15
113.3
110.06
106.82
106.82
106.82
103.58
105.2
103.58
101.96
101.96
100.34
97.1
97.1
95.48
106.31
104.74
104.74
103.18
104.74
104.74
103.18
103.18
103.18
104.74
104.74
106.31
107.88
107.88
107.88
106.31
101.61
106.31
106.31
104.74
111.01
126.69
117.28
117.28
131.39
120.42
118.85
244.27
352.45
286.6
212.92
359.38
409.99
408.08
373.7
362.24
359.38
364.15
365.1
362.24
354.6
347.92
345.05
345.05
343.14
341.23
339.32
338.37
338.37
335.5
333.59
333.59
331.68
332.64
333.59
335.5
334.55
330.73
328.82
327.86
326.91
325.95
368.41
367.43
366.45
367.43
367.43
368.41
367.43
366.45
366.45
366.45
368.41
366.45
366.45
366.45
367.43
367.43
368.41
368.41
366.45
365.47
365.47
379.17
465.28
541.6
483.87
452.56
432.99
420.27
435.8
540.72
582.85
527.5
498.59
480.41
466.37
458.11
449.85
444.06
439.93
437.45
434.15
433.32
441.58
532.46
567.98
523.37
498.59
487.85
484.54
483.72
472.98
464.72
459.76
457.28
459.76
464.72
471.33
467.19
459.76
443.56
481
458
416
391
384
406
413
418
394
366
352
379
366
338
319
311
328
369
497
635
628
536
426
371
344
326
304
284
271
305
454
582
964
1580
939
773
618
531
486
453
454
416
493
519
452
472
449
412
366
336
331
320
306
286
265
254
253
243
228
218
220
219
212
235
211
191
181
171
165
162
161
162
161
155
148
145
139
134
130
129
126
122
118
114
110
107
104
101
98
96
93
91
90
87
84
82
82
81
81
80
77
75
74
72
70
68
66
64
63
61
60
59
58
57
56
55
54
53
52
51
50
49
49
52
49
51
57
55
53
50
48
46
45
45
44
44
43
42
41
39
38
37
37
37
37
37
37
36
37
38
36
36
35
35
35
35
36
38
38
36
35
34
33
33
33
35
36
35
34
33
32
32
31
30
30
30
30
30
29
29
31
36
36
34
34
36
38
36
35
34
33
33
33
33
85
207
150
79
62
57
55
53
51
50
48
48
47
46
53
52
52
56
56
56
53
51
50
51
129
101
85
83
97
97
89
81
75
70
68
122
145
110
113
109
228
179
138
125
125
231
184
147
126
114
104
97
90
85
81
76
69
69
72
73
73
74
72
236
632
369
288
290
435
668
457
321
257
218
193
181
165
157
155
454
2910
1160
689
507
470
696
789
657
602
500
448
1340
2080
1230
854
661
682
795
906
857
753
637
549
517
517
579
564
517
487
480
467
461
465
598
638
939
764
650
565
501
454
471
745
843
924
954
822
753
693
632
575
523
473
462
476
483
1690
1660
1130
931
834
807
711
625
573
535
509
485
463
441
593
606
552
527
515
505
496
494
493
506
513
475
458
490
453
427
461
1030
1240
937
784
756
715
691
656
636
636
682
646
616
621
648
677
747
772
740
789
847
912
958
851
732
679
665
650
690
1940
1500
1190
1070
1040
1070
1040
999
893
798
739
723
711
726
647
615
629
721
816
855
867
853
805
786
699
633
588
563
568
664
683
672
653
647
703
702
1050
1130
2600
1500
1240
1070
935
897
845
736
695
703
696
620
545
501
483
468
436
417
411
399
392
390
367
342
331
310
290
276
265
253
242
234
226
215
205
198
191
184
178
170
163
159
155
149
144
140
136
132
129
126
122
120
117
116
116
112
109
107
104
101
99
97
95
93
91
90
88
88
86
85
83
80
79
78
75
74
72
71
70
70
69
67
65
63
64
64
66
69
72
67
64
62
59
58
58
58
61
62
60
58
56
55
54
54
54
57
80
152
91
75
70
66
64
62
60
59
58
56
55
54
53
52
52
53
54
53
53
54
56
55
53
51
51
50
49
49
49
49
48
48
50
62
455
283
190
139
305
385
238
290
297
217
176
147
129
118
434
280
245
370
285
227
197
220
192
165
148
150
143
148
146
156
168
143
135
132
147
134
129
133
294
450
359
289
276
358
414
837
879
1200
1290
1330
1520
1920
1140
798
618
716
719
685
562
535
490
443
441
568
572
923
1580
948
704
574
483
426
384
353
329
311
301
288
276
269
297
998
1190
1000
1680
1970
1330
1060
898
796
802
750
710
698
665
642
623
597
568
525
488
454
426
415
429
454
453
430
403
380
361
349
346
380
996
836
666
551
498
453
426
403
382
380
357
339
326
347
415
605
659
608
879
1200
1060
943
934
1490
1360
1080
1480
1730
2040
2020
1570
1410
1240
1110
1010
898
823
861
893
938
948
900
858
866
1010
1160
1280
1110
972
988
1010
912
808
728
674
674
654
636
595
836
1280
1500
1580
1320
1140
998
907
886
941
1030
994
899
870
778
708
689
724
737
764
916
1020
954
904
824
787
852
884
889
884
808
715
675
628
613
676
767
829
782
714
787
718
771
717
634
586
623
619
582
552
556
638
785
782
764
768
834
825
792
872
834
786
712
649
678
681
673
682
658
592
524
483
468
464
632
551
449
402
385
375
346
331
321
306
283
260
249
239
229
221
212
202
197
193
193
194
179
169
165
159
154
149
145
140
135
131
128
124
121
117
114
112
110
108
106
104
101
98
96
95
93
91
90
88
87
84
80
78
77
76
75
74
73
72
71
70
68
68
67
66
65
64
63
61
60
60
59
58
57
56
55
55
55
56
57
57
55
54
53
52
52
51
50
53
55
54
53
52
50
50
52
75
82
148
112
91
88
81
135
121
91
80
74
71
68
66
64
63
62
61
61
60
59
59
57
57
57
57
57
57
56
56
59
60
63
82
77
71
69
68
67
68
69
70
67
79
130
162
122
105
109
717
885
638
417
297
241
218
199
177
157
141
129
120
113
107
103
99
96
93
90
88
86
84
89
84
82
81
79
77
76
73
72
71
71
71
70
102
464
1380
671
391
296
244
210
188
174
160
148
139
132
126
121
117
113
110
107
105
190
2680
2850
2750
1280
862
730
1410
1930
1360
955
760
722
638
632
576
520
468
428
401
389
406
419
469
525
470
431
391
358
334
330
345
323
315
334
382
392
359
360
327
310
308
320
313
293
291
308
355
381
358
343
355
389
459
456
824
661
1420
2260
1480
1090
875
847
1420
1980
1560
1300
1160
1020
1250
1570
1830
5000
4110
2700
1970
1610
1400
1190
1030
927
853
811
836
880
916
907
859
832
878
956
1020
1380
1580
1760
2000
2160
1970
1760
1670
1280
1100
1100
1190
1100
946
1040
1000
851
788
802
901
945
840
750
750
814
900
879
844
750
640
569
549
555
541
486
459
440
409
387
373
362
356
360
368
354
326
388
370
315
295
280
265
250
240
239
233
219
209
206
199
190
181
174
169
185
201
178
169
166
158
152
151
151
154
141
135
130
126
122
118
114
111
108
104
102
99
96
94
93
96
104
101
100
93
88
84
82
80
78
76
74
74
72
70
68
66
64
63
63
75
66
64
63
61
61
59
58
57
56
55
54
53
52
52
52
52
51
51
51
49
50
50
50
50
49
49
48
46
45
45
44
44
43
43
43
43
42
41
41
41
40
40
39
39
39
40
39
39
39
39
39
39
38
38
38
38
37
37
37
37
38
38
38
39
39
38
38
39
42
43
85
55
47
45
46
45
66
76
97
85
75
90
126
131
128
210
364
175
129
109
95
85
78
77
74
71
69
69
88
96
88
84
133
175
517
1950
1040
557
354
299
288
227
192
190
1400
2910
2470
4570
1580
3050
3610
1660
1100
843
679
562
503
452
398
368
344
365
872
661
532
616
591
571
563
500
458
411
373
357
337
319
302
288
276
266
256
249
241
240
249
261
266
261
252
243
233
226
221
222
226
230
231
233
234
489
919
864
1020
832
691
585
526
494
470
454
445
445
458
455
466
442
412
389
372
367
368
379
411
450
460
433
420
379
358
344
351
328
320
307
296
321
396
467
497
491
517
565
514
476
438
421
447
526
593
667
701
684
615
550
533
1180
976
728
616
553
527
540
569
617
647
688
1070
1020
867
790
1040
1380
1330
1220
1010
850
793
770
686
644
587
535
483
444
423
421
422
415
417
404
388
379
387
408
397
381
358
320
301
295
299
296
290
303
284
269
258
249
235
223
211
202
200
192
187
181
173
177
179
171
165
159
161
189
221
186
169
157
149
144
139
134
130
126
122
117
112
109
107
106
105
102
99
97
95
96
101
100
96
93
93
98
110
115
104
94
90
86
83
80
77
73
72
70
69
67
65
63
62
61
61
59
57
56
55
55
53
51
50
49
50
52
49
46
45
44
44
45
45
44
45
44
43
42
42
41
42
49
59
50
45
43
42
41
41
40
39
37
37
36
44
58
44
48
46
43
41
40
39
38
37
37
36
37
37
37
35
34
33
32
31
31
31
30
30
31
35
37
35
38
58
53
61
52
70
60
50
47
278
539
