start_date: 1960-10-01 24:00
start_date: 2013-09-30 24:00
data_date: 1960-10-01 24:00
timestep: 1 DAY
units: in/day
scale: 1.000000
#Series Slot: Iron Gate Reservoir.Precipitation Rate [1 in/day]
0
0
0
0
0.06378
0.391732
0.244094
0.025591
0
0
0.005906
0.017717
0
0
0
0
0
0.026772
0
0
0
0
0
0
0.001969
0.107087
0
0
0
0
0
0
0
0
0
0
0
0
0
0
0.034646
0.105118
0.059055
0.152756
0.183071
0.07874
0.035433
0.082677
0.37874
0
0.018504
0.035433
0.007874
0.550394
0.846457
0.999213
0.218504
0.033465
0
0
0.155512
1.458661
0.26063
0.023622
0
0
0
0
0
0
0
0
0
0
0
0.016929
0.162205
0.636614
0.086614
0.059843
0
0
0
0
0
0.006693
0.00315
0
0
0
0
0
0
0
0
0
0
0
0.004724
0.040157
0.057087
0.01378
0
0
0.027559
0.01378
0
0
0
0
0
0
0
0.004724
0.090551
0
0
0
0
0.009843
0.016929
0.195669
0.668504
0
0.276772
0.027559
0.003937
0.001181
0.116929
0
0.114961
0.238976
0.310236
0.641732
0.095276
0.014961
0.045276
0.150787
0.022441
0.032283
0.012598
0
0
0.052362
0.023622
0
0.012598
0.070866
0.021654
0.120079
0.015748
0.055118
0.00315
0.001969
0.003937
0.175197
0.091732
0
0.018504
0.030315
0.080709
0.116142
0.036614
0.019685
0.009843
0.23622
0.058268
0.041339
0.004724
0.021654
0.030315
0.00315
0.08189
0.035433
0.147638
0.158661
0.120079
0.033465
0.006693
0
0
0
0
0
0
0
0
0
0
0
0
0
0
0.02874
0
0
0
0
0
0.011811
0
0.005906
0.06811
0.560236
0.035433
0
0
0
0
0.001969
0.021654
0.00315
0.099606
0.001969
0.024409
0.034646
0.07874
0.166142
0.00315
0
0.116142
0.156299
0.195669
0.01378
0
0
0
0
0
0
0
0.024409
0
0
0
0
0.011024
0.072047
0
0
0.168504
0.179134
0.004724
0.049213
0.28937
0.005906
0
0.014961
0.18189
0
0
0
0.011811
0.102362
0
0
0
0
0
0
0
0
0
0
0
0
0
0.036614
0.055906
0
0
0
0
0
0
0
0
0
0
0
0
0
0
0
0.030315
0.007874
0
0
0
0
0
0
0
0
0
0
0
0
0
0
0
0
0
0
0
0
0.025591
0.016929
0.155512
0
0
0.008661
0
0
0.001969
0
0.008661
0
0
0
0
0
0
0
0
0
0
0
0
0
0
0
0.016929
0
0
0
0
0
0
0
0
0
0
0
0
0
0
0
0.001181
0.05315
0.543307
0.44685
0.110236
0
0
0
0
0
0
0
0
0
0
0
0
0
0
0
0
0
0
0
0
0
0.034646
0.425197
0.057087
0
0
0
0
0
0
0
0.004724
0.011024
0
0.011811
0
0.015748
0.096457
1.440945
0.319685
0
0
0.020472
0
0.022441
0.085433
0
0
0
0
0
0
0.034646
0.006693
0
0
0
0
0
0
0
0.023622
0.084646
0.10315
0.079921
0.168504
0.638976
1.204724
0.040157
0
0.007874
0.084646
0.074803
0.162205
0.242126
0.058268
0.012598
0.016929
0
0
0
0.004724
0.004724
0.004724
0
0.077953
0.522441
0.025591
0.019685
0.084646
0.168504
0.629134
0.583465
0.257874
0
0
0.011024
0.045276
0
0.001969
0
0
0
0
0
0
0
0
0
0.034646
0
0
0
0
0.024409
0.251181
0.048425
0.014961
0.02874
0
0.008661
0.25315
0.427165
0.492126
0
0
0
0
0
0
0
0
0
0
0
0
0
0
0
0.001181
0.022441
0.114173
0.113386
0.114173
0.026772
0.031496
0.178346
0.173228
0.094488
0.150787
0.069685
0.005906
0.031496
0.017717
0
0
0
0.018504
0.027559
0
0.005906
0.003937
0.037402
0.098425
0.143701
0.00315
0
0.052362
0.032283
0.021654
0.021654
0.088583
0.074803
0.016929
0.007874
0
0
0
0
0
0
0.009843
0.064961
0.015748
0.059843
0
0.102362
0.049213
0.005906
0
0
0
0
0
0
0
0
0
0
0
0
0.00315
0.001969
0
0
0
0
0
0
0
0
0
0.018504
0.031496
0
0
0
0
0
0.00315
0.22126
0.089764
0.005906
0.006693
0.06378
0.074016
0.015748
0
0
0
0.020472
0.114961
0.083465
0.278346
0.188976
0.006693
0.001969
0
0.001969
0
0
0
0
0.055118
0.001969
0.058268
0.293307
0.009843
0.020472
0.004724
0
0.004724
0
0
0
0
0.041339
0.059055
0
0
0
0
0
0
0
0
0
0
0
0
0
0
0
0
0
0
0
0.024409
0
0
0
0
0
0
0
0
0
0
0
0
0
0
0
0
0
0.004724
0.032283
0
0
0
0
0
0
0
0
0
0
0.001181
0
0.037402
0
0
0.00315
0
0.008661
0
0
0
0
0
0
0.04252
0.129921
0.168504
0.120079
0.016929
0
0
0
0
0
0
0
0
0
0
0
0
0
0
0
0
0
0
0
0
0
0
0
0
0
0
0
0
0
0
0
0
0
0
0
0
0
0
0
0
0
0
0
0
0
0
0
0.00315
0.437008
0.126772
0
0
0.020472
0.31378
0
0
0
0.021654
0.408661
1.738976
1.514567
0.651575
1.537402
0.891732
0.07874
0.076772
0
0
0
0
0
0
0
0
0
0
0
0
0
0
0
0
0
0
0
0.001969
0.017717
0
0
0.004724
0.164567
0.01378
0.198819
0.60315
0.033465
0.003937
0.018504
0.054331
0.089764
0.035433
0
0.004724
0.016929
0.102362
0
0
0.141732
0.654331
0.109449
0.022441
0
0.019685
0.324016
1.535433
0.400787
0
0
0
0
0
0
0
0
0.011024
0.029528
0.048425
0.492126
0.090551
0.262992
0
0
0
0
0
0
0
0
0
0
0
0
0
0
0
0.007874
0.021654
0
0
0
0
0
0
0
0
0
0
0
0
0
0
0
0
0
0
0
0
0
0
0
0
0
0.122047
0.507087
0.800394
0.69685
0.166142
0.541339
0.113386
0.106299
0.058268
0.006693
0
0
0
0
0.02874
0.034646
0
0.008661
0.122047
0.072047
0.09252
0.038583
0.194094
0
0
0
0
0.035433
0.086614
0
0.036614
0.005906
0.041339
0
0
0.024409
0.036614
0
0
0
0
0
0
0.009843
0.086614
0.019685
0.051181
0.009843
0
0
0
0
0
0
0
0
0.068898
0.21063
0.228346
0.051181
0.031496
0.021654
0.005906
0
0
0.004724
0.187008
0.379921
0.085433
0.016929
0.088583
0.062205
0.015748
0.005906
0.048425
0.288189
0.080709
0.014961
0.021654
0.054331
0.138976
0.114173
0.001969
0
0
0
0
0.001969
0
0
0
0
0
0.066929
0.211811
0.136614
0
0.029528
0.240945
0.017717
0.05
0.168504
0.129134
0
0
0
0
0
0
0
0
0.001969
0.049213
0.02874
0
0
0
0
0
0
0.00315
0
0
0
0.023622
0.007874
0.02874
0.116929
0
0
0
0
0
0
0
0
0
0
0
0
0.00315
0.412598
0.005906
0.024409
0.129134
0
0
0
0.003937
0.207874
0.212598
0.044094
0
0
0
0
0
0.006693
0.016929
0.021654
0.003937
0
0
0
0
0
0
0
0
0.003937
0
0
0
0
0
0
0
0
0
0
0
0
0
0
0
0
0
0
0
0
0
0
0
0.001969
0
0
0
0
0
0
0
0
0
0
0
0
0
0
0
0
0
0
0
0.024409
0.032283
0
0
0
0
0
0
0
0
0
0
0
0.049213
0.155512
0.004724
0.027559
0
0.008661
0
0
0
0
0
0
0
0
0
0
0
0
0
0
0
0
0
0.110236
0.185039
0.009843
0
0
0.061024
0.534252
0.030315
0
0
0
0
0
0
0
0
0.011811
0.25315
0.383858
0.129134
0.116142
0
0
0.021654
0.026772
0
0
0
0
0.001969
0.07874
0.043307
0.194094
0.049213
0.713386
0.383071
0
0
0
0.022441
0.576772
0.108268
0.021654
0.001181
0.026772
0.111417
0.024409
0
0.068898
0.267717
0.227559
0
0.005906
0
0
0
0
0
0
0
0
0.007874
0
0.037402
0.095276
0.185039
0
0
0
0
0
0
0
0
0
0.001969
0.087402
0.001181
0
0
0
0
0.059843
0.145669
0.275591
0.080709
0
0.031496
0.029528
0.122835
0
0
0.011024
0.30315
0.107087
0
0.079921
0.023622
0
0
0.044094
0.045276
0
0.164567
0.502756
0.084646
0.452756
1.812205
0.520866
0.096457
0.084646
0.110236
0.017717
0
0.00315
0
0.030315
0
0.110236
0.012598
0
0
0
0
0
0
0
0
0.004724
0
0.006693
0.030315
0.005906
0.173228
0.046063
0.022441
0
0
0
0
0
0
0
0
0
0
0.007874
0
0.138976
0.02874
0.037402
0.119291
0.05315
0.035433
0
0.015748
0.011024
0.001181
0.133858
0.174409
0.020472
0.012598
0
0
0
0
0
0.005906
0.055118
0.025591
0.106299
0.090551
0.014961
0
0
0
0
0
0.030315
0.175197
0.009843
0.003937
0.004724
0.008661
0
0
0
0.001969
0.030315
0
0
0
0
0
0
0
0
0
0
0
0.022441
0.031496
0.001181
0.004724
0
0
0
0.004724
0.011811
0.055906
0.04252
0.175984
0.038583
0.035433
0.008661
0
0
0
0
0
0
0
0
0
0.004724
0.038583
0
0
0
0
0
0
0
0
0
0.139764
0.059843
0
0
0
0.04252
0
0.003937
0.030315
0.072047
0.551969
0.520866
0.059843
0.074803
0.040157
0
0
0
0.012598
0.135827
0.011811
0.034646
0.045276
0
0
0
0
0
0
0
0
0
0
0
0
0
0.024409
0
0.034646
0.00315
0
0
0
0
0
0
0
0.06378
0.007874
0
0
0
0
0
0
0
0
0
0
0
0
0
0.001969
0.009843
0.088583
0.006693
0.100394
0
0
0
0
0
0
0
0
0
0
0
0
0
0
0
0
0
0
0
0
0
0
0
0
0
0
0
0
0
0.004724
0.070866
0
0
0
0
0
0
0
0
0
0
0
0
0
0
0
0
0
0
0
0
0
0
0
0
0
0
0
0
0
0
0
0
0
0
0
0.001181
0
0
0
0
0
0
0
0.001181
0
0
0
0
0
0
0
0
0
0.001181
0
0.014961
0.065748
0.143701
0.032283
0.006693
0.037402
0.080709
0
0.008661
0.004724
0
0
0.183071
0.217717
0.083465
0.086614
0.164567
0.06378
0.007874
0
0
0
0
0
0
0.001181
0.036614
0
0.074803
0.163386
0.084646
0.011024
0.120079
0.035433
0.204724
0.466535
0.417323
0.065748
0.008661
0.04252
0
0.055906
0.698031
0.166142
0.351575
0.102362
0
0.00315
0.070866
0.167323
0
0
0.043307
0.448031
0.374016
1.635827
3.016535
1.351575
0.614173
0.244094
0.179134
0.246063
0.102362
0.105118
0.185039
0.251181
0.012598
0.091732
0.175197
0.074803
0.369291
0.399606
0.151575
0.034646
0.354331
0.257874
0.462598
0
0
0
0
0
0
0
0.001969
0
0.029528
0.005906
0.255906
0.247244
0.011811
0.032283
0.008661
0.032283
0.119291
0.017717
0
0
0
0
0
0.012598
0.008661
0
0.005906
0.008661
0
0
0
0.022441
0.005906
0
0
0
0
0
0
0
0
0
0
0
0.12126
0.398425
0
0.114173
0
0
0
0
0.001969
0
0
0
0
0.004724
0.00315
0
0
0
0
0
0
0
0
0
0
0
0
0.001181
0.021654
0
0
0
0
0.058268
0.353543
0.00315
0
0
0.068898
0.179134
0
0
0.036614
0.088583
0.014961
0
0
0.00315
0.038583
0.113386
0.029528
0.18189
0.14252
0.01378
0.023622
0.023622
0
0
0
0
0
0.004724
0
0
0.011024
0
0.001181
0.006693
0.018504
0.054331
0
0
0
0
0
0.001181
0.009843
0
0
0
0
0
0.038583
0.023622
0.077953
0.034646
0.005906
0
0
0
0.009843
0
0.017717
0
0
0
0
0
0
0
0
0
0
0
0
0
0
0.015748
0.207874
0.035433
0.006693
0.124016
0.005906
0
0
0
0
0
0
0
0
0
0
0
0.203937
0.05315
0
0
0
0
0
0
0
0
0
0
0
0
0
0
0.018504
0.170079
0
0
0
0
0
0
0
0.03937
0
0
0
0
0
0
0.024409
0.009843
0.020472
0
0
0
0
0
0.001969
0.003937
0.119291
0.082677
0
0
0
0
0.049213
0.363386
0.034646
0
0
0
0.034646
0.212598
0.307874
0.005906
0
0
0
0
0
0
0.043307
0
0
0
0
0
0
0
0
0
0
0
0
0
0
0
0
0
0
0
0
0
0
0
0
0
0
0
0
0
0
0
0.011024
0.08189
0
0
0
0
0
0
0
0
0.026772
0.03937
0.007874
0
0
0
0
0
0
0
0
0
0
0
0
0
0
0
0
0
0.034646
0.146457
0
0
0.064961
0.153543
0
0.011024
0.179921
0.284252
0.008661
0.031496
0.054331
0.001181
0.136614
0.088583
0.476378
0
0
0.005906
0.046063
0.194094
0.173228
0.113386
0.007874
0
0
0
0
0
0
0.027559
0.134646
0
0.01378
0.00315
0
0
0
0
0
0
0
0
0
0
0
0
0.05
0
0.102362
0.444882
0.087402
0
0.093701
0.59252
0.18189
0.030315
0.122047
0.025591
0.091732
0.609449
1.394488
0.761811
0.689764
0.01378
0.087402
0
0.029528
0.036614
0
0.001181
0.014961
0.035433
0
0
0
0
0
0.004724
0.231496
0.057087
0.004724
0
0
0
0.014961
0.00315
0.058268
0.001181
0.020472
0
0
0.00315
0.052362
0.061024
0.026772
0.001181
0.04252
0.138976
0.011811
0.026772
0.001181
0
0
0
0
0
0
0.012598
0
0.005906
0.012598
0.032283
0.008661
0.035433
0
0.011811
0.019685
0.058268
0.003937
0
0.005906
0.061024
0.090551
0.020472
0.061024
0.240157
0
0
0
0.003937
0.062992
0.055118
0.011811
0.033465
0.116929
0.016929
0.00315
0
0
0
0
0
0
0
0
0
0
0
0
0
0
0
0
0
0
0.044094
0.11811
0.022441
0.055118
0
0
0
0
0
0
0
0
0
0
0
0
0
0
0
0
0
0
0
0
0
0.001969
0.015748
0
0
0
0.027559
0
0
0
0
0
0
0
0
0
0
0
0
0
0
0
0
0
0.040157
0.022441
0.019685
0.143701
0.114961
0.011024
0.038583
0.04252
0
0
0.046063
0.185827
0
0.034646
0
0
0
0
0
0
0.018504
0
0
0
0
0
0
0.048425
0
0
0
0
0
0
0
0.030315
0.034646
0
0
0
0
0
0
0
0.026772
0
0
0
0.02874
0
0
0
0
0
0
0
0
0
0
0
0
0
0
0
0
0
0
0
0.001969
0
0
0
0
0
0
0
0
0
0
0
0
0.001181
0
0.018504
0
0
0
0
0
0
0.027559
0.264567
0
0
0.001969
0
0
0
0
0
0
0
0
0
0
0
0
0
0.00315
0.004724
0
0
0
0.204724
0.281496
0.004724
0
0
0
0
0
0
0
0
0
0
0
0
0
0
0
0
0
0
0
0
0
0.007874
0.023622
0.017717
0
0
0
0
0
0
0.033465
0.049213
0.091732
0.096457
0
0
0
0
0
0
0
0
0
0
0
0
0.03937
0.218504
0.001969
0
0.006693
0.062992
0.270866
0.104331
0.120079
0.037402
0.179134
0.312992
0
0.058268
0.12126
0.630709
0.275591
0.127953
0
0
0.021654
0.024409
0.016929
0.209449
0.084646
0.083465
0.389764
0.614961
0.163386
0.462598
1.336614
0.019685
0.066929
0.04252
0.194094
0.181102
0.017717
0.074016
0.220472
0.064961
0
0
0
0
0
0.001181
0
0.00315
0.011024
0.001969
0.079921
0.011024
0
0
0.023622
0.011024
0
0.031496
0
0
0.041339
0.087402
0
0
0
0
0
0
0.014961
0.085433
0
0
0
0
0
0.072835
0.761811
0.854331
0.088583
0.048425
0.004724
0.148819
0.685039
0.282677
0.31378
0.156299
0.094488
0.029528
0
0
0
0
0
0
0
0
0
0
0
0
0.074016
0.035433
0.046063
0.04252
0.150787
0
0
0
0
0
0
0.009843
0.047244
0
0
0.003937
0.05315
0
0
0
0
0
0
0
0.041339
0.42126
0.240945
0.005906
0.029528
0
0.049213
0.391732
0.014961
0.041339
0.032283
0.016929
0
0.004724
0.036614
0
0
0
0
0.03937
0.022441
0.009843
0.019685
0.00315
0
0.019685
0
0.031496
0.148819
0.015748
0
0.003937
0.02874
0.00315
0
0.016929
0.030315
0.03937
0.054331
0.276772
0.088583
0.035433
0
0
0.02874
0.059055
0.01378
0.03937
0.024409
0.159449
0.005906
0.026772
0.005906
0
0
0
0
0
0
0
0.004724
0.659449
0.305118
0.048425
0.058268
0
0
0
0
0.020472
0
0
0
0
0
0
0
0
0
0
0
0
0.024409
0.204724
0.411417
0.064961
0
0
0.070866
0
0
0
0
0
0
0
0
0
0
0
0
0
0.017717
0.129921
0.299213
0
0
0
0
0
0
0
0
0
0
0
0
0
0
0
0.001181
0
0
0
0
0
0
0
0
0
0
0
0
0
0
0
0
0
0
0
0
0
0
0
0
0
0
0
0
0
0
0
0
0
0
0
0
0
0
0
0
0
0
0
0
0
0
0
0
0
0
0
0.004724
0
0
0
0
0
0
0
0
0
0
0
0
0.004724
0
0
0
0
0
0.008661
0.144488
0.09252
0
0
0.008661
0
0
0
0
0
0
0
0
0
0.014961
0.716535
0.297244
0.066929
0.10315
0
0
0
0
0
0
0
0
0
0
0
0
0
0
0.011811
0.174409
0.021654
0
0.005906
0.069685
0
0.027559
0.09252
0
0
0
0
0
0
0
0
0
0
0.015748
0.046063
0
0
0
0.059843
0.185039
0
0
0.003937
0
0
0
0
0
0
0
0
0
0.026772
0.106299
0.425197
0.012598
0.022441
0.144488
0.116929
0.406299
0.81378
0.108268
0.530709
0
0
0.005906
0.001969
0.001969
0
0
0
0.011024
0.160236
0.60748
0.001969
0
0.021654
0
0
0
0
0
0
0
0
0
0.005906
0.014961
0
0
0
0
0
0
0.046063
0.170079
0.442913
0
0.005906
0.040157
0.564961
0.155512
0.088583
0
0
0
0
0
0
0
0
0.012598
0.03937
0.019685
0.212598
0.086614
0.085433
0
0.009843
0.094488
0.091732
0
0
0
0
0
0
0
0
0
0
0
0
0.014961
0.027559
0.018504
0.079921
0.218504
0.298031
0.356299
0.425197
0
0
0
0
0
0
0
0
0
0.009843
0.045276
0.001181
0.059055
0
0
0
0.003937
0.094488
0.112205
0.059055
0.001181
0.041339
0.198031
0.011024
0
0
0
0
0
0.048425
0.146457
0
0
0
0
0
0
0.036614
0.054331
0
0.009843
0.021654
0.00315
0
0
0
0
0
0
0
0
0
0
0
0.003937
0
0
0
0
0.110236
0
0
0
0
0
0
0
0
0
0.001181
0
0
0
0
0
0
0.025591
0.160236
0.076772
0.112205
0
0
0
0
0.005906
0.085433
0.119291
0.03937
0.004724
0.018504
0.015748
0
0
0
0
0
0
0
0
0.048425
0.011811
0.020472
0.181102
0.007874
0
0
0
0
0
0
0
0
0
0
0
0.007874
0
0
0
0
0
0
0
0
0
0.001969
0
0
0
0
0
0
0
0
0
0
0
0
0
0
0
0
0
0
0
0
0
0
0
0
0
0
0
0
0
0
0
0
0.008661
0.100394
0.029528
0.007874
0
0
0
0
0.076772
0.004724
0.001969
0.005906
0
0.011811
0.08189
0.011811
0.034646
0.019685
0.079921
0.205512
0.014961
0
0
0
0
0.001969
0.107087
0.011024
0
0
0
0
0
0
0
0
0
0
0
0
0
0
0
0
0.029528
0.080709
0
0
0
0.047244
0.030315
0.031496
0
0
0
0
0
0
0
0
0
0
0
0
0
0
0
0
0
0
0
0
0.148819
0.491339
0
0.051181
0.017717
0
0.003937
0
0.032283
0.261811
0
0
0
0
0
0
0
0.001181
0.136614
0.151575
0
0.01378
0.046063
0.035433
0.020472
0.083465
0.021654
0.051181
0.051181
0.109449
0.015748
0.122047
0.393701
0
0.175197
0.189764
0.001181
0.075591
0.224409
0
0
0.064961
0.007874
0.011024
0.205512
0.151575
0
0
0
0.066929
0.175197
0.116929
0.125984
0
0.001969
0.021654
0
0.019685
0.05
0.085433
0.681102
0.208661
0
0.055118
0.144488
0.454724
0.208661
0.062205
0.062205
0.097244
0
0.005906
0.159449
0.29252
0.07874
0.124803
0.364173
0.027559
0.011024
0.005906
0.023622
0.009843
0.026772
0.166142
0.029528
0
0
0.004724
0.114173
0.029528
0
0.048425
0.231496
0.69685
0.627165
0.011811
0.08189
0
0
0.08189
0.870079
1.251969
0.316929
0.199606
0.038583
0.036614
0.251181
0.212598
0.222441
0.049213
0.038583
0.099606
0.04252
0.048425
0.008661
0
0.06378
0.238976
0.035433
0.003937
0.038583
0.096457
0.001969
0.214567
0.026772
0
0.005906
0.015748
0.008661
0
0.001181
0.024409
0.065748
0.011811
0.007874
0.046063
0.054331
0.033465
0.040157
0.001969
0.215354
0.198031
0.011811
0.047244
0
0.003937
0.011024
0.009843
0.003937
0
0.004724
0.001181
0
0
0
0
0
0.014961
0.009843
0
0
0
0
0
0
0
0
0
0
0
0
0
0
0.019685
0.062205
0.038583
0.248031
0.018504
0
0
0.001181
0.001969
0
0.00315
0.011024
0.055906
0.00315
0
0.001181
0.003937
0
0
0
0.005906
0.198819
0.068898
0
0
0
0
0
0
0
0
0
0
0
0
0
0
0
0
0.035433
0.077953
0.325591
0.089764
0
0
0
0.020472
0
0
0
0
0
0
0
0.018504
0.095276
0
0
0
0
0
0
0
0.098425
0.055906
0.029528
0.005906
0.093701
0.190945
0.166142
0.095276
0.023622
0.011024
0
0.075591
0.011811
0
0.033465
0.227559
0.074016
0
0.006693
0.048425
0.041339
0.05
0.017717
0.024409
0.019685
0
0
0
0
0
0
0
0
0
0
0.187008
0.02874
0
0
0
0
0
0
0
0
0
0
0
0
0.005906
0.156299
0
0
0
0
0
0
0
0
0
0
0
0
0
0
0
0
0
0
0
0
0
0
0
0
0
0
0
0
0
0
0
0
0
0
0
0
0
0
0
0
0
0
0
0
0
0
0
0
0
0
0
0
0
0
0.005906
0.027559
0.001181
0.087402
0.036614
0.01378
0.004724
0
0
0
0
0
0
0
0.059055
0.143701
0.01378
0
0
0
0.104331
0.37874
0.097244
0.346457
0
0
0
0.009843
0.248819
0.320866
0.03937
0.003937
0
0
0
0
0
0
0
0
0.01378
0.001969
0
0
0
0
0
0
0.10315
0.501969
0
0
0
0
0
0
0
0
0
0.004724
0.003937
0
0
0
0.001181
0
0
0
0
0
0
0
0
0
0
0
0
0.005906
0
0.001181
0
0.031496
0.194882
0.024409
0.035433
0.301181
1.448819
0.248819
0.338583
0.004724
0.012598
0.012598
0.038583
0.69685
0.832677
1.301181
0.189764
0.89252
0.091732
0.086614
0.048425
0.004724
0
0
0
0
0
0
0.001969
0
0
0
0
0.018504
0.057087
0.074803
0.066929
0.05315
0.190945
0.570079
0.122835
0.716535
0.364173
0.011024
0.058268
0.113386
0.275591
0.913386
0.923228
0.580709
0.018504
0.73622
0.755906
0
0
0.006693
0.001969
0
0
0.02874
0.006693
0
0
0
0
0
0
0
0.084646
0.020472
0
0
0.243307
0.216535
0
0
0
0
0
0
0
0
0
0.00315
0.484252
0.244094
0
0
0
0
0.04252
0.348425
0.06378
0.082677
0.025591
0.075591
0.012598
0.014961
0.072047
0.001181
0
0
0
0
0
0
0
0
0
0
0
0
0
0
0
0
0
0
0
0
0
0.008661
0.005906
0
0.01378
0.045276
0
0.016929
0.04252
0.004724
0.003937
0.018504
0
0.016929
0.038583
0
0
0
0.001969
0.007874
0.01378
0.043307
0.001181
0
0.011811
0
0
0
0
0
0
0
0.001969
0.202756
0.036614
0.047244
0.026772
0.01378
0
0
0
0
0
0
0
0
0
0
0
0
0
0
0
0
0
0
0
0
0.00315
0
0
0.020472
0.016929
0.757087
0.129134
0.21063
0.059843
0
0.017717
0.024409
0.07874
0
0
0
0
0
0
0
0.009843
0.038583
0.066929
0
0
0.014961
0.153543
0
0
0
0
0
0.065748
0.052362
0.017717
0
0
0
0
0
0
0
0
0
0
0
0
0
0
0
0
0
0
0
0
0
0
0
0
0
0
0
0
0
0
0
0
0
0
0
0
0
0
0
0
0
0
0
0
0
0
0
0
0
0
0
0
0
0
0
0
0
0
0
0.023622
0.018504
0.015748
0
0
0
0
0
0
0
0
0
0
0
0
0
0
0
0
0
0
0
0
0
0
0
0
0
0
0
0
0
0
0
0
0
0
0
0
0
0
0
0
0.005906
0.061024
0.041339
0.242126
0.198819
0.408661
0.708661
0.160236
0.107087
0.034646
0
0
0
0
0
0
0
0.004724
0.06378
0.234252
0.100394
0.095276
0.440157
0.363386
0.036614
0.340551
0.085433
0
0
0.001969
0.033465
0
0.035433
0.007874
0
0.015748
0.184252
0.240945
1.01063
0.529528
0.106299
0.791339
0.389764
0.005906
0.282677
0.116142
0.324803
0.540551
0.435827
0.043307
0.014961
0.412598
0.326772
0
0.011024
0
0.006693
0.011024
0.033465
0.227559
0.636614
0.016929
0
0
0.019685
0.046063
0
0
0
0
0
0
0.156299
0.37126
0.007874
0.091732
0.006693
0
0
0
0
0
0
0.01378
0.072047
0.082677
0.036614
0.072835
0.097244
0.224409
0.297244
0.576772
0.65748
0.294094
0.018504
0
0
0.004724
0
0
0
0
0
0
0
0
0
0
0.001181
0.008661
0.114173
0.094488
0
0
0
0
0
0
0
0.001969
0.00315
0.02874
0
0
0.08189
0.047244
0
0.00315
0.075591
0.022441
0.016929
0.05315
0.018504
0.080709
0.089764
0
0
0.008661
0.004724
0.004724
0
0
0
0
0.018504
0.168504
0.516535
0.05
0.036614
0.051181
0.219291
0.016929
0
0
0
0
0.124016
0.322835
0.026772
0.26063
0.332677
0.011024
0
0
0.007874
0
0
0
0
0
0
0.031496
0.127953
0.001181
0.15748
0.084646
0.003937
0
0
0.001969
0
0.025591
0.062992
0.055118
0.014961
0.106299
0.00315
0.006693
0.179134
0.020472
0
0
0
0
0
0
0
0.065748
0.443701
0.047244
0.004724
0
0.097244
0.133071
0
0
0.00315
0.098425
0.195669
0
0
0.015748
0
0
0
0
0
0
0
0
0.145669
0.577953
0.110236
0
0
0.014961
0.124016
0.116142
0
0
0
0
0
0
0
0.004724
0.09252
0
0.001181
0
0
0
0
0.007874
0.080709
0.005906
0
0
0
0
0.005906
0.190945
0.297244
0.019685
0
0
0
0
0
0
0
0
0
0
0
0.032283
0.11811
0
0
0
0
0
0
0
0
0
0
0.035433
0
0
0
0
0
0
0
0
0
0
0
0
0
0
0
0
0
0
0
0
0.011024
0
0
0
0
0
0
0
0
0
0
0
0
0
0
0
0
0
0
0.011024
0.064961
0.005906
0
0
0
0.001969
0
0
0
0
0
0
0
0
0
0
0
0
0
0
0
0
0
0
0.01378
0.055906
0.062992
0.004724
0.043307
0.440157
0.134646
0.003937
0
0
0
0
0
0
0
0
0
0
0
0
0.04252
0.396457
0.001181
0
0
0.062205
0.251969
0
0.049213
0.479528
0.005906
0.01378
0.054331
0.072835
0
0
0.169291
0.015748
0.021654
0.007874
0
0
0
0
0
0
0.188976
0.222441
0.016929
0.054331
0.363386
0.014961
0
0
0
0
0
0
0
0
0.011024
0.146457
0.043307
0.627953
0.19685
0.490157
0.311024
0.07874
0.011024
0.257087
0.188976
0.159449
0.395669
0.199606
0
0.051181
0.208661
0.133071
0.044094
0.109449
0.076772
0.070866
0.134646
0
0
0
0
0
0.037402
0.222441
0.074803
0.23622
0.027559
0.059843
0
0.009843
0.119291
0
0
0
0
0
0
0
0
0.004724
0
0
0
0
0.059055
0.036614
0
0
0.001969
0.03937
0.021654
0.022441
0.175984
1.164567
1.755906
0.52874
0.104331
0.217717
0.037402
0.038583
0
0
0
0.001969
0
0
0.001181
0.008661
0.029528
0
0
0
0
0
0
0
0.004724
0.017717
0.133858
0
0
0
0.001181
0.075591
0.035433
0.15748
0.138976
0.116142
0.031496
0.166142
0.096457
0.647638
0.211811
0.275591
0.57874
0.267717
0.004724
0
0
0
0
0.001181
0.036614
0.052362
0.015748
0.089764
0
0
0
0
0.00315
0
0
0.045276
0.502756
0.068898
0.029528
0.022441
0
0.004724
0
0
0
0.009843
0.120079
0.054331
0.019685
0.027559
0.043307
0.025591
0.006693
0.00315
0
0.022441
0.192126
0.089764
0.035433
0.003937
0
0.011811
0
0
0
0
0
0
0.011024
0.065748
0
0
0.001969
0.026772
0
0
0
0
0
0
0
0
0.188976
0.049213
0
0
0
0
0
0
0
0.098425
0.154331
0.032283
0.003937
0.225197
0.108268
0.00315
0
0
0
0
0
0
0
0
0
0
0
0
0
0
0.122835
0.240945
0.296457
0.173228
0.501969
0.01378
0
0
0
0
0
0
0
0
0
0
0
0
0
0
0
0
0
0
0
0
0
0
0
0
0
0
0
0
0
0
0
0
0
0
0
0
0
0
0
0
0
0.008661
0
0
0
0
0
0.001969
0
0
0
0
0
0
0
0
0
0
0
0
0
0
0
0
0.054331
0.059055
0.105118
0
0
0.001181
0.001969
0
0
0
0
0
0
0
0
0
0
0
0
0.061024
0.023622
0.112205
0
0
0
0
0
0
0
0
0
0
0
0
0
0.001181
0
0.014961
0.005906
0.016929
0
0.024409
0.190945
0.061024
0
0
0
0
0
0
0
0
0
0
0.009843
0.062992
0.218504
0.286614
0.01378
0.005906
0.177165
0.00315
0.031496
0.041339
0.03937
0
0
0
0
0
0
0
0
0.031496
0.033465
0.005906
0
0
0.030315
0.02874
0.122835
0.224409
0.007874
0.012598
0.033465
0.014961
0.015748
0.020472
0.02874
0.008661
0
0
0.007874
0.018504
0.001969
0.030315
0.087402
0.021654
0.026772
0.014961
0
0
0.001969
0.06378
0.015748
0
0.003937
0
0
0.059055
0.46063
0.161417
0.058268
0.238976
0.011024
0
0
0
0.01378
0.154331
0.031496
0
0.007874
0.055118
0.288189
0.376772
0.261811
0.113386
0.229134
0.326772
0.086614
0.174409
0
0.001181
0.153543
0.038583
0
0
0
0
0.015748
0.011811
0.009843
0
0
0
0.008661
0.038583
0.062992
0.29252
0.463386
0.08189
0
0.101575
0.349606
0.036614
0.143701
0.06811
0.025591
0.076772
0
0
0.011024
0.09252
0.024409
0
0
0
0.038583
0.043307
0
0
0
0.069685
0.214567
0.005906
0.031496
0
0.021654
0.140945
0.007874
0.003937
0
0.052362
0.023622
0
0
0
0
0
0
0
0.001181
0.022441
0.006693
0.062205
0.02874
0.04252
0.02874
0.001969
0.034646
0.021654
0.008661
0.021654
0
0.00315
0.012598
0.080709
0.011024
0.012598
0.018504
0.003937
0
0.006693
0.172441
0
0.005906
0.007874
0.088583
0.015748
0
0
0
0
0.001969
0.062992
0.003937
0.166142
0.055906
0.025591
0
0
0
0
0
0
0
0
0
0
0.044094
0.116929
0
0
0.038583
0.135827
0.007874
0.003937
0
0
0
0
0
0
0.00315
0
0
0
0
0
0
0.01378
0.033465
0.017717
0
0
0
0
0
0
0
0
0.097244
0.112205
0
0.011024
0.009843
0
0
0
0
0.015748
0.248819
0.03937
0
0
0
0
0.051181
0.143701
0
0
0
0
0
0
0
0
0
0
0
0
0
0
0
0.006693
0.001181
0
0
0
0
0.023622
0.003937
0
0
0
0
0
0
0
0
0
0
0
0
0
0
0
0
0
0
0
0
0
0
0
0
0.022441
0.047244
0.04252
0.017717
0
0
0
0
0
0
0
0
0
0
0
0
0
0
0
0
0
0
0
0
0
0
0
0
0
0
0
0
0
0
0
0
0
0.043307
0.007874
0
0
0
0
0
0
0
0
0
0
0
0.001969
0
0
0
0
0
0
0
0
0
0
0.004724
0.009843
0.276772
0.166142
0
0.08189
0.151575
0.170079
0.058268
0
0
0
0
0
0
0
0
0
0
0.030315
0.104331
0.001969
0.003937
0
0
0
0
0
0
0
0
0
0.007874
0.184252
0.481496
1.577953
0.52874
0.100394
0.007874
0
0
0.097244
0.007874
0
0.01378
0.006693
0
0.003937
0.179921
0.627165
0.399606
0.161417
0.354331
0.045276
0.215354
0.685039
0.264567
0.150787
0.05
0.029528
0.150787
0.074016
0.098425
0.021654
0.177165
0.052362
0.155512
0.057087
0.148819
0.089764
0.041339
0.054331
0.020472
0.107087
0.22126
0.388976
0
0.006693
0
0.004724
0.025591
0.161417
0
0
0.027559
0.153543
0.156299
0.437795
0.019685
0.025591
0.085433
0.377953
0
0.011811
0.226378
0.215354
0.014961
0.047244
0.032283
0.055906
0.004724
0.202756
0.214567
0.306299
0.016929
0.004724
0
0.008661
0
0
0.001181
0
0
0
0
0
0.014961
0.233465
0.127953
0.498031
1.111417
1.979528
0.26378
0.398425
0.152756
0
0
0
0
0.00315
0
0.019685
0.099606
0
0
0.016929
0.240157
0.027559
0
0.007874
0.032283
0
0
0
0
0
0
0
0.005906
0.011811
0.027559
0.014961
0.085433
0.022441
0.459843
0.219291
0.099606
0.129921
0.069685
0
0
0.011811
0.048425
0.175984
0.423228
0.188976
0.011811
0.005906
0.044094
0.089764
0.124803
0.052362
0
0
0.009843
0.085433
0.034646
0.012598
0.021654
0
0
0.005906
0
0
0
0
0
0
0.007874
0
0.001181
0.23622
0.345276
0.360236
0.306299
0.394488
0.474409
0.004724
0.001181
0
0.065748
0
0
0.026772
0.140945
0.011811
0.012598
0
0
0
0
0
0
0.051181
0.003937
0
0
0.030315
0.151575
0.085433
0.005906
0.001969
0
0
0
0
0
0
0
0
0
0
0
0
0
0
0.001181
0
0
0.01378
0
0.062992
0.062205
0.068898
0.014961
0
0
0
0
0
0
0
0
0
0
0
0
0
0
0
0.008661
0
0
0
0
0
0
0
0
0
0
0
0.006693
0
0
0.005906
0.009843
0
0
0
0
0
0
0
0
0
0
0
0
0
0
0
0
0.003937
0.027559
0.052362
0.074016
0.024409
0
0
0
0
0
0
0.027559
0.025591
0
0
0
0
0
0
0
0
0
0
0
0
0
0
0
0
0.086614
0
0
0
0
0
0
0
0
0
0
0
0
0
0
0
0
0
0
0
0
0
0
0
0
0
0
0
0
0
0
0
0
0
0
0
0
0
0
0
0
0
0
0
0
0
0
0
0
0
0
0
0
0
0
0
0
0
0
0
0
0
0
0
0
0
0
0
0
0
0
0
0
0
0
0
0.008661
0
0
0
0
0
0.016929
0.064961
0.360236
0
0.016929
0.124803
0
0
0
0
0
0.011024
0.275591
0.011811
0.046063
0.007874
0
0
0
0
0
0
0.043307
0.262992
0
0
0.040157
0.049213
0
0.019685
0.062992
0
0.003937
0.004724
0
0
0.015748
0.119291
0.049213
0.32874
0
0.006693
0.004724
0
0
0.024409
0.122835
0.219291
0.055118
0.3
0.204724
0.027559
0.040157
0.004724
0.145669
0.009843
0.222441
0.059055
0
0
0
0.085433
0.482283
0.037402
0.06811
0.141732
0
0
0
0.033465
0.235039
0.687008
0.144488
0.146457
0.359055
0.244094
0.257874
0
0
0
0
0
0
0
0
0
0
0
0
0
0
0.038583
0.01378
0
0.038583
0
0
0.096457
0.114961
0.273622
0.020472
0.172441
0.122047
0.001181
0
0.005906
0.140945
0.124016
0.102362
0.679921
0.215354
0.02874
0.005906
0.062992
0
0.02874
0.645669
0.043307
0
0
0
0
0
0.012598
0.074803
0.003937
0.012598
0.062992
0
0
0.001969
0.02874
0.049213
0.183071
0.007874
0.015748
0
0.006693
0.185039
0
0.003937
0.014961
0.385827
1.244882
0.072835
0.007874
0.336614
0.072835
0.018504
0.138976
0.140945
0
0
0
0
0
0
0
0.003937
0.054331
0.015748
0.029528
0.019685
0.020472
0.101575
0
0.001181
0
0
0.001181
0.077953
0.137795
0
0
0.015748
0.062992
0
0
0.005906
0.031496
0.129921
0.029528
0.001969
0
0
0
0
0
0.032283
0.048425
0.048425
0.084646
0
0
0
0
0.007874
0.065748
0
0
0
0
0
0
0
0.011024
0.006693
0
0
0
0
0
0
0
0
0
0
0
0.062205
0.258661
0
0
0
0
0
0
0
0
0
0
0
0
0
0
0.001181
0.008661
0.061024
0
0
0
0.124803
0.705512
0
0
0
0
0
0.032283
0.032283
0.018504
0
0
0
0
0
0
0
0
0
0.06378
0
0.017717
0.388976
0
0
0
0
0
0
0
0
0
0
0
0
0
0
0
0
0
0
0
0
0
0
0
0
0
0
0
0
0
0
0
0
0.06811
0.100394
0
0
0
0
0
0
0
0.001969
0.01378
0.074803
0
0
0
0
0
0
0
0
0
0
0
0
0
0
0
0.13189
0.114173
0
0
0
0
0
0
0
0
0
0
0
0
0
0
0
0
0
0
0
0
0.014961
0.377953
0.036614
0.019685
0.065748
0.057087
0.059055
0
0
0
0
0
0.04252
0
0
0.007874
0.044094
0.099606
0.006693
0.059055
0.597638
0.501181
0.151575
0.084646
0.061024
0.284252
0
0
0
0
0
0.012598
0.023622
0.085433
0
0.06811
0.402756
0
0
0.004724
0.231496
0.492913
0.027559
0.007874
0
0.001181
0.014961
0.004724
0.007874
0
0
0
0.016929
0.035433
0.014961
0.015748
0.190945
0.174409
0.00315
0
0.641732
0.53937
0.016929
0
0
0
0
0.094488
0.312205
0.098425
0
0.001969
0
0
0.006693
0
0
0.006693
0.049213
0.215354
0.011024
0
0.066929
0.00315
0.046063
0.014961
0.052362
0.016929
0
0.006693
0.090551
0.194094
0.087402
0.009843
0.037402
0.265748
0.03937
0.006693
0.066929
0.072047
0.122047
0.031496
0
0
0
0
0
0
0
0.004724
0.015748
0
0.009843
0
0
0
0
0
0
0
0
0
0
0
0
0
0
0
0
0
0.005906
0.108268
0.025591
0.091732
0.179134
0.049213
0.057087
0.366142
0
0
0
0
0.043307
0.311024
0.471654
0.098425
0.455512
0.388976
0.032283
0.009843
0
0
0
0
0.023622
0.045276
0
0
0
0
0
0
0
0
0
0.048425
0.05315
0
0
0.003937
0.007874
0.076772
0.00315
0.012598
0.004724
0.033465
0
0.023622
0.259843
0.00315
0
0
0
0.001181
0
0.03937
0.138976
0.011811
0.007874
0.00315
0.008661
0
0.008661
0.019685
0.001181
0.030315
0.018504
0
0
0.00315
0.011024
0.031496
0.074803
0.005906
0
0
0
0
0
0
0.076772
0
0
0
0
0
0.029528
0.027559
0.055118
0
0
0
0
0
0
0
0
0
0
0
0
0
0
0
0
0
0
0
0.021654
0.055906
0
0.014961
0.098425
0
0
0
0
0
0.036614
0.005906
0.006693
0
0
0
0
0
0
0
0
0.022441
0.026772
0
0
0
0
0
0
0
0
0.018504
0
0
0
0
0
0
0
0
0
0
0.038583
0.114961
0
0
0
0.018504
0.161417
0
0.001181
0
0
0
0
0
0
0
0
0.001181
0.001969
0
0.091732
0.919291
0.004724
0.127953
0.023622
0.024409
0.109449
0.011811
0
0
0
0
0
0.06811
0.280315
0.316929
0.037402
0.017717
0.046063
0.030315
0
0
0.173228
0.001969
0.074803
0.016929
0
0
0
0
0
0
0
0
0
0
0.001181
0
0
0
0
0
0
0
0.007874
0.007874
0.212598
0.247244
0.009843
0
0
0.040157
0
0
0
0
0
0
0
0
0
0
0.033465
0.185039
0
0
0
0
0
0
0
0
0
0
0
0
0
0
0
0
0
0
0
0
0.005906
0.004724
0.044094
0
0
0
0.001969
0.003937
0
0
0
0
0
0
0
0
0
0
0
0
0
0.040157
0.451969
0.188976
0
0
0
0
0
0
0
0
0.001969
0
0
0
0
0
0
0
0
0
0
0
0
0
0.074016
0.10315
0
0
0
0
0
0
0
0
0
0
0
0
0
0
0
0.014961
0
0.011024
0
0.064961
0
0.048425
0.101575
0.612992
0.175984
0.005906
0.008661
0
0
0
0
0.008661
0.026772
0.125984
0.004724
0
0
0
0
0
0
0
0
0
0
0
0
0
0
0
0
0.001969
0.009843
0
0
0
0
0
0
0
0
0
0
0
0
0
0
0
0
0
0
0
0.140945
0.282677
0.012598
0.124016
0.022441
0
0
0.032283
0.094488
0.023622
0.019685
0.096457
0
0
0
0.025591
0.064961
0.154331
0.008661
0.008661
0.045276
0.008661
0.014961
0
0
0.00315
0.001969
0.001181
0
0
0.034646
0.151575
0.011024
0.00315
0
0.031496
0.006693
0.018504
0
0.003937
0.015748
0
0
0
0
0
0.003937
0.052362
0.011811
0
0
0.00315
0
0
0
0
0
0
0
0
0
0
0
0
0.036614
0.031496
0
0
0
0.038583
0.082677
0.225197
0.129134
0.020472
0.023622
0.019685
0.052362
0
0.14252
0.141732
0.201575
0.064961
0.020472
0
0.048425
0.116929
0.058268
0.047244
0
0
0
0.290551
0.425984
0
0.018504
0.310236
0
0
0
0
0
0
0
0
0
0
0
0.044094
0.017717
0.391732
0.093701
0.07874
0.102362
0.004724
0.04252
0
0
0.109449
0.025591
0.017717
0
0
0
0
0
0
0
0
0
0
0.02874
0.049213
0
0
0
0
0
0
0
0
0
0
0
0
0
0
0
0
0
0
0
0
0
0
0
0.011024
0
0
0
0
0
0
0
0.007874
0
0
0
0.023622
0.106299
0
0
0
0
0
0
0
0
0
0
0
0
0.007874
0
0
0.001969
0.102362
0.119291
0
0
0
0
0
0
0
0
0
0
0
0
0
0
0
0
0
0
0
0
0.007874
0.206693
0.085433
0.06378
0.080709
0.009843
0
0
0.032283
0.298031
0
0
0.110236
0.570866
0.681102
0
0
0
0
0
0
0.040157
0
0
0
0
0
0
0
0
0
0
0
0
0
0
0
0
0.066929
0.077953
0.738976
0.005906
0
0
0.110236
0.024409
0
0.009843
0.012598
0
0.029528
0.104331
0.015748
0
0
0
0
0.034646
0.007874
0.012598
0
0
0
0.001969
0
0
0.094488
0.894882
0.394488
0.116929
0.226378
0.355118
0.345276
0.057087
0
0.001969
0
0.001181
0.023622
0.243307
0.085433
0.001969
0.020472
0.00315
0
0.00315
0.049213
0.744882
0.017717
0.742126
1.312205
0.377953
0.160236
0.440945
0.024409
0
0
0
0.040157
0.192913
0.00315
0
0.065748
0.545276
0.00315
0.131102
0.21378
0.011024
0.046063
0.027559
0
0.111417
0.312992
0.069685
0.00315
0.079921
0.425197
0.043307
0.029528
0.021654
0.01378
0.059055
0.641732
0.139764
0.122835
0.087402
0.001969
0.006693
0.062992
0.015748
0
0
0.001969
0
0
0
0
0
0
0.141732
0.029528
0.138976
0.012598
0.031496
0.033465
0.584646
0.069685
0.109449
0
0
0
0
0.012598
0.015748
0.018504
0.127953
0.083465
0
0
0
0
0
0
0
0
0
0
0.001969
0.047244
0.006693
0.06378
0.188976
0.005906
0.046063
0.455512
0.110236
0.00315
0.018504
0.059843
0.007874
0
0
0
0
0
0
0
0.055118
0.184252
0.101575
0.00315
0
0
0
0
0.005906
0.011024
0.058268
0.12126
0
0.040157
0.151575
0.138976
0.168504
0.001969
0
0
0
0
0
0
0
0.064961
0.038583
0
0
0.070866
0.040157
0.054331
0
0
0.018504
0.072047
0.025591
0
0
0.015748
0.107087
0
0
0
0
0
0
0
0.049213
0.024409
0.004724
0
0
0
0.049213
0.278346
0
0
0
0
0.072835
0.032283
0
0.008661
0.069685
0.107087
0
0
0
0
0
0
0
0
0
0.054331
0
0
0
0
0.001969
0.030315
0.007874
0
0.061024
0
0
0
0.144488
0.055906
0.008661
0
0
0
0.194094
0.227559
0
0
0.023622
0.403543
0.639764
0.114961
0.030315
0.096457
0
0
0
0
0.059055
0
0
0
0
0
0
0
0
0
0
0
0
0
0
0
0
0
0.001181
0.00315
0.075591
0
0
0
0
0
0
0
0
0.003937
0
0
0
0
0
0
0
0
0
0.001969
0
0
0
0
0
0.435039
0.560236
0
0.01378
0.139764
0
0
0
0.008661
0.093701
0
0
0
0.006693
0.164567
0.527559
0.357087
0.311024
0.009843
0.188976
0.143701
0
0.012598
0.057087
0
0
0.001181
0.051181
0.014961
0
0
0
0
0
0
0
0
0
0
0
0
0
0
0
0
0
0
0
0
0
0
0
0
0
0
0
0
0
0
0
0
0
0
0
0
0
0
0
0.018504
0.026772
0
0
0
0
0.00315
0.001969
0
0
0
0
0
0
0
0
0
0
0.00315
0.001181
0
0.049213
0.138976
0.07874
0
0
0
0
0
0
0.049213
0.372047
0.385827
0.109449
0.235039
0
0.00315
0.08189
0.152756
0
0
0
0.016929
0.014961
0.144488
0.008661
0
0.00315
0
0.007874
0.181102
0
0
0
0
0.012598
0.035433
0
0
0
0
0
0
0
0
0
0
0
0
0
0
0.04252
0.046063
0.016929
0.854331
0.894882
0.120079
0.025591
0.049213
0
0
0
0
0
0
0
0
0
0.016929
0
0
0.022441
0.004724
0.00315
0
0
0
0
0.012598
0
0.027559
0.008661
0
0.003937
0.011811
0.018504
0.059843
0.144488
0.557087
0.105118
0.027559
0.062205
0.015748
0.111417
0.001181
0.151575
0.090551
0.061024
0.104331
0.04252
0.001969
0.026772
0.06378
0.386614
0.016929
0.023622
0.059055
0.011024
0.012598
0
0
0
0
0
0
0
0
0.006693
0.107087
0.181102
0.034646
0.057087
0.009843
0
0.017717
0.023622
0
0
0.001181
0.001969
0.021654
0.064961
0.001181
0
0
0
0
0
0
0.011811
0.074016
0
0.008661
0.017717
0.125984
0.134646
0.020472
0
0.001181
0.00315
0.194882
0.06378
0
0
0
0.031496
0.156299
0.133858
0.034646
0
0.009843
0.009843
0
0
0.026772
0.36811
0
0
0.07874
0.535433
0.494882
0.271654
0.035433
0.02874
0
0
0
0
0
0
0
0
0
0
0
0
0
0.007874
0.015748
0
0
0
0
0
0
0
0
0
0
0
0
0
0
0
0
0
0
0
0
0
0.00315
0.12126
0.101575
0
0
0
0
0
0
0
0
0
0
0
0
0
0
0
0
0
0
0.00315
0
0.075591
0.011811
0.003937
0
0
0
0
0
0
0
0
0
0
0
0
0
0
0
0
0
0
0
0
0
0
0
0
0
0
0
0
0
0
0
0
0
0.054331
0
0
0
0
0
0.074016
0.205512
0
0
0
0
0
0
0.016929
0.105118
0.188189
0.014961
0
0.02874
0.080709
0.004724
0
0
0
0
0
0
0
0
0
0
0
0
0
0
0
0
0
0
0
0
0.035433
0.167323
0
0
0
0
0
0
0
0
0
0
0
0.001181
0.011811
0
0
0
0
0.011024
0.309055
0.185039
0
0.021654
0.275591
0.240157
0.620866
0.101575
0.027559
0.029528
0.34252
0.967717
0
0.100394
0.104331
0.048425
0.315748
0.019685
0
0.13189
0.144488
0.058268
0.007874
0
0
0
0
0
0
0
0
0
0.040157
0.529528
0.52874
0.032283
0.043307
0
0
0.325591
0.332677
0.381102
0.333858
0.018504
0.021654
0
0
0
0.037402
0.849606
0.011024
0.111417
0.034646
0
0
0
0.011811
0
0
0
0
0
0
0
0
0.001181
0.016929
0.147638
0.152756
0.029528
0.203937
0.344488
0.074803
0
0
0
0.005906
0.297244
0.040157
0.015748
0
0
0.023622
0.226378
0
0
0.004724
0.145669
0.011811
0.310236
1.32874
0.818898
0.524409
0.011024
0.183071
0.058268
0
0
0
0
0
0
0
0
0
0
0
0
0
0.020472
0.003937
0.124016
0.478346
0
0.022441
0.041339
0
0
0
0
0
0
0
0.011811
0.027559
0.058268
0.675197
0.17126
0.271654
0.083465
0.059843
0.029528
0
0.00315
0
0.11811
0.054331
0.087402
0.00315
0
0.011811
0.133071
0.009843
0.062992
0
0
0
0
0.005906
0.018504
0.006693
0.068898
0.302362
0.019685
0
0.07874
0.025591
0.004724
0.10315
0.015748
0
0
0.004724
0.015748
0.01378
0
0
0
0
0.017717
0.003937
0
0.005906
0.003937
0.07874
0.089764
0
0.037402
0.051181
0
0
0
0
0
0
0
0
0
0.008661
0.404331
0.079921
0
0
0
0
0
0
0
0
0
0
0
0
0
0.001969
0.038583
0
0.011024
0.324803
0.247244
0
0
0.023622
0
0
0
0
0
0
0
0
0.001969
0.016929
0.040157
0.003937
0
0.001181
0.009843
0
0
0
0
0.036614
0.223622
0.153543
0.314961
0.005906
0
0
0
0
0.045276
0.322835
0.075591
0
0
0
0
0
0
0
0
0
0
0
0
0.030315
0
0
0
0
0
0.006693
0
0
0
0
0
0
0
0
0
0
0
0
0
0
0
0
0
0
0
0
0
0
0
0
0
0.012598
0.025591
0
0
0
0
0
0
0
0
0
0
0
0
0
0
0
0
0
0
0
0
0
0
0
0
0
0
0
0
0
0
0
0
0
0
0
0
0
0
0
0
0
0
0.04252
0
0
0
0
0
0
0.133858
0.201575
0
0.072047
0
0
0
0
0
0
0.005906
0
0
0
0
0
0
0
0
0
0
0
0
0
0.058268
0.437795
0.083465
0.054331
0
0
0
0
0
0
0
0
0
0.02874
0.150787
0.137795
0
0
0
0
0
0.015748
0
0
0
0
0.020472
0.31378
0.022441
0
0
0
0
0.001969
0.089764
0
0
0
0
0
0
0.089764
0.411417
0.108268
0.016929
0
0
0
0
0.034646
0.043307
0.315748
1.135827
0.688189
0.329921
0.011811
0.047244
0
0
0
0
0
0
0
0
0
0
0
0
0.004724
0.043307
0.248819
0
0.00315
0.022441
0.119291
0.025591
0.297244
0.00315
0
0
0
0
0
0.009843
0
0
0.00315
0
0
0
0
0
0
0
0
0
0.10315
0.009843
0
0
0
0.009843
0.214567
0.324016
0.020472
0.006693
0.131102
0.31378
0.185827
0.085433
0.018504
0
0
0
0
0
0.068898
0
0
0
0
0.030315
0.151575
0.001181
0.267717
0.352362
0.003937
0.258661
0.00315
0.009843
0.183071
0.036614
0
0
0.011024
0.254724
0.036614
0.01378
0.009843
0
0
0
0.068898
0.261811
0.005906
0
0
0
0
0
0
0.007874
0.009843
0
0.016929
0.054331
0
0
0.014961
0.008661
0
0.030315
0
0.008661
0.222441
0.036614
0.015748
0.004724
0.037402
0
0.011811
0.097244
0.003937
0.007874
0
0
0
0
0.006693
0
0
0
0
0
0
0
0
0
0.034646
0.288189
0.059843
0.001969
0
0
0.014961
0.179921
0.203937
0
0
0
0
0
0
0
0
0.001181
0
0
0
0
0
0
0
0.011024
0.009843
0.077953
0.074803
0.023622
0.327559
0.55315
0
0
0
0.018504
0.101575
0.087402
0
0
0
0.004724
0
0
0.001969
0
0
0
0.001181
0.036614
0.015748
0.031496
0
0
0.001181
0.06811
0.096457
0
0
0
0
0
0
0
0
0
0
0
0
0
0
0
0
0
0
0
0
0
0
0.01378
0.003937
0
0
0
0
0
0
0
0
0
0
0
0
0
0
0
0
0
0
0
0
0
0
0
0
0
0
0
0
0
0
0
0
0
0
0
0
0
0
0
0
0
0
0
0
0
0
0
0
0
0
0
0
0
0
0
0
0
0
0
0
0
0
0
0
0
0
0
0
0
0
0
0
0.005906
0
0
0
0
0
0
0.022441
0.244094
0.375984
0
0
0
0.008661
0.14252
0
0
0.055118
0.278346
0.325591
0.00315
0.161417
0.481496
0.035433
0
0
0
0
0
0
0
0
0
0
0
0
0
0
0
0.126772
0.401575
0.094488
0.01378
0
0
0
0
0
0
0
0
0
0
0.024409
0.109449
0.455512
0.248819
0.558268
1.2
1.070866
0.194094
0
0.009843
0.137795
0.420472
0.037402
0.390945
0.200787
0.017717
0.129921
0.003937
0
0.001181
0.038583
0.269685
0.022441
0.018504
0.012598
0.402756
0.693701
0
0
0.216535
0.045276
0.015748
0.089764
0.201575
0.145669
0.359055
0.019685
0.074016
0.684252
1.855118
0.730315
0.136614
0.005906
0.016929
0.015748
0.080709
0.507874
0.054331
0.085433
0.562992
0.137795
0.286614
0.164567
0.278346
0.065748
0.122047
0.014961
0
0
0
0
0
0
0
0
0
0
0
0.029528
0.155512
0.006693
0.019685
0.069685
0.061024
0.011811
0.018504
0.029528
0.370079
0.101575
0.06811
0
0
0
0
0
0
0
0
0
0.006693
0
0
0
0
0.001969
0.487402
0.714567
0.167323
0.275591
0
0.061024
0.298031
0.501181
1.077953
0.004724
0
0
0
0.02874
0.014961
0.190945
0.240945
0.059843
0.022441
0
0.007874
0
0.00315
0
0.015748
0.15748
0.048425
0
0.011024
0.153543
0.001969
0.022441
0.00315
0.016929
0.02874
0
0
0
0
0
0
0.001969
0.043307
0.150787
0.041339
0.135827
0.212598
0.011811
0.069685
0.024409
0.011811
0.038583
0.029528
0.015748
0
0.003937
0.072047
0.095276
0
0.051181
0.027559
0
0
0
0
0
0
0
0
0
0
0
0
0
0
0
0
0
0
0
0
0
0
0
0.001181
0
0
0.004724
0
0
0
0
0.012598
0.088583
0
0
0
0
0
0
0
0
0
0
0
0
0
0.024409
0
0
0.00315
0.222441
0.001181
0
0
0
0
0
0.006693
0.014961
0.005906
0
0
0
0
0.00315
0.226378
0.185039
0.054331
0
0
0.089764
0.122835
0.111417
0.045276
0.301181
0.105118
0.033465
0.106299
0.094488
0.001969
0
0
0.01378
0.12126
0.018504
0
0
0
0
0
0
0
0
0
0
0
0
0
0
0
0
0
0
0
0
0
0
0
0
0
0
0
0
0
0
0
0
0
0
0
0
0
0
0
0
0
0
0
0
0
0
0
0
0
0
0.079921
0.126772
0.015748
0
0
0
0.006693
0
0
0
0
0
0.004724
0.004724
0.004724
0.005906
0.00315
0
0
0
0.05315
0.203937
0.206693
0.004724
0
0
0.004724
0
0.029528
0.07874
0.066929
0.029528
0.030315
0
0
0
0
0.018504
0
0.448031
0.266929
0
0
0
0
0
0
0
0
0.001181
0
0
0
0.015748
0.033465
0.322047
0.021654
0.156299
0.047244
0.14252
0.003937
0.093701
0.740157
0.172441
0
0
0
0
0
0.019685
0.027559
0
0
0
0
0
0
0
0
0
0.037402
0.425197
0.511811
0.216535
0.032283
0.026772
0
0.001969
0.003937
0
0.001969
0.057087
0.218504
0.402756
0.265748
0.124016
0.572835
0.020472
0
0.059843
0.015748
0
0
0
0
0
0.200787
0.021654
0.099606
0.620079
1.318898
1.133858
0.090551
0.099606
0.352362
0.627953
0.458661
0.216535
0.006693
0.018504
0.021654
0.027559
0
0
0
0
0
0.004724
0.011024
0
0
0
0
0
0
0
0
0
0
0
0.097244
0.165354
0.027559
0.055118
0.25
0.019685
0.064961
0.045276
0.05315
0.134646
0.166142
0.284252
0.298031
0.00315
0
0
0
0
0
0
0
0
0.107087
0.188189
0.200787
0.576772
0.429134
0.148819
0.166142
0.037402
0.166142
0.363386
0.124016
0.133071
0.357087
0
0.018504
0.098425
0.084646
0.041339
0.12126
0.160236
0.077953
0.04252
0.177165
0.21378
0.004724
0.011024
0.037402
0.032283
0.004724
0.024409
0.00315
0.019685
0.069685
0.119291
0.248819
0.223622
0.058268
0.011811
0
0.032283
0.001181
0
0.001969
0.046063
0.094488
0.014961
0.044094
0.02874
0.037402
0.162205
0
0.218504
0.561024
0.079921
0.014961
0.077953
0.021654
0.020472
0
0
0
0
0.011024
0.003937
0
0
0.005906
0
0
0
0
0
0.018504
0.030315
0.029528
0.009843
0.046063
0.09252
0.05315
0.046063
0.003937
0.02874
0.007874
0.146457
0.004724
0
0
0.055906
0.315748
0.097244
0.00315
0.037402
0.003937
0
0
0
0.009843
0
0
0
0
0
0
0
0
0
0
0
0
0
0
0.047244
0.015748
0
0.007874
0.001181
0
0
0
0
0
0.006693
0.074803
0
0.286614
0.037402
0
0
0
0
0
0
0
0
0
0
0
0
0
0
0
0.140945
0
0
0
0.070866
0
0
0
0
0
0.027559
0
0
0
0
0
0
0
0
0
0.106299
0
0
0
0
0
0
0
0
0
0
0
0
0
0
0
0
0
0
0
0
0
0
0
0
0
0
0.026772
0
0
0
0
0
0
0
0.058268
0.351575
0.90748
0
0.021654
0.018504
0
0.015748
0.179134
0.298031
0.001969
0
0
0
0
0
0
0
0
0
0
0
0
0
0
0
0
0
0
0
0
0
0.253937
0.204724
0
0
0
0
0
0
0
0
0
0
0
0
0
0
0.026772
0.070866
0
0
0
0
0
0
0
0
0
0
0
0
0.07874
0.52874
0
0
0
0
0
0.006693
0.046063
0.163386
0.431102
0.03937
0.017717
0.075591
0.022441
0.355118
0
0.024409
0.198031
0.15748
0.104331
0.361417
0.383071
0.003937
0.018504
0.385827
0.288189
0.047244
0.352362
0.070866
0
0.166142
0.546457
0.251969
0.038583
0.001969
0
0.054331
0
0.026772
0.170079
0.324016
0.599606
0.045276
0.114961
0.598425
0.423228
0.219291
0.153543
0.215354
0.259843
0.26378
1.031496
0.660236
0.06811
0.138976
0.059843
0.030315
0.052362
0.047244
0.034646
0
0.11811
0.227559
0.098425
0.175197
0.165354
0.027559
0.165354
0.179134
0
0
0
0
0
0
0
0
0
0.003937
0.055118
0.011811
0
0
0
0.018504
0
0
0
0
0.016929
0.10315
0.020472
0.022441
0.020472
0
0
0
0
0
0
0
0
0
0
0
0
0
0
0.016929
0.122047
0.018504
0.17126
0.165354
0.651575
0.072835
0.25
0.122835
0.009843
0
0.032283
0.133858
0.264567
0
0.07874
0.041339
0
0
0
0
0.001969
0.011024
0.015748
0
0
0
0
0
0.011811
0.019685
0.003937
0
0.040157
0.235039
0.036614
0.06378
0.090551
0.188976
0.012598
0.003937
0.012598
0.116929
0
0
0
0.097244
0.158661
0.019685
0.01378
0
0.061024
0.254724
0.011024
0
0.036614
0.122047
0.13189
0.008661
0.045276
0.112205
0.021654
0.055906
0.001969
0.006693
0
0
0
0.001969
0.001969
0.06378
0.110236
0.017717
0
0
0.001181
0.026772
0.007874
0.009843
0
0
0.017717
0.169291
0.041339
0.01378
0.086614
0.011811
0.001181
0
0
0
0
0.044094
0.177165
0
0.001969
0.018504
0
0
0
0
0
0
0
0.054331
0.011811
0
0
0
0
0
0.022441
0
0
0
0
0.025591
0.170079
0.062205
0.229134
0.072835
0
0.005906
0
0
0.015748
0
0
0
0
0
0
0
0.01378
0
0
0
0
0
0
0
0
0
0
0
0
0
0
0
0
0
0
0
0
0
0
0
0
0
0
0
0.001181
0.001181
0
0.01378
0
0.007874
0.001181
0.01378
0
0
0.016929
0
0
0
0
0
0
0.011024
0
0
0
0
0
0
0
0
0
0
0
0
0
0
0
0
0
0
0
0
0
0
0
0
0.183071
0.319685
0.32874
0
0
0
0
0
0
0
0
0
0
0
0
0
0.047244
0
0
0
0.004724
0.085433
0.072047
0
0
0
0
0
0
0
0
0
0.019685
0
0
0
0
0
0
0
0.034646
0.26378
0.167323
0.297244
0.057087
0.046063
0.016929
0.030315
0.332677
0.119291
0.238189
0.17126
0.044094
0.011811
0
0
0
0.035433
0.087402
0.030315
0.307087
0.024409
0.003937
0.003937
0.189764
0.620079
0.100394
0.044094
0.038583
0.169291
0.062992
0.110236
0.122047
0.204724
0.570866
0.098425
0.129134
0.023622
0.024409
0.015748
0.029528
0.160236
0.124803
0.557087
0
0.173228
0.109449
0.405512
0.007874
0
0.479528
0.271654
0.062992
0.026772
0.001181
0.126772
0.144488
0
0
0
0
0.021654
0.043307
0.291339
0.048425
0.124016
0.011024
0.005906
0.327559
0.035433
0.079921
0.269685
0
0
0
0
0
0
0
0
0
0
0.037402
0.116142
0
0
0
0
0
0
0
0.006693
0.006693
0
0
0
0
0
0
0
0
0
0
0
0
0
0
0
0
0
0
0.012598
0.038583
0.001181
0.035433
0.016929
0.084646
0.066929
0.025591
0
0.011024
0.001181
0.425197
0.719291
0.036614
0.015748
0.366142
0.009843
0
0
0
0
0
0
0.049213
0.048425
0
0
0
0
0
0
0
0.009843
0.009843
0.007874
0.062205
0.033465
0.030315
0.057087
0.061024
0.023622
0
0
0
0
0
0
0
0
0
0
0
0.006693
0
0.001181
0.012598
0.116142
0.033465
0.125984
0.11811
0.111417
0
0.001181
0
0
0
0
0
0
0
0
0
0
0
0
0
0
0
0.017717
0.00315
0
0.06811
0.022441
0.009843
0.040157
0.014961
0.001969
0.001181
0
0
0
0
0
0
0
0
0.008661
0
0
0.009843
0.029528
0.018504
0
0.011024
0.001181
0
0
0
0
0.022441
0.100394
0
0
0
0
0
0.00315
0
0
0
0.075591
0.440945
0.096457
0.100394
0.254724
0.341732
0.020472
0.012598
0.014961
0.001969
0
0.058268
0
0
0
0
0
0
0
0
0
0
0
0
0
0
0
0
0
0
0
0
0
0
0
0
0
0
0
0
0
0
0
0
0
0
0
0
0
0
0
0
0
0
0.001969
0
0
0
0
0
0
0
0.178346
0.014961
0.201575
0.346457
0.02874
0
0
0
0
0
0
0
0
0
0
0
0
0
0
0
0.007874
0.064961
0
0.02874
0
0
0
0
0
0
0
0
0
0
0
0.129134
0.065748
0
0
0.004724
0.02874
0.580709
0.316929
0.389764
0.074803
0
0.00315
0.174409
0.30315
0
0.007874
0.019685
0
0
0
0
0
0
0
0
0
0
0
0
0
0
0
0
0
0
0.007874
0.01378
0
0
0
0.06378
0.01378
0
0
0
0
0
0
0.065748
0.240157
0.509843
0.240945
0
0.001969
0.023622
0.001181
0.007874
0.086614
0
0.048425
0
0
0
0
0.011024
0.009843
0
0.005906
0.049213
0.185827
0.179921
0.004724
0
0
0.026772
0.109449
0.065748
0.116142
0.032283
0.001181
0.029528
0.025591
0.015748
0.069685
0.204724
0
0
0.099606
0.40748
0.061024
0.008661
0.279528
0.232283
0
0.034646
0.175984
0.129134
0.257087
0.020472
0
0
0
0
0
0
0
0
0
0
0
0
0
0
0
0
0
0
0
0
0
0
0
0.057087
0.031496
0.064961
0.035433
0.061024
0
0.011811
0.068898
0.005906
0
0
0
0
0.016929
0.275591
1.061024
0.224409
0.02874
0.179134
0
0.006693
0.06378
0.077953
0
0
0
0.029528
0.104331
0.06811
0.091732
0.038583
0.093701
0.311024
0.099606
0.065748
0
0
0
0
0
0
0.020472
0.268504
0.229134
0.396457
0.448819
0.553937
0.806299
0.601181
0.499213
0.187008
0.046063
0.07874
0.004724
0
0
0.015748
0
0
0
0.003937
0
0
0.007874
0.496063
0.307874
0.037402
0.008661
0.019685
0.038583
0.089764
0.072835
0.003937
0.007874
0.001969
0
0
0
0
0
0.003937
0.014961
0.031496
0
0
0
0
0
0
0
0.027559
0.018504
0
0
0
0
0.090551
0.069685
0
0
0.006693
0.059843
0
0
0.003937
0.043307
0.156299
0
0
0
0
0.003937
0
0.00315
0.022441
0.005906
0.020472
0.003937
0.004724
0
0.097244
0.205512
0.307874
0.085433
0.235039
0.022441
0
0
0.032283
0.001969
0
0
0
0
0
0
0
0
0
0.05315
0.098425
0.031496
0
0
0
0
0
0
0
0.077953
0.052362
0.120079
0.017717
0.01378
0
0.038583
0.353543
0.065748
0
0
0
0
0
0.079921
0
0
0
0.007874
0.048425
0
0
0
0
0
0
0
0
0
0
0.105118
0
0
0
0.009843
0.003937
0
0
0
0
0
0
0
0
0
0
0
0
0
0
0
0
0
0
0
0
0
0
0
0.001969
0
0
0
0
0
0
0
0
0.016929
0
0
0
0
0.008661
0
0
0
0
0
0
0
0
0
0
0
0
0
0
0
0
0
0
0
0
0
0
0
0
0
0
0
0
0
0
0
0
0
0.01378
0.090551
0.165354
0.38189
0.12126
0.359055
0.076772
0.02874
0.011024
0.026772
0.290551
0.127953
0.291339
0.090551
0.011024
0.004724
0.011811
0
0
0
0
0
0
0
0
0
0
0
0
0
0
0.01378
0.069685
0.119291
0.007874
0
0
0
0
0
0
0.023622
0.046063
0.329921
0.03937
0.388976
0.031496
0
0
0
0
0
0.001181
0.05315
0.248819
0.037402
0.062992
0
0
0
0
0.01378
0
0
0.001969
0.007874
0.029528
0.179921
0.324016
0.273622
0.007874
0.133858
0.004724
0
0
0.347244
0.061024
0
0
0
0
0.049213
0.136614
0.040157
0
0
0
0
0
0.003937
0.052362
0.012598
0
0
0
0.134646
0.021654
0.005906
0.12126
0.172441
0.020472
0.080709
0
0.011024
0
0.014961
0.020472
0.048425
0.215354
0.810236
0.101575
0.419291
0.011811
0
0.001969
0
0
0
0
0
0.031496
0.015748
0.01378
0
0
0
0
0
0
0
0.01378
0.152756
0.280315
0.399606
0
0.175197
0.363386
0.018504
0.109449
0.038583
0.072835
0.33189
0.025591
0
0
0
0
0
0.001181
0.038583
0.091732
0.038583
0.163386
0.06811
0.045276
0.012598
0.015748
0.020472
0
0.006693
0.012598
0.029528
0.062992
0
0
0
0
0
0
0
0
0
0.032283
0.019685
0.001181
0.043307
0.003937
0.005906
0.129921
0.111417
0.079921
0.155512
0.015748
0.008661
0.074016
0.062992
0.003937
0
0
0.046063
0.108268
0
0
0
0
0
0
0
0
0
0.035433
0.021654
0.004724
0
0
0
0
0
0.007874
0.006693
0
0
0
0
0
0.017717
0.001969
0
0
0
0
0
0
0
0
0
0.001969
0
0.062992
0.372047
0
0
0
0
0
0.02874
0
0
0
0
0
0
0
0
0
0
0
0
0
0.001181
0
0.051181
0.150787
0.074803
0
0
0
0
0.02874
0.122835
0
0
0
0
0
0
0.029528
0.054331
0.025591
0.001181
0
0
0
0.133071
0.400787
0.012598
0
0
0
0.006693
0
0
0
0
0
0
0
0.034646
0
0.003937
0.02874
0.095276
0.022441
0
0
0
0
0
0
0
0
0
0
0.003937
0
0.001181
0.698819
0.189764
0.03937
0.011024
0.401575
0.074803
0.004724
0
0
0
0
0
0
0
0
0
0
0
0
0
0
0
0
0
0
0
0
0
0
0
0
0
0
0
0
0
0
0
0
0
0
0
0
0
0
0.17126
0.07874
0
0
0
0
0
0
0
0
0
0
0
0
0
0
0
0
0
0
0
0
0
0
0
0
0
0
0
0
0
0
0
0
0
0
0
0
0
0
0
0
0
0
0
0
0
0
0
0
0
0
0
0.001181
0
0
0
0
0.007874
0.01378
0
0.020472
0.054331
0.006693
0
0
0
0
0
0.016929
0.133071
0
0.057087
0.299213
0.047244
0.024409
0.037402
0.019685
0
0
0
0.152756
0.049213
0.018504
0.004724
0.072047
0
0
0
0
0.008661
0.04252
0.689764
0.699606
0.05315
0.133071
0.14252
0.547244
0.114961
0.462598
0.415354
0.366142
0
0
0
0.06811
0.40748
0.065748
0
0
0
0.032283
0.148819
0.068898
0.036614
0
0
0
0
0
0.009843
0.175197
0.005906
0
0.038583
0.06378
0.024409
0.003937
0.011811
0.162205
0.101575
0.25
0.195669
0.162205
0.029528
0.122047
0.225197
0.48937
0.551181
0.003937
0.124016
0
0
0
0
0
0
0
0
0.018504
0.005906
0.107087
0.065748
0.094488
0
0
0
0
0
0
0.021654
0.019685
0.001969
0.031496
0
0
0
0
0
0
0.00315
0
0
0
0
0
0
0
0
0
0
0
0.107087
0.202756
0.001969
0.004724
0.003937
0.019685
0.015748
0
0.02874
0.072835
0
0
0
0
0
0
0
0
0
0
0
0.054331
0.004724
0.001969
0
0
0.011024
0.007874
0
0
0
0
0
0.00315
0.00315
0
0
0.001181
0.001969
0
0
0
0
0
0.026772
0.077953
0.022441
0.006693
0.011024
0.065748
0.06811
0.062992
0.125984
0.055118
0.006693
0
0
0
0
0.022441
0.057087
0.040157
0.08189
0.008661
0.006693
0.070866
0.316929
0.065748
0.25
0.14252
0.005906
0
0
0.119291
0.288189
0
0.177165
0.109449
0
0
0
0
0
0
0
0
0
0
0.058268
0.538583
0.022441
0
0.087402
0.093701
0.074803
0.148819
0.384646
0.869291
0.099606
0.052362
0.007874
0.080709
0.035433
0
0
0
0
0
0.015748
0
0
0
0
0
0
0
0.001969
0.261811
0
0
0
0
0
0
0
0
0
0
0
0
0
0
0
0
0
0
0
0
0
0
0
0
0
0
0
0
0
0
0
0
0
0
0
0
0
0
0
0
0.029528
0.037402
0
0
0
0
0
0
0
0
0.100394
0
0
0
0
0
0
0
0
0
0
0
0
0
0
0
0
0
0
0
0
0
0
0
0
0
0
0
0
0
0
0
0
0
0
0.173228
0.004724
0
0
0
0
0
0.004724
0
0
0
0
0
0
0
0.015748
0
0
0
0
0
0
0
0
0
0
0
0
0
0
0
0
0
0
0
0
0
0
0
0
0
0
0
0.009843
0.338583
0.21063
0.024409
0.035433
0.227559
0.011024
0.06378
0.05315
0.076772
0.035433
0.099606
0.401575
0.015748
0.109449
0.231496
0.253937
0.004724
0.003937
0.015748
0.502756
1.138583
0.386614
0.040157
0.155512
0.007874
0.08189
0.153543
0
0
0
0
0
0
0.00315
0
0
0
0
0
0
0
0
0
0
0
0
0.016929
0.11811
0.253937
0.334646
0.295276
0.102362
0.23622
0.082677
0.005906
0.110236
0.059843
0.03937
0.116142
0.057087
0.015748
0.135827
0
0.100394
0.364961
0.070866
0.097244
0.127953
0.240945
0.484252
0.018504
0.004724
0.217717
0.026772
0.020472
0
0
0
0
0
0.163386
0.384646
0
0
0
0
0
0
0
0.001181
0.011811
0.080709
0.025591
0.024409
0
0
0
0
0
0
0
0
0
0
0
0.005906
0.019685
0.089764
0.031496
0.127953
0.004724
0.009843
0.234252
0
0
0
0
0
0
0.114173
0.34252
0.023622
0.122047
0.285433
0.033465
0.041339
0.285433
0.41063
0.041339
0.05
0.05315
0.086614
0
0.06811
0.21063
0.021654
0.055118
0.044094
0.029528
0.072835
0
0.016929
0.069685
0.059843
0.023622
0.019685
0.084646
0.001181
0.058268
0.125984
0.030315
0.125984
0.041339
0
0
0
0
0
0
0
0
0
0
0
0.014961
0
0
0
0
0.06378
0.350394
0.074803
0.290551
0.133071
0.122047
0.014961
0
0
0.001181
0.017717
0.094488
0
0
0
0
0
0
0.238189
0.774409
0.06811
0
0
0.018504
0
0
0
0
0
0
0
0
0.136614
0.409449
0.133858
0.005906
0.018504
0.101575
0.064961
0.005906
0
0
0
0.006693
0.01378
0.194882
0
0
0
0
0
0
0
0
0
0.001181
0.098425
0.05
0
0
0
0
0
0
0
0
0
0
0
0.026772
0.029528
0
0
0
0
0
0
0
0
0
0
0
0
0
0
0
0
0
0
0
0
0
0
0
0
0
0
0
0
0
0
0
0
0
0
0
0
0
0
0.011811
0.054331
0.219291
0.003937
0
0
0
0
0
0
0
0
0
0
0
0.114173
0.009843
0
0
0
0
0
0.030315
0.168504
0
0
0
0
0
0
0
0
0
0
0
0
0
0
0
0
0.257087
1.233465
0.13189
0
0
0
0
0
0
0.011024
0.040157
0.022441
0.001969
0.070866
0.089764
0
0
0
0
0
0
0
0
0
0
0
0
0
0
0
0
0
0
0
0.084646
0.215354
0.392913
0.644882
0.219291
0.054331
0.10315
0.195669
0.006693
0
0
0
0
0
0
0
0
0.00315
0.004724
0
0
0
0
0.001969
0
0
0
0
0
0
0
0
0
0
0.080709
0.112205
0.284252
0.151575
0
0
0
0
0
0
0
0.054331
0.588583
0.033465
0.037402
0.205512
0
0
0
0
0
0
0
0
0
0
0
0
0
0
0
0
0
0
0
0
0
0.001181
0.045276
0.175984
0.005906
0
0.003937
0.007874
0.254724
1.525591
1.346457
0
0
0
0.026772
0.173228
0.062205
0.047244
0.161417
0
0
0
0
0
0
0
0
0.020472
0.048425
0.003937
0.035433
0.090551
0.284252
0.133071
0.279528
0.037402
0.046063
0.084646
0.082677
0.054331
0.016929
0.029528
0.006693
0
0
0.032283
0.065748
0
0.248819
0.240157
0.090551
0.009843
0
0
0
0
0
0
0
0
0
0
0.014961
0.233465
0.154331
0.194094
0.080709
0
0.026772
0.100394
0.026772
0.26378
0.054331
0.048425
0.015748
0.076772
0
0
0
0
0
0
0
0.016929
0.068898
0
0.001969
0.011811
0
0
0
0
0
0
0
0
0
0
0.001181
0.077953
0.025591
0
0
0
0
0
0
0
0.088583
0.188976
0
0.01378
0
0
0.084646
0.288189
0.001181
0
0
0.01378
0
0
0.00315
0
0
0
0
0.003937
0
0
0
0
0
0
0
0
0
0
0
0
0
0.057087
0.052362
0.229134
0.903543
0.649606
0.011811
0.034646
0.058268
0.431102
0.080709
0.02874
0.477165
0.152756
0.082677
0.008661
0.016929
0
0
0
0
0
0
0
0
0.00315
0
0
0
0.011024
0
0
0
0
0
0
0
0
0
0
0
0
0
0
0.011811
0.037402
0
0
0.009843
0
0
0
0
0
0
0
0
0
0
0.015748
0
0.075591
0.432283
0
0
0
0
0
0
0
0
0
0.027559
0.114961
0
0
0
0
0
0
0
0.004724
0
0.008661
0
0
0
0
0
0
0
0.007874
0.07874
0
0.030315
0.018504
0
0
0.005906
0.019685
0.005906
0.001969
0
0.011024
0.120079
0
0
0
0
0
0
0
0
0
0
0
0
0
0
0
0
0
0
0
0
0
0
0
0.022441
0.133071
0.318898
0.075591
0
0
0
0
0
0
0
0
0
0
0
0
0
0
0
0
0
0
0
0
0.020472
0.310236
0.027559
0.026772
0.036614
0.108268
0
0
0
0
0.024409
0.02874
0
0.069685
0.291339
0.011811
0
0.004724
0.035433
0.006693
0
0.051181
0.231496
0.004724
0
0
0
0.154331
0.427165
0
0
0.004724
0.024409
0.02874
0.011024
0
0
0
0.070866
0.433858
0.032283
0.004724
0
0.015748
0
0.006693
0
0.001181
0.025591
0
0
0
0
0.040157
0.570079
0.025591
0
0.048425
0
0.019685
0.025591
0
0.058268
0.080709
0.001181
0
0
0
0
0
0
0.00315
0.01378
0
0
0
0
0
0
0
0
0.011811
0.008661
0
0.044094
0.127953
0.034646
0.232283
0.198819
0.038583
0.006693
0
0
0.097244
0.235039
0
0
0
0
0
0
0
0
0
0
0
0
0.072835
0.288189
0.116929
0.37874
0.086614
0
0
0
0
0
0
0.030315
0.096457
0
0
0.017717
0.015748
0.012598
0
0
0
0
0
0
0
0
0
0.048425
0.160236
0.430315
0.307087
0.30315
0.070866
0.02874
0
0
0.014961
0.046063
0.030315
0.104331
0.017717
0.066929
0
0.007874
0
0.036614
0.004724
0.009843
0.032283
0.05
0.11811
0.057087
0.139764
0.072835
0
0
0
0
0
0
0.00315
0
0
0.116142
0.125984
0
0.011811
0.01378
0.038583
0
0
0
0.011024
0.029528
0
0.00315
0.014961
0.001181
0.046063
0.072835
0.074016
0.064961
0.095276
0.033465
0.009843
0
0
0
0.043307
0.330709
0.015748
0
0
0
0.01378
0.015748
0.049213
0.020472
0
0.019685
0.09252
0.335433
0.018504
0.033465
0.438976
0.738189
0.114173
0.007874
0
0
0
0
0
0
0
0
0
0.154331
0.035433
0
0
0
0
0
0
0
0
0
0
0
0
0
0
0
0
0
0
0.192913
0.629134
0
0
0
0.178346
0.065748
0.009843
0.019685
0.032283
0.025591
0.26063
0
0
0
0
0
0
0
0
0
0
0
0
0.009843
0.019685
0
0.12126
0.230315
0.28937
0
0
0
0
0.001181
0.005906
0
0.074803
0
0
0
0
0
0
0
0
0
0
0
0
0
0
0
0
0
0
0
0.005906
0
0.018504
0
0
0
0.11811
0.096457
0
0.005906
0
0
0
0
0
0
0
0
0
0
0
0
0
0.154331
0
0
0
0
0
0
0
0
0
0
0
0
0
0
0
0
0
0
0
0
0
0.059055
0
0
0
0
0
0
0
0
0
0
0
0
0
0
0
0
0
0
0
0
0
0
0
0.015748
0
0.062205
0.234252
0.334646
0.031496
0.075591
0.05
0
0
0
0
0
0
0
0
0.007874
0.120079
0.051181
0
0
0.012598
0.084646
0.037402
0
0.220472
0.488189
0.075591
0.029528
0.310236
0
0
0.007874
0.009843
0
0.10315
0.163386
0.023622
0
0
0.017717
0.065748
0
0
0.014961
0.455512
0.363386
0
0
0
0.003937
0.003937
0
0
0
0
0.116929
0.364961
0.019685
0.001969
0.012598
0
0
0
0
0
0.008661
0.006693
0.018504
0
0
0
0.011811
0.018504
0.280315
0.108268
0.072835
0.253937
0
0
0.052362
0.021654
0
0
0
0
0.024409
0.030315
0
0
0
0
0
0
0.00315
0
0
0.021654
0.057087
0
0
0.020472
0.195669
0
0
0
0
0
0
0
0
0
0.011811
0.101575
0.017717
0.150787
0.170079
0.045276
0
0.004724
0.025591
0.05315
0.238189
0.015748
0
0
0
0
0
0
0
0
0.007874
0.019685
0.05
0.046063
0.024409
0.008661
0
0
0
0
0
0
0.020472
0.072047
0.086614
0.017717
0
0
0
0
0
0.02874
0.218504
0.020472
0.048425
0
0
0
0.009843
0
0
0
0
0
0
0
0
0
0.088583
0.03937
0.017717
0.03937
0.031496
0.00315
0.018504
0.065748
0.19685
0
0
0
0.001969
0
0
0
0
0
0
0
0.037402
0.097244
0
0
0
0
0
0.015748
0
0
0
0
0
0
0
0
0.024409
0
0.01378
0.079921
0.163386
0.101575
0
0
0
0
0
0
0
0
0
0
0
0
0
0
0
0
0
0
0
0
0
0.033465
0.122047
0.08189
0.003937
0
0
0.048425
0.398425
0
0
0
0.001181
0.116929
0.020472
0.015748
0
0
0.144488
0.403543
0.21378
0
0
0.003937
0.059055
0.515748
0
0
0
0
0.001181
0
0
0
0
0
0
0
0
0
0
0
0
0
0
0
0
0
0
0
0
0
0
0
0
0
0
0
0
0
0
0
0
0.003937
0
0
0.005906
0
0
0
0
0
0
0
0
0
0
0
0
0
0
0
0.009843
0.022441
0.016929
0.189764
0
0
0
0
0
0
0
0.023622
0
0
0
0
0
0
0
0
0
0
0
0.004724
0.016929
0
0
0
0
0
0.057087
0.044094
0.101575
0.062205
0
0
0
0
0
0
0
0
0
0
0
0
0
0
0
0
0.187008
0.32874
0
0
0
0
0.04252
0.017717
0.146457
0.214567
0.343701
0.211811
0.267717
0.014961
0.00315
0.025591
0.009843
0
0.007874
0.011024
0.016929
0
0
0
0
0
0
0
0.015748
0.094488
0.160236
0.049213
0.074016
0.281496
0.024409
0.003937
0.024409
0.007874
0.070866
0
0
0.005906
0.139764
0.141732
0
0
0
0.07874
0.059055
0.768504
0.728346
0.664567
0.185039
0.045276
0
0.003937
0
0.124016
0.188189
0.055118
0
0.024409
0.03937
0
0
0
0.001969
0.006693
0.090551
0.268504
0.034646
0.17126
0.254724
0.294094
0.001181
0.036614
0.061024
0
0.125984
0.089764
0.139764
0.097244
0.043307
0.011811
0.009843
0.110236
0.322047
0.066929
0.030315
0
0.00315
0.363386
1.032677
0.617323
0.583465
0
0
0
0
0
0
0
0
0
0
0
0
0.008661
0.084646
0
0.001181
0.057087
0.08189
0.06811
0.111417
0.011811
0
0
0
0
0.043307
0.023622
0.153543
0.200787
0.074803
0.101575
0.521654
0.001181
0
0
0
0
0.001969
0.007874
0.030315
0.007874
0
0
0
0
0.001181
0.097244
0.048425
0.019685
0.09252
0.116142
0.105118
0.25315
0.270866
0.015748
0.001969
0
0
0.048425
0.222441
0.232283
0
0
0
0
0
0.016929
0.034646
0.111417
0.016929
0.112205
0.153543
0
0.017717
0.025591
0.144488
0.012598
0.034646
0.021654
0
0.005906
0.018504
0.01378
0.044094
0.448819
0.072835
0
0.015748
0.011024
0.017717
0.040157
0.027559
0.01378
0
0
0
0
0
0
0.048425
0.270866
0.005906
0.018504
0.167323
0.021654
0
0
0
0.006693
0
0
0
0
0
0
0
0.129134
0.026772
0.001181
0
0
0.014961
0.038583
0.003937
0.02874
0.003937
0.031496
0.467717
1.024409
0.498031
0.240945
0.099606
0.529528
0.57874
0.082677
0.006693
0
0
0
0
0
0
0
0
0
0
0
0
0
0
0
0
0
0
0
0
0
0
0
0
0
0
0
0
0
0
0
0
0
0
0
0
0
0
0
0
0
0
0
0.032283
0.098425
0.045276
0
0
0
0
0
0
0
0
0
0
0
0
0
0
0
0
0
0
0.001181
0
0
0.054331
0.248819
0.038583
0
0
0.045276
0
0
0
0
0
0
0
0
0
0
0
0
0
0
0
0
0
0.011024
0.024409
0
0
0
0
0
0
0
0
0.00315
0.025591
0
0
0
0
0
0
0
0
0
0
0
0
0
0
0
0
0.049213
0.05
0.057087
0
0
0.005906
0.047244
0.190945
0.01378
0.012598
0.05
0.243307
0
0
0
0
0
0
0
0
0
0
0
0
0
0
0
0
0
0
0
0
0
0
0
0
0
0
0
0
0
0
0
0
0.020472
0.051181
0
0
0.011024
0.017717
0.014961
0
0
0
0
0
0.255906
0.014961
0.129921
0.012598
0.046063
0.134646
0.001181
0.001969
0.595276
0.509843
0.003937
0.043307
0.437795
0.033465
0.15748
0.160236
0.00315
0
0
0
0
0
0
0
0
0
0
0
0
0
0
0.139764
0.025591
0.184252
0.01378
0.012598
0.17126
0.072047
0.024409
0
0.235039
0.026772
0.019685
0.018504
0
0
0
0
0
0
0
0
0.003937
0.055118
0.061024
0.254724
0.018504
0.016929
0.003937
0
0
0
0
0
0
0
0
0
0.011811
0.012598
0.145669
0
0.027559
0.268504
0
0
0
0.004724
0
0.034646
0.066929
0.035433
0.064961
0.05
0.116929
0.02874
0.009843
0.017717
0.038583
0.08189
0.074803
0.015748
0
0
0
0
0
0
0
0
0
0.021654
0.031496
0
0
0
0.00315
0.139764
0
0.020472
0.007874
0
0.005906
0.034646
0.006693
0
0
0
0
0
0.014961
0.14252
0.003937
0
0
0
0
0.020472
0.085433
0.018504
0.020472
0.023622
0.00315
0
0
0
0
0
0
0
0.001969
0
0
0
0.001181
0.035433
0.052362
0.066929
0.004724
0
0
0.014961
0
0
0
0.004724
0.058268
0.273622
0.937008
0
0
0
0
0
0
0
0.026772
0.113386
0.024409
0.006693
0.009843
0.069685
0.267717
0.526772
0.005906
0
0
0
0
0
0
0
0
0.095276
0.006693
0
0
0.026772
0.075591
0.145669
0
0
0
0
0
0
0.001969
0.006693
0
0
0
0
0
0
0
0
0
0
0
0
0
0
0
0
0
0
0
0
0
0
0
0
0
0
0
0
0
0
0
0
0.003937
0
0
0
0
0.005906
0.03937
0
0
0
0
0
0
0
0.001181
0
0
0
0
0
0
0
0
0
0
0
0
0
0
0
0
0
0
0
0
0
0
0
0
0
0
0
0
0
0
0
0
0
0
0
0
0
0
0
0
0.001969
0.02874
0.006693
0
0
0
0
0
0.001969
0
0
0
0
0
0
0
0
0.00315
0.189764
0.085433
0
0
0
0
0
0
0
0
0
0
0
0
0
0.01378
0.122047
0.05
0
0
0
0
0
0
0
0
0
0
0
0.08189
0.108268
0
0
0.148819
0.484252
0.088583
0.005906
0.225197
0.240945
0.027559
0.009843
0.147638
0.475197
0.015748
0.015748
0.025591
0
0.01378
0.074803
0.307874
0.383071
0
0.022441
0.046063
0
0
0.030315
0.275591
0.294094
0.066929
0.086614
0.009843
0.038583
0.015748
0.018504
0.004724
0.074803
0
0.030315
0.093701
0.015748
0
0
0
0.036614
0.005906
0.011024
0.051181
0.097244
0.302362
0.070866
0.094488
0
0
0
0
0.001181
0.269685
0.006693
0
0.133071
0.276772
0
0
0
0
0
0
0.02874
0.120079
0.10315
0.257087
0.389764
0.644882
0.266929
0.334646
0.34252
0.526772
0.248819
0.114173
0
0.040157
0.075591
0
0
0
0.012598
0.032283
0.007874
0.035433
0.404331
0.082677
0.102362
0.093701
0.383071
0.658661
0.284252
0
0
0
0
0
0
0
0
0
0.00315
0.017717
0.047244
0
0
0.004724
0.036614
0
0
0
0
0
0
0
0
0
0
0
0.06811
0.448819
0.22126
0.005906
0.037402
0
0.001969
0.108268
0.185827
0.340551
0.096457
0.082677
0.025591
0.211811
0.065748
0
0.032283
0.33189
0.114173
0.175197
0.074016
0.059843
0.068898
0.026772
0
0.012598
0
0
0
0
0.020472
0.125984
0
0
0
0.052362
0.159449
0.165354
0.136614
0.035433
0.009843
0.012598
0.137795
0.455512
0
0.023622
0.006693
0.044094
0.038583
0.032283
0.164567
0
0
0
0
0
0.027559
0.04252
0.253937
0.072047
0.271654
0.228346
0.007874
0.062205
0.215354
0.024409
0.011024
0
0.003937
0.161417
0.05315
0.043307
0.025591
0
0
0
0
0
0
0
0
0.061024
0.058268
0
0
0
0
0
0
0
0
0
0.007874
0
0
0.023622
0.129134
0.188976
0.113386
0
0
0.011811
0.027559
0
0.107087
0.748819
0.689764
0.018504
0.055118
0.184252
0.116142
0.01378
0
0
0
0
0
0
0.007874
0
0
0.018504
0
0
0
0
0
0.005906
0.011811
0.161417
0.515748
0.057087
0.104331
0.257874
0
0
0
0
0.110236
0.061024
0.008661
0
0.008661
0.271654
0
0
0.009843
0
0
0
0
0
0
0
0
0
0
0
0.005906
0.003937
0
0
0
0
0
0
0
0
0
0
0
0
0
0
0
0.003937
0
0
0
0
0
0
0
0
0
0
0
0
0
0
0
0
0
0
0
0
0
0
0
0.027559
0
0
0
0
0
0
0
0.011024
0.006693
0
0
0.047244
0
0
0
0
0.00315
0
0
0
0
0
0
0
0.537402
0
0
0
0
0
0.001969
0
0
0
0
0
0
0
0.004724
0
0
0
0
0
0
0
0
0
0
0
0.007874
0.016929
0.062205
0.00315
0.001969
0.016929
0
0
0
0.011024
0
0.037402
0
0.025591
0
0.072047
0.008661
0.00315
0.032283
0.183071
0.06811
0.199606
0
0.144488
0.477165
0.00315
0.086614
0.730315
0.283465
0.353543
0.14252
0.019685
0.109449
0
0.63189
1.691732
0.857087
0
1.564961
0.048425
0
0.070866
0
0.012598
0
0
0
0
0
0
0
0.03937
0.432283
0.673228
0.170079
0
0
0
0.006693
0.01378
0.018504
0
0.137795
0.243307
0.303937
0
0
0
0
0.254724
0.551969
1.007874
0.165354
0.771654
0.33937
0.185827
0.21063
0.679134
0.374016
0.091732
0.306299
0.268504
0.120079
0.21063
0.054331
0.022441
0
0
0
0.451969
0.044094
0.001181
0
0.025591
0.025591
0
0
0
0
0
0
0.166142
0.038583
0.127953
0.233465
0.222441
0.138976
0.024409
0
0.209449
0.033465
0.022441
0.001181
0.015748
0.04252
0
0
0.001181
0.089764
0.158661
0
0.008661
0.058268
0
0.001969
0.055118
0.064961
0
0
0
0
0
0
0
0
0
0.004724
0.037402
0.014961
0
0
0.175197
0.293307
0.025591
0
0
0.201575
0.009843
0.011811
0
0
0
0
0
0
0.06378
0.011024
0.008661
0.006693
0
0
0.084646
0.011024
0.03937
0.00315
0.084646
0.101575
0.018504
0.006693
0.341732
0.017717
0
0
0
0
0
0
0
0
0
0
0
0
0
0
0
0
0
0.005906
0.317717
0.12126
0.185827
0.257087
0.470472
0.057087
0
0.273622
0.192913
0.009843
0.02874
0
0
0
0
0
0
0
0
0
0
0
0
0
0
0
0
0
0
0
0
0
0
0
0.058268
0
0
0.001969
0
0
0.001969
0.19685
0.086614
0.112205
0.577953
0.016929
0
0
0
0
0
0
0
0
0
0
0
0
0
0
0
0.003937
0.022441
0.00315
0
0.07874
0
0
0
0
0
0
0
0.007874
0
0.187008
0.041339
0.044094
0
0
0
0
0
0
0
0
0
0
0
0
0
0
0.05315
0
0
0
0
0
0
0
0
0
0
0
0
0.031496
0
0
0
0
0
0
0
0
0
0
0
0
0
0
0
0
0.001969
0.106299
0.624016
0.036614
0.016929
0
0.001969
0
0
0
0
0
0
0
0
0
0
0
0
0
0
0
0
0
0
0
0
0
0
0
0
0.046063
0.009843
0
0
0.358268
0.194882
0
0
0
0.224409
0.437008
0.312205
0.290551
0
0
0.383071
0.001969
0
0
0
0
0
0.001181
0
0
0
0
0
0
0
0
0.054331
0.105118
0.001969
0.266929
0.741339
0.769685
0.498031
0.011024
0.244882
0.011024
0.062992
0.10315
0
0
0.198819
0.05315
0.001181
0.26063
0.029528
0.011811
0
1.395669
0.14252
0.146457
0.63189
0.913386
0.785433
0.202756
0.25315
0.129134
0.018504
0
0
0
0
0
0.064961
0.580709
0.202756
0.044094
0
0.139764
0.295276
0.303937
0.05315
0.22126
0.397638
1.290551
1.224409
1.167323
0.589764
0
0
0
0
0
0
0
0
0
0
0
0
0
0.15748
0
0
0.018504
0.216535
0.261811
0
0
0.40748
0.102362
0.009843
0.129921
0
0
0.080709
0.155512
0.001969
0
0.019685
0
0
0.036614
0.291339
0
0.156299
0
0.022441
0.004724
0
0
0
0.141732
0.009843
0.033465
0.011811
0.08189
0
0
0
0
0.120079
0.153543
0.040157
0
0.320866
0.035433
0.004724
0
0
0
0
0
0
0
0.001181
0
0
0.059055
0.012598
0.065748
0
0
0.094488
0
0
0
0
0
0
0.00315
0.059055
0
0
0.090551
0.043307
0
0
0
0
0
0.011024
0.01378
0.034646
0
0
0
0
0.017717
0
0.001969
0
0.06811
0.07874
0.090551
0.025591
0.096457
0.156299
0.02874
0
0
0.012598
0
0.111417
0.051181
0.01378
0
0
0
0
0
0
0
0
0
0.156299
0
0
0.147638
0
0
0.030315
0
0
0
0
0
0.211811
0.693701
0.001969
0
0.059055
0.031496
0.129134
0
0.072835
0.021654
0
0.227559
0.797244
0.005906
0
0
0
0
0
1.273622
0.004724
0.031496
0
0
0
0
0
0
0
0
0
0
0
0
0
0
0
0.055118
0.374803
0.408661
0.011024
0
0
0
0
0
0
0
0
0
0
0
0
0
0
0.387795
0
0
0
0.00315
0
0
0
0
0
0
0
0
0.175984
0.025591
0.001969
0.006693
0
0
0
0
0
0
0
0
0
0
0
0
0
0
0
0
0.458661
0.232283
0.006693
0
0
0.189764
0
0.01378
0.025591
0
0
0
0
0
0
0
0
0
0
0
0
0
0.004724
0.015748
0
0
0.501969
0.137795
0.029528
0.122835
0.33937
0
0
0
0
0
0
0
0
0
0
0
0
0
0.483071
0
0
0
0.00315
0.461811
0.001181
0.375984
0.080709
0.016929
0.006693
0
0.019685
0
0
0
0
0
0
0
0
0.034646
0
0
0
0
0
0.105118
0
0.69685
0.008661
0
0
0
0
0.051181
0.287402
0
0
0
0.037402
0.046063
0.034646
0.054331
0.001969
0.018504
0.059843
0.001969
0.185827
0.007874
0
0
0.02874
0.074016
0.316929
0.065748
0.114961
0
0
0.088583
0
0
0
0.014961
0
0.048425
0.204724
0.167323
0.040157
0.001181
0
0
0
0.048425
0.085433
0.06811
0.348425
0.004724
0
0.012598
0.178346
0
0
0.179921
0
0
0
0
0
0
0
0.319685
0.303937
0.06811
0.464567
0.085433
0
0.077953
0.043307
0.036614
0.090551
0.26063
0.178346
0.126772
0.027559
0.468504
0.301181
1.23622
0.074016
0.48622
0.001181
0
0.061024
0.020472
0.079921
0.083465
0.216535
0.834646
0
0.254724
0.030315
0
0.019685
0.233465
0.401575
0.001969
0
0.057087
0.02874
0.00315
0.026772
0.02874
0.016929
0.034646
0.068898
0.178346
0.058268
0
0.027559
0.009843
0.029528
0.222441
0.865354
0.343701
0.062205
0.151575
0.044094
0.012598
0
0.032283
0.087402
0.111417
0.108268
0.029528
0
0.00315
0
0.026772
0
0
0
0
0.01378
0
0.003937
0.012598
0
0
0
0
0
0.244094
0.476378
0.25315
0.066929
0.008661
0.069685
0.100394
0.014961
0
0.244882
0.072835
0.018504
0.124803
0.131102
0.046063
0.125984
0.144488
0
0.084646
0.033465
0.01378
0.001969
0.058268
0.008661
0.014961
0
0
0
0
0
0
0
0
0.178346
0.001969
0
0
0
0
0
0
0.061024
0.00315
0.232283
0.325591
0.068898
0.064961
0
0.012598
0
0.059843
0.270866
0.001969
0.01378
0.041339
0.244882
0.055906
0
0.018504
0.737402
0.253937
0
0.126772
0.026772
0.416142
0.025591
0.02874
0.101575
0.125984
0.045276
0.001181
0
0.105118
0.059843
0
0
0
0
0.163386
0.036614
0.374803
0.084646
0
0
0
0
0
0
0
0
0
0
0.080709
0
0
0.190945
0
0
0
0
0
0.004724
0
0
0
0
0
0
0
0
0
0.017717
0
0
0
0
0
0
0
0
0
0
0
0
0.175984
0
0
0.02874
0
0
0
0
0
0
0
0
0
0
0
0
0
0
0
0
0
0
0
0
0
0
0
0
0
0
0.001181
0
0
0
0
0
0
0
0
0
0
0
0
0
0
0
0
0.419291
0
0
0
0
0
0
0
0
0
0
0
0
0
0
0
0.05315
0.011024
0
0.019685
0
0
0
0.031496
0
0
0
0
0
0.286614
0.01378
0.046063
0
0
0.185039
0.055118
0.01378
0
0
0
0
0
0
0
0
0.215354
0.150787
0.098425
0
0.140945
0
0
0
0.411417
0
0.145669
0.036614
0.18189
0.05
0.370079
0.147638
0.037402
0.131102
0.066929
0.018504
0
0
0.037402
0.011024
0.240945
0.037402
0.001969
0.014961
1.214567
1.114173
0.711811
0.347244
0.001969
0.160236
0.155512
0
0.179921
0.190945
0.264567
0.072047
0.730315
0.034646
0.070866
0.372047
0
0.08189
0.009843
0
0
0
0.080709
0.158661
0
0
0
0.00315
0
0.175197
0
0
0
0
0.054331
0
0
0
0
0
0.064961
0
0
0
0
0
0
0
0
0
0
0
0.045276
0.00315
0.022441
0.278346
0.244882
0.185039
0.648819
0.159449
0.12126
0.440157
0.119291
1.343307
0.116929
0
0.014961
0.041339
0
0
0
0.154331
0.00315
0.001181
0.004724
0.001181
0
0.311024
0.879134
0.019685
0.440945
0.051181
0
0
0
0.240945
0
0.077953
0.302362
0.162205
0.288189
0.04252
0.136614
0.022441
0.008661
0
0.202756
0.018504
0.335433
0.310236
0.007874
0.011811
0.173228
0.023622
0.011811
0
0
0.003937
0.072047
0.046063
0
0
0.009843
0.001181
0
0.008661
0
0
0
0
0.020472
0
0
0.001969
0
0.012598
0
0
0.003937
0.015748
0.080709
0.02874
0.001181
0.004724
0.011024
0.083465
0.035433
0
0.188976
0.047244
0.016929
0.020472
0
0
0
0
0
0
0
0
0
0
0.029528
0
0
0
0
0
0.01378
0
0
0.001969
0.140945
0.058268
0.079921
0
0
0
0
0
0
0.004724
0.074803
0.001969
0.040157
0.047244
0
0
0
0
0
0
0
0
0
0
0
0
0
0
0
0
0
0
0.037402
0
0
0
0
0
0
0
0
0
0
0
0
0
0
0
0
0
0
0
0
0
0
0
0
0
0
0
0
0
0
0
0
0
0
0
0
0
0
0
0
0
0
0
0
0
0
0
0
0
0
0
0
0
0
0
0
0
0
0
0
0
0
0.005906
0
0.146457
0.00315
0.003937
0
0.146457
0.015748
0.274409
0
0
0
0
0
0
0
0
0
0
0.200787
0
0
0
0
0
0.174409
0.017717
0
0
0
0
0
0
0
0
0
0
0
0
0
0
0
0
0
0
0
0
0
0
0
0
0
0
0
0
0
0
0
0
0
0
0
0.15748
0.026772
0
0
0
0
0
0
0
0
0
0
0
0
0
0
0
0
0
0
0
0.211811
0.935039
0.02874
0
0.006693
0
0
0
0
0
0
0
0.011024
0
0.192126
0.02874
0
0
0
0.003937
0
0.433858
0
0
0.058268
0.062992
0.00315
0.030315
0
0.027559
0.007874
0.099606
0.004724
0.004724
0.564961
0.194094
0.315748
0.076772
0
0
0.014961
0.11811
0.011811
0.062205
0.041339
0.059843
0.005906
0.31378
0
0.00315
0
0
0
0
0
0
0
0
0
0
0
0
0
0
0
0
0.111417
0.106299
0.187008
0.044094
0.05315
0
0.018504
0.017717
0.003937
0.379921
1.759843
0.114173
0.136614
0.685827
0.609449
0.343701
0.004724
0.087402
0.110236
0.408661
0
0.059055
0.018504
0.095276
0.141732
0.038583
0
0
0
0
0.192913
0.058268
0
0
0.001969
0.005906
0
0.004724
0
0
0.011811
0.066929
0.062205
0.274409
0.291339
0.154331
0.015748
0.012598
0.015748
0
0
0
0.016929
0.714567
0.06378
0.015748
0.215354
0.198819
0.274409
0.177165
0.008661
0.055118
0.001181
0.019685
0.406299
0.025591
0
0.007874
0
0.001181
0.044094
0
0
0.052362
0
0.034646
0.00315
0.003937
0.061024
0.003937
0
0
0.047244
0
0
0
0
0.009843
0
0
0
0
0
0
0
0
0
0
0
0.021654
0
0
0
0.42126
0.140945
0.096457
0.085433
0.295276
0.194882
0.061024
0.001181
0
0.001969
0.001969
0.00315
0.003937
0
0
0.062205
0.00315
0
0
0.149606
0
0.096457
0
0
0.068898
0.003937
0
0.06811
0.088583
0
0
0.00315
0.065748
0.269685
0.001181
0
0
0
0
0
0
0
0
0
0
0
0
0.003937
0
0
0
0
0
0
0
0
0.096457
0.011811
0.01378
0
0.09252
0
0
0
0
0
0
0
0
0
0
0
0
0
0
0
0
0
0
0
0
0
0
0.009843
0.072047
0
0
0
0
0
0
0
0
0
0
0
0
0
0
0
0
0
0
0
0
0
0
0
0
0
0
0
0
0
0
0.048425
0
0.003937
0.001969
0
0.144488
0
0
0
0
0
0
0
0
0
0
0
0
0
0
0
0
0
0
0
0
0
0.054331
0.00315
0.093701
0.091732
0
0
0
0
0
0
0
0
0
0
0
0
0
0
0
0
0
0
0
0
0
0
0
0
0
0
0
0
0
0
0
0
0
0
0.165354
0.114173
0.001181
0.007874
0
0
0
0
0
0.006693
0
0.487402
0.114173
0
0
0
0.01378
0
0.650394
0.278346
0.054331
0
0
0.046063
0.00315
0
0
0.029528
0
0.086614
0.049213
0.004724
0.014961
0
0
0.178346
0.069685
0
0.001969
0
0
0
0
0
0
0.046063
0
0.006693
0.009843
0
0.119291
0.064961
0
0
0
0
0
0
0
0
0.009843
0.294094
0.154331
0.041339
0.095276
0.644882
0.06811
0
0.049213
0
0
0
0.001181
0
0
0.207874
0
0
0
0
0
0
0
0
0
0
0
0
0
0
0.025591
0.011811
0.777559
0.02874
0.172441
0.026772
0.049213
0.02874
0.006693
0
0
0.001181
0
0
0
0
0.270866
0.019685
0
0
0
0.021654
0.007874
0
0
0.001969
0.048425
0.020472
0.014961
0.00315
0.005906
0
0.111417
0.022441
0.035433
0.048425
0
0
0
0
0
0.011024
0
0.032283
0.009843
0.13189
0.113386
0.00315
0.038583
0
0
0
0
0.158661
0.001181
0.007874
0.061024
0
0
0
0.003937
0
0
0
0
0
0
0.008661
0.111417
0.05315
0
0
0
0.001181
0.074016
0.00315
0.112205
0.015748
0
0.089764
0.004724
0
0
0
0.006693
0.055118
0
0
0.068898
0.11811
0.014961
0.005906
0
0.05315
0.017717
0.001969
0
0
0
0.001969
0.185827
0.225197
0.049213
0.005906
0
0
0
0
0
0
0.011811
0.006693
0
0.011811
0
0
0
0
0
0
0
0
0
0
0
0
0
0.37126
0.19685
0
0
0
0
0
0
0
0
0
0
0.008661
0
0
0
0
0
0
0.00315
0
0.038583
0.004724
0
0
0
0
0
0.016929
0
0
0
0
0
0
0
0
0
0
0
0
0
0.003937
0.363386
0.008661
0
0
0
0
0
0
0
0
0
0
0.035433
0
0.275591
0.03937
0.00315
0.00315
0.011024
0
0
0
0
0.037402
0
0
0
0
0
0
0
0
0
0.040157
0
0
0
0
0
0
0
0
0
0
0
0
0
0
0
0
0
0
0
0
0
0
0
0
0
0
0
0
0
0
0
0
0
0
0
0
0
0
0
0
0
0
0
0
0.074016
0
0.011024
0.021654
0
0
0
0
0
0
0
0
0.566929
0.102362
0
0
0
0
0
0
0
0
0
0
0
0
0
0
0.06378
0
0
0
0
0
0
0
0
0
0
0
0.058268
0
0
0
0
0
0
0.212598
0.072835
0
0
0
0
0
0.001181
0
0
0
0
0
0.089764
0.041339
0.023622
0
0.161417
0.238976
0
0.04252
0.131102
0.255906
0.570866
0.113386
0.234252
0.344488
0.188976
0
0.361417
0.316929
0.041339
0.34252
0.214567
0.387795
0.035433
0.284252
0.185827
0
0
0.033465
0.043307
0.089764
0.020472
0.076772
1.38189
0.034646
0
0.295276
0.001181
0.261811
0.228346
0
0.003937
0.025591
0.003937
0
0
0
0.018504
0.238976
0.001181
0.403543
0.284252
0.271654
0.198031
0
0
0.165354
0.03937
0.370079
0.019685
0
0
0
0.001181
0
0.006693
0
0.020472
0
0.108268
0.02874
0.164567
0.222441
0.070866
0.005906
0
0.033465
0.094488
0
0
0
0
0.01378
0
0
0
0
0
0.116929
0.302362
0
0
0
0
0
0
0
0
0.004724
0.114173
0.037402
0.507874
0.022441
0.004724
0.101575
0.014961
0
0
0
0
0
0
0
0
0.015748
0.011024
0.11811
0.011024
0
0.021654
0.016929
0.011024
0.015748
0.062205
0.007874
0.008661
0.068898
0.00315
0.001181
0
0
0
0.085433
0.195669
0.047244
0
0
0
0
0
0
0
0
0
0
0
0
0.00315
0
0.001181
0.144488
0.04252
0
0
0.068898
0.004724
0.014961
0.090551
0.05315
0.017717
0
0
0
0
0
0
0
0.065748
0.006693
0
0.938976
0.099606
0
0
0
0
0
0
0
0
0
0
0
0
0
0
0
0
0
0
0.192126
0.106299
0.133858
0
0
0
0
0.001181
0.005906
0
0
0
0.26378
0
0
0
0
0
0
0
0.014961
0
0
0
0
0
0
0
0
0
0.003937
0
0
0.024409
0
0
0
0
0.009843
0
0
0
0
0
0
0
0
0
0
0
0
0
0
0
0
0.008661
0
0
0
0
0
0
0
0
0.017717
0
0
0
0
0
0
0
0
0
0
0
0
0.003937
0
0
0
0
0
0
0
0
0
0
0
0
0
0
0
0
0
0
0
0
0
0
0
0
0
0
0
0
0
0
0
0
0.04252
0
0
0
0
0
0
0
0
0
0
0.02874
0
0
0
0
0
0
0
0
0
0
0
0.01378
0.030315
0
0
0.03937
0
0
0
0
0
0
0
0
0
0
0
0
0
0
0
0
0
0
0
0
0
0
0
0
0
0
0
0
0
0
0
0
0
0.086614
0.723622
0.136614
0.295276
0.024409
0
0.148819
0
0
0
0.049213
0.020472
0
0
0
0
0
0.001181
0
0
0
0
0
0
0
0
0
0
0
0
0
0
0
0.297244
0.029528
0.05
0.116142
0.336614
0.562992
1.051181
0.542126
0.030315
0.001969
0.127953
0.240157
0.011024
0.054331
0.016929
0
0.069685
0.301181
2.270472
0.575591
0.207874
0.642913
0.019685
0.018504
0.077953
0.001181
0
0.005906
0
0
0
0
0.074016
0.194094
0.307874
0.620866
0.034646
0
0
0
0
0
0
0.164567
0.175984
0.147638
0.05
0.243307
0.110236
0.14252
0
0.057087
0.003937
0.209449
0.054331
0.055118
0
0
0
0
0
0
0
0
0
0.246063
0.129921
0
0.255906
0.011811
0.00315
0.084646
0.024409
0.005906
0.022441
0
0
0
0
0
0
0
0
0.029528
0.003937
0
0
0
0
0.003937
0.001181
0.040157
0.007874
0
0.433858
0.374016
0.048425
0.072835
0
0
0.051181
0.016929
0.026772
0.043307
0.017717
0.059843
0.374803
0.094488
0
0
0
0
0.194882
0.004724
0.006693
0.222441
0.040157
0.019685
0.011811
0
0
0
0.069685
0.005906
0.189764
0.177165
0.209449
0.009843
0.055118
0.021654
0
0
0.018504
0.022441
0
0.286614
0.136614
0.044094
0.001969
0.021654
0.095276
0.098425
0.001181
0
0.033465
0.140945
0.082677
0
0.008661
0.206693
0.032283
0.001181
0.007874
0.151575
0
0
0
0
0
0
0
0
0
0
0
0
0
0
0
0
0.00315
0
0
0
0
0
0
0
0
0
0
0
0
0
0
0
0
0
0
0
0.005906
0.001181
0
0
0
0
0
0
0
0
0
0
0
0
0
0
0
0
0
0
0.040157
0
0
0
0
0
0
0
0
0
0
0
0
0
0
0
0.065748
0.145669
0.043307
0
0
0
0
0
0
0
0.147638
0.069685
0
0
0
0
0
0
0
0
0
0
0
0
0
0
0
0
0
0
0.005906
0
0
0
0
0
0.011811
0
0
0
0
0
0
0.137795
0.00315
0
0
0.074803
0.096457
0
0
0
0
0
0
0.019685
0
0
0
0
0
0
0
0
0
0
0
0
0
0
0
0
0
0.001181
0
0
0
0
0.005906
0
0
0
0
0
0
0
0
0
0
0
0
0
0
0
0
0
0
0.007874
0.027559
0.00315
0
0
0.258661
0
0.224409
0
0.029528
0.059055
0.185827
0
0.024409
0
0
0
0.049213
0.029528
0.036614
0
0
0.202756
0.034646
0.006693
0
0.057087
0
0.054331
0.008661
0
0.13189
0.42126
0.091732
0.012598
0.014961
0
0.048425
0.754724
0.065748
0.090551
0
0.012598
0.015748
0.294094
0.243307
0.564961
0.291339
0.003937
0
0
0
0.228346
0
0
0
0.405512
0.018504
0.06811
0.017717
0
0.498031
0.015748
0.04252
0.309055
0.294094
0.018504
0.080709
0.014961
0.026772
0.083465
0.011024
0.090551
0.160236
0.030315
0
0.072047
0
0.116929
0
0
0.018504
0.014961
0.119291
0
0
0
0.192126
0.064961
0.011811
0.194094
0.127953
0.022441
0.140945
0.05
0.006693
0.035433
0.018504
0.014961
0.006693
0.025591
0.242126
0.021654
0
0
0
0
0
0
0
0.116929
1.282677
0.507087
0.008661
0
0
0.001969
0.001181
0.068898
0.396457
0.232283
0.06811
0.048425
0
0.468504
0.124016
0
0.025591
0.083465
0.012598
0
0
0
0
0
0
0
0
0
0
0
0
0
0
0
0
0
0
0
0.166142
0.003937
0
0
0.085433
0.084646
0
0
0
0
0.001181
0
0
0
0
0
0
0
0
0
0.110236
0.179921
0.015748
0.04252
0.020472
0.040157
0.112205
0.051181
0
0
0
0
0
0
0
0
0
0
0
0
0
0
0
0.062205
0
0.448031
0.17126
0.016929
0
0
0
0
0
0.575591
0.058268
0.005906
0.043307
0
0.001181
0
0
0
0.026772
0.14252
0.074016
0
0
0
0
0
0
0
0
0.001969
0.026772
0
0
0
0
0
0
0
0
0
0
0
0
0
0
0
0
0
0
0
0
0
0.122047
0.329921
0
0
0
0
0
0
0
0
0
0
0
0
0
0
0
0
0
0
0.018504
0
0
0
0
0.015748
0.203937
0
0
0
0
0
0
0.091732
0.014961
0
0
0
0
0
0
0
0
0
0
0
0
0
0
0
0
0
0
0
0.129134
0.003937
0.008661
0.01378
0
0
0
0
0
0
0
0
0
0
0
0
0
0
0
0
0
0
0
0
0
0
0.016929
0.031496
0.074016
0
0
0
0
0
0
0
0
0
0
0
0
0
0
0
0
0
0
0.341732
0
0
0
0
0
0
0
0.179921
0.406299
0.133858
0.259843
0.001181
0.01378
1.259055
0.209449
0
0.575591
0.166142
0.049213
0.05315
0.031496
0.01378
0
0
0.298031
0
0
0
0
0
0
0.049213
0.004724
0
0.012598
0.001969
0
0.001969
0
0
0.005906
0
0
0
0
0
0.307874
0.108268
0.199606
0.014961
0
0.059055
0.004724
0
0
0
0
0.003937
0.970472
1.352362
0.961417
0.011811
0
0
0
0.00315
0
0
0
0
0
0
0
0
0
0
0
0.037402
0.81378
0.086614
0.058268
0.127953
0.089764
0.093701
0.22126
0.027559
0
0
0
0.595276
0.151575
0.275591
0.074016
0.016929
0.02874
0
0
0.114961
0.004724
0.016929
0
0
0
0
0
0
0
0
0.024409
0.116929
0.070866
0
0.001181
0
0
0
0
0
0.00315
0
0.048425
0
0
0
0
0
0.140945
0.298031
0
0
0
0
0
0.116142
0.007874
0
0
0
0
0
0
0.054331
0
0.111417
0
0
0
0
0
0
0
0
0
0
0
0
0
0
0
0
0.001969
0.001181
0.004724
0.140945
0.122835
0.001969
0
0.001969
0.03937
0.277559
0.135827
0.051181
0
0
0
0.012598
0.080709
0
0
0.11811
0.116142
0.04252
0
0.001181
0.00315
0.004724
0.004724
0
0
0.126772
0.026772
0.01378
0.011811
0
0
0.075591
0.004724
0
0
0
0.558268
0.006693
0.089764
0.011024
0.102362
0.014961
0.104331
0.275591
0.097244
0.03937
0.406299
0.472441
0.319685
0.020472
0
0.003937
0.041339
0.206693
0.127953
0.099606
0.19685
0.202756
0.109449
0
0
0
0
0
0
0
0.183071
0.06811
0.007874
0.011811
0.001181
0.001181
0
0
0
0.017717
0.155512
0.007874
0.003937
0
0
0
0
0
0
0.001181
0.026772
0.18189
0.004724
0
0
0
0
0
0
0.025591
0
0
0
0
0
0
0
0
0
0
0
0
0
0.004724
0
0
0
0
0
0
0
0
0
0
0
0
0
0
0
0
0
0
0
0.033465
0.033465
0.019685
0
0
0
0
0
0
0
0
0
0
0
0
0
0
0
0
0
0
0
0
0
0
0
0
0
0
0
0
0
0
0
0
0
0
0
0
0
0
0
0.004724
0.085433
0
0
0
0
0
0.079921
0.107087
0
0
0
0
0.188189
0.011024
0
0
0
0
0
0
0.001181
0.006693
0.08189
0.020472
0
0
0
0
0.007874
0
0
0
0
0
0.209449
0.082677
0.049213
0
0
0
0
0
0
0
0.01378
0.26063
0
0.015748
0.122835
0
0.036614
0.01378
0.362205
0.040157
0.550394
0.084646
0.974409
1.015748
0.579921
0
0
0.014961
0
0.077953
0.206693
0
0
0
0
0
0
0
0
0
0
0.354331
0.184252
0.004724
0.18189
0.33189
0
1.017717
0.312205
0.044094
0.030315
0
0
0
0.091732
0
0
0
0
0
0
0
0
0
0.138976
0.442913
0.282677
0.192126
0.251969
0.217717
0.001969
0.065748
0.163386
0.248819
0.820866
0.364173
0.492913
1.968504
0.257874
0.244882
0.031496
0.471654
0.009843
0
0.018504
0.107087
0.057087
0.052362
0.235039
0
0.124016
0.659449
0.166142
0.207874
0.05
0.795276
0.097244
0.074016
0.273622
0.04252
0.06811
0
0.011811
0.145669
0.133858
0.349606
0.11811
0.485039
0.07874
0.677165
0.257087
0.026772
0.169291
0.062205
0
0
0
0
0
0
0
0
0
0
0
0
0.005906
0
0
0
0
0
0
0
0
0.211811
0.672441
0.030315
0.112205
0
0.06378
0.006693
0.006693
0.17126
0.034646
0.135827
0.035433
0.030315
0.019685
0.020472
0.162205
0.011811
0.003937
0.003937
0.007874
0.014961
0
0.025591
0
0.001969
0.019685
0.086614
0.009843
0
0
0.090551
0.003937
0.048425
0.111417
0.021654
0.116142
0.093701
0.022441
0.006693
0
0
0.046063
0.108268
0.003937
0.094488
0.011811
0
0.100394
0.057087
0.02874
0
0
0
0.014961
0.02874
0
0
0.025591
0
0
0
0
0
0
0
0
0
0
0
0
0
0
0
0
0
0
0
0
0
0
0
0.00315
0.194882
0.116142
0.018504
0.011811
0.02874
0.040157
0.00315
0.17126
0.02874
0.003937
0
0
0
0.019685
0.001969
0.015748
0
0
0
0
0
0
0
0
0.006693
0.499213
0
0
0
0
0
0
0
0
0
0
0
0
0
0
0.082677
0.359055
0
0
0.005906
0
0
0
0
0
0
0
0
0
0
0
0
0
0
0
0
0
0
0
0
0
0
0
0
0
0
0
0
0
0
0
0
0
0
0.016929
0.054331
0.008661
0
0
0
0
0
0
0
0
0
0
0
0
0
0
0
0
0
0
0
0
0
0
0
0
0
0
0
0
0
0
0
0
0
0
0
0
0.021654
0.01378
0
0
0
0.004724
0.080709
0
0
0
0
0
0
0
0
0
0
0
0
0
0.329921
0.057087
0
0
0
0
0
0
0
0
0
0.160236
0.094488
0
0
0
0
0
0
0
0
0
0
0
0
0
0
0
0.011024
0.124016
0.125984
0.00315
0.001181
0.021654
0.166142
0.026772
0
0.284252
0
0.519685
0.56811
0.02874
0.325591
0.019685
0
0
0.094488
0.004724
0.079921
0.177165
0
0
0.014961
0.257087
0.114961
0.070866
0
0.001181
0
0
0
0
0
0
0.040157
0.005906
0.17126
0.046063
0.75
1.098425
0.475197
0.104331
0.012598
0
0
0
0
0.220472
0.064961
0
0.003937
0.277559
0.201575
0.811024
0.080709
0
0
0
0
0
0.25
0.834646
0.074016
0.052362
0.062992
0.017717
0
0.014961
0.02874
0.007874
0
0
0
0
0.094488
0
0
0
0
0
0
0
0
0
0
0
0
0
0
0
0
0
0
0
0
0
0.317717
0.216535
0.129134
0.173228
0.048425
0.009843
0
0.201575
0
0
0.02874
0
0
0.818898
1.201575
0.158661
0.106299
0.366929
0.074803
0.148819
0.082677
0.05315
0.06811
0.019685
0
0
0
0.007874
0.017717
0.059055
0
0
0
0
0
0
0
0
0
0
0.129921
0.005906
0
0
0
0.044094
0.02874
0.077953
0.037402
0
0
0
0
0
0
0
0
0
0.036614
0.011024
0.016929
0.001969
0.033465
0.045276
0
0.116929
0.02874
0
0.003937
0.087402
0.059055
0.003937
0
0.055118
0.004724
0
0
0
0
0
0
0
0
0.314961
0.009843
0.08189
0
0
0
0
0.17126
0.170079
0
0
0
0
0
0
0
0
0
0
0
0
0
0
0
0
0
0
0
0
0
0
0.043307
0
0
0.672441
0.109449
0.00315
0
0
0.006693
0
0
0
0
0
0
0
0
0
0
0
0
0
0
0
0
0
0
0
0
0
0
0
0
0
0
0
0
0
0
0.009843
0.012598
0
0
0
0
0
0.504724
0.728346
0
0
0
0
0
0
0
0
0
0
0
0
0
0
0
0
0
0
0
0
0
0
0
0
0
0
0
0
0
0
0.062205
0
0
0
0
0
0
0
0
0
0
0
0.051181
0
0
0
0
0.005906
0
0
0
0
0
0
0
0
0
0
0
0.054331
0
0
0.040157
0
0
0
0
0
0
0
0.072047
0.044094
0.034646
0.218504
0
0.048425
0.025591
0.05315
0.004724
0
0
0
0.393701
0.020472
0.139764
0
0
0
0.235039
0.248819
0.11811
1.893701
0.698819
0
0
0
0
0
0
0
0
0
0.190945
0
0
0
0
0
0
0
0
0
0
0.009843
0.222441
0.004724
0.209449
0.004724
0
0.026772
0.112205
0.194094
0.475197
0.043307
0
0
0
0
0
0.03937
0.084646
0
0.009843
0
0
0.005906
0.008661
0.551181
0
0.086614
0.465354
0.065748
0.005906
0.005906
0
0
0
0
0.025591
0.027559
0.059055
0.021654
0.018504
0.743307
0.049213
0
0.045276
0.159449
0.05
0.045276
0.105118
0.216535
0.108268
0.007874
0.080709
0
0
0
0.816142
0.166142
0.215354
0.206693
0.238976
0.074016
0.572835
0.011811
0.127953
0.001181
0.016929
0.025591
0
0
0
0
0.046063
0.007874
0
0
0.005906
0.004724
0.001969
1.91063
0.57874
0.146457
0.124803
0.596457
0.343701
0.097244
0.357087
0.026772
0
0.004724
0
0
0
0
0
0
0.004724
0
0
0
0
0
0
0
0
0.015748
0.072047
0.12126
0.076772
0
0
0
0
0.012598
0.046063
0
0
0
0
0
0.007874
0
0.003937
0
0.068898
0.074803
0.023622
0.068898
0.033465
0.036614
0.058268
0.059843
0.054331
0.001969
0.001181
0
0.072047
0.019685
0
0.035433
0
0.006693
0
0.027559
0
0
0
0
0
0
0.003937
0.066929
0.004724
0
0
0
0
0
0.108268
0
0
0
0
0.023622
0.011024
0.085433
0.114961
0.006693
0
0
0
0
0
0.06378
0.004724
0
0
0
0
0
0.005906
0
0
0
0
0
0
0
0
0
0
0
0
0
0.100394
0
0.018504
0.00315
0.011811
0.151575
0.167323
0.440157
0.430315
0.021654
0.014961
0.198819
0
0.037402
0.01378
0.006693
0
0
0.007874
0
0
0
0
0
0
0
0
0
0
0
0
0.006693
0
0
0
0
0
0
0
0
0
0
0
0
0
0
0
0
0
0
0
0
0
0
0
0
0
0
0
0
0
0
0
0
0
0
0
0
0
0
0
0
0
0
0
0
0
0.065748
0.001181
0.004724
0
0
0
0
0
0
0
0
0.001181
0
0.046063
0
0
0
0
0
0
0
0
0
0
0
0
0
0
0
0
0
0
0
0
0
0
0
0
0
0
0
0
0
0
0
0
0
0
0
0
0
0
0
0
0
0
0
0
0.008661
0.492126
0.114173
0
0
0
0
0.072835
0
0
0
0
0
0
0
0
0
0
0
0
0
0
0
0
0
0
0
0
0.036614
0.038583
0.124803
0.037402
0.235039
0.030315
0.571654
0.011024
0
0.324016
0.004724
0.21378
0.231496
0.012598
0.019685
0
0
0
0
0
0
0.021654
0.032283
0
0
0
0
0
0
0
0
0
0.012598
0
0
0
0
0
0.057087
0
0
0
0
1.040157
0.040157
0.109449
0.045276
0
0
0.401575
0.007874
0.126772
0.224409
0.172441
0.062992
0.306299
0.005906
0.353543
0.322835
0.21063
0.014961
0
0.140945
0.162205
0.011811
0
0.06378
0.425197
0.037402
0.014961
0.006693
0
0
0
0
0
0
0
0
0
0
0
0
0.004724
0.001181
0
0.22126
0.019685
0
0.17126
0
0
0
0
0
0
0
0
0.05315
0
0
0.074016
0.008661
0.126772
0.01378
0.134646
0.072835
0.05315
0.006693
0.041339
0
0
0
0
0.108268
0.599606
0.017717
0.009843
0.021654
0.012598
0
0.022441
0.08189
0.336614
0.133071
0.082677
0.026772
0
0
0.006693
0.007874
0
0
0
0
0.004724
0.298031
0.048425
0
0
0
0
0.044094
0
0.007874
0.011811
0.229134
0
0
0.023622
0.007874
0.007874
0
0.001969
0.074016
0.012598
0
0
0
0.041339
0.090551
0.22126
0
0
0.011024
0.006693
0.006693
0
0
0
0
0
0
0
0
0
0
0
0
0
0.001181
0
0.079921
0.208661
0.948819
0.040157
0.470472
0.04252
0.001969
0
0
0
0
0
0
0.005906
0
0
0
0
0
0
0
0
0
0
0
0
0
0
0
0
0.233465
0.405512
0.017717
0.161417
0.293307
0.190945
0.06378
0
0
0
0.17126
0.152756
0.116929
0.055906
0.109449
0.06811
0.027559
0
0
0
0
0.03937
0
0
0
0
0
0
0
0
0
0
0.00315
0.00315
0
0
0
0
0
0
0
0
0
0
0
0
0
0
0
0
0
0
0
0
0
0
0
0
0
0
0.032283
0.00315
0
0.074803
0
0
0
0.001969
0.058268
0
0
0
0
0
0
0
0
0
0
0
0
0
0
0
0
0
0
0
0
0
0
0
0
0
0
0
0
0
0
0
0
0
0
0
0
0
0
0
0
0
0
0
0
0
0
0
0
0
0
0
0
0
0.023622
0
0
0
0
0
0.001181
0
0
0
0
0
0
0.038583
0.268504
0.077953
0.00315
0
0
0.033465
0.016929
0.007874
0
0
0
0
0
0.079921
0.033465
0
0.125984
0
0
0
0.022441
0.05315
0.015748
0.114961
0
0.009843
0
0.051181
0.006693
0.152756
0.037402
0.019685
0
0.014961
0
0.160236
0.030315
0.001969
0.104331
0.129134
0
0
0
0
0.181102
0.001969
0
0.032283
0
0
0
0
0
0
0
0
0
0
0
0.030315
0.054331
0.005906
0.027559
0.273622
0.01378
0.046063
0.019685
0
0.019685
0.086614
0.016929
0
0
0
0.020472
0
0.114961
0.198031
0.080709
0.093701
0.088583
0
0
0.055906
0.033465
0.062992
0.038583
0.089764
0.001181
0.005906
0.106299
0.166142
0.055118
0.001181
0
0
0.069685
0.209449
0.048425
0.086614
0.048425
0
0.022441
0.279528
0.455512
0.001181
0
0
0.008661
0.048425
0
0.057087
0.172441
0.001181
0.084646
0.019685
0.009843
0.051181
0.035433
0
0.069685
0.106299
0.072835
0
0.027559
0.008661
0
0
0
0
0
0
0
0.21063
0.005906
0
0.065748
0
0
0
0.129921
0.085433
0.022441
0
0
0
0.012598
0.051181
0.011811
0
0.299213
0
0
0
0
0
0
0
0
0.049213
0
0
0.279528
0.011811
0
0
0.023622
0.152756
0.085433
0.012598
0.005906
0.230315
0.004724
0.105118
0.022441
0
0.011811
0
0
0
0.047244
0.105118
0.043307
0.034646
0
0
0
0
0.172441
0.166142
0.05315
0
0
0
0
0.420472
0.251969
0.052362
0.037402
0.003937
0
0
0.011811
0
0
0
0
0
0.146457
0.194094
0.001181
0
0
0
0
0
0.001181
0.005906
0.02874
0
0.080709
0.047244
0
0.003937
0.109449
0.155512
0.170079
0
0
0
0.005906
0.001181
0.22126
0.463386
0.035433
0
0.001969
0
0.074016
0.047244
0.009843
0
0
0
0
0
0
0
0
0
0
0
0
0
0
0
0
0
0
0
0.001181
0
0.014961
0.06378
0.001181
0
0
0.057087
0
0
0
0
0
0
0
0
0
0
0
0
0
0
0
0
0
0.02874
0.11811
0
0
0
0
0
0
0
0
0
0
0
0
0
0
0
0
0
0
0.01378
0
0
0.024409
0
0
0
0
0
0
0
0
0
0
0
0
0.016929
0
0
0
0
0
0
0
0.003937
0.023622
0
0
0
0
0
0
0
0
0.01378
0.384646
0.119291
0
0
0
0
0
0
0
0
0
0
0
0
0
0.151575
0
0
0
0
0.001969
0
0
0
0
0
0
0
0
0
0
0
0
0
0.425984
1.330709
0.679921
0.088583
0.012598
0.25315
0.393701
0.001181
0.03937
0.016929
0
0
0
0
0.059843
0.306299
0.14252
0.001181
0.279528
0.001969
0.005906
0
0.006693
0.037402
0.005906
0
0.25315
0.192913
0.008661
0.160236
0.089764
0.461811
0.015748
0
0
0.555906
1.091732
0
0.009843
0.096457
0.324016
0.546457
0.029528
0.004724
0.113386
0.001181
0.027559
0.167323
0.198031
0.11811
0.014961
0.096457
0.580709
0.037402
0
0
0.225197
0.156299
0.312992
0.015748
0.020472
0.001181
0
0
0.325591
0.147638
0.138976
0.835827
0.077953
0.018504
0
0.026772
0.001181
0
0
0
0
0
0.001181
0
0
0.05
0.169291
0.327165
0.224016
0.185039
0.185039
0.083465
0.020472
0.015748
0
0
0
0
0
0
0
0
0
0.025591
0.030315
0.006693
0
0
0
0
0.001181
0.001181
0.011024
0.008661
0
0
0
0
0.006693
0.284646
0.537795
0.409843
0.615748
0.36811
0.605906
0.369291
0.001969
0.00315
0.168504
0.313386
0.156693
0.004331
0
0.001969
0.004331
0.059055
0.065748
0.16063
0.46063
0.475984
0.226378
0.045669
0.255118
0.248425
0.059055
0.009055
0.27874
0.545669
0.643307
0.315354
0.252362
0.31378
0.280709
0.134646
0.207874
0.112598
0.004331
0.178346
0.263386
0.180315
0.166142
0.116929
0.172835
0.085039
0
0.007087
0.004724
0
0.118504
0.081496
0.061417
0.144094
0.03937
0
0.049213
0.030315
0.030315
0.019291
0.070866
0.138976
0.146063
0.270866
0.130709
0
0.244488
0.145276
0
0.175197
0.165354
0.080709
0.025197
0
0.038583
0.025197
0.001181
0
0
0
0
0
0
0
0.008268
0.003937
0
0.072441
0.043701
0
0.001969
0.343701
0.235827
0.045276
0.018504
0.001969
0
0
0
0.005118
0.255512
0.234646
0.116929
0.041732
0.062598
0.042913
0.159843
0.391339
0.33937
0.09252
0
0.012205
0.023228
0.00748
0
0
0
0
0
0.001181
0
0
0
0
0
0
0
0
0
0
0
0
0
0
0.422441
0.310236
0.033465
0
0
0
0
0
0
0
0
0
0
0
0
0
0
0
0.074803
0.043307
0.161024
0.291732
0.113386
0
0
0
0
0
0
0
0
0
0
0
0.147244
0.077953
0
0
0
0
0
0
0
0
0
0
0
0
0
0
0
0
0
0
0
0
0
0
0
0
0
0
0
0
0
0
0
0
0
0
0
0
0
0
0
0
0
0
0
0
0
0
0
0
0
0
0
0
0
0
0.032677
0.011811
0
0
0
0
0
0.014567
0.156693
0.409843
0.250394
0.035433
0
0
0.109449
0.272835
0.124016
0
0
0
0
0.011024
0.006693
0
0
0
0
0
0
0
0
0
0
0
0
0.001181
0
0
0.003937
0.020079
0.024803
0.188583
0.399213
0.072047
0
0
0
0
0
0
0.00315
0.044882
0.037795
0.025984
0.133858
0.187795
0.074016
0.020079
0.027953
0.148819
0.14685
0.037795
0
0.009055
0.016142
0.022835
0.014961
0
0
0
0
0
0
0
0
0
0
0
0
0
0
0
0
0
0
0
0
0
0
0
0
0
0.001181
0.041339
0.106299
0.41063
0.297244
0.048819
0.001181
0
0
0
0
0
0
0
0
0
0
0
0
0
0.062598
0.037008
0.053937
0.624803
0.498425
1.030709
0.505906
0.150394
0.222047
0.379134
0.347638
0.157087
0.035433
0
0.038189
0.023622
0.065748
0.040551
0
0
0
0
0
0
0
0
0.025197
0.014173
0.494094
0.154331
0.076772
0.03937
0.029528
0.022835
0.004331
0.031496
0.058268
0.025197
0.001181
0
0.055906
0.035039
0.008661
0
0.333071
0.240157
0.027559
0.001181
0
0
0.019685
0.045669
0.001969
0
0
0.072047
0.057874
0.362205
0.458268
0.064567
0.31378
0.464961
0.177165
0.004331
0.083071
0.265748
0.390551
0.201181
0.026378
0.022047
0.113386
0.090551
0.367323
0.262598
0.327165
0.270472
0.46378
0.22874
0.001181
0.260236
0.181102
0.01811
0.001181
0
0
0
0.079134
0.130709
0.292913
0.148819
0.002362
0.043307
0.02874
0.032283
0.110236
0.070866
0.009449
0
0
0.007087
0.003543
0.18937
0.123228
0.002362
0
0
0
0
0.038976
0.06063
0.027559
0.00315
0
0
0
0
0
0
0
0
0
0
0.001181
0.015748
0.007087
0
0
0.018504
0.009055
0.011024
0.433858
0.216142
0.049213
0.008268
0
0
0
0
0
0
0.387402
0.349606
0.06811
0.012205
0.00748
0
0.001181
0
0
0
0
0
0
0
0
0
0
0
0
0.291339
0.243307
0.041339
0.02126
0.012205
0
0.019291
0.012205
0.806299
0.469685
0
0
0
0
0
0
0
0
0
0
0
0
0
0
0.381496
0.225591
0
0
0
0
0
0
0
0
0
0
0
0
0
0
0
0
0
0
0.003937
0.001969
0
0
0
0
0
0
0
0
0
0
0.005906
0.004724
0
0
0
0
0
0
0
0
0
0
0
0
0
0
0
0
0
0
0
0
0
0
0
0
0
0
0
0
0
0
0
0
0
0
0
0
0
0
0
0
0
0
0
0
0
0
0
0
0
0
0
0
0
0
0.001575
0.002756
0.001181
0.143701
0.081496
0.001181
0
0.006693
0.002756
0.300394
0.182283
0.093701
0.109449
0.030709
0.018898
0.01378
0.001181
0
0.001181
0.017323
0.007087
0
0
0
0
0
0
0.007874
0.009055
0.048819
0.057874
0.042913
0.014173
0
0
0.011024
0.314173
0.183858
0.020079
0.457874
0.269291
0.029921
0.001969
0.005118
0.001969
0
0
0.001181
0.630315
0.559055
1.229921
0.666142
0.291732
0.591732
0.255906
0.001181
0.001181
0
0
0
0.01063
0.006299
0
0.025197
0.133071
0.147638
0.08937
0.029921
0
0.107874
0.304331
0.185433
0.119685
0.053937
0.090945
0.172047
0.048819
0.047638
0.027953
0.001181
0
0
0
0
0
0.438189
0.457087
0.323228
0.145276
0.177165
0.212992
0.080315
0.003937
0
0
0
0
0
0
0
0
0
0
0.150394
0.131496
0.158268
0.086614
0.137402
0.08937
0.005906
0
0
0
0
0
0
0
0.021654
0.026378
0.006693
0
0
0
0
0
0
0
0
0
0.024016
0.022835
0.06811
0.046063
0.085433
0.052362
0.007874
0.00315
0
0.04252
0.027559
0
0.017323
0.009843
0
0.101575
0.079528
0.011811
0
0
0
0
0
0
0
0
0
0
0
0.032677
0.082283
0.035827
0
0
0
0.103937
0.081102
0.011811
0.001181
0
0.04685
0.127953
0.057874
0.001181
0.011024
0.080709
0.117717
0.051575
0.082677
0.045669
0
0.008268
0.003543
0
0
0
0.004724
0.004724
0
0
0.024016
0.012992
0
0
0
0
0
0
0
0
0
0
0
0
0
0
0.005118
0.141732
0.091339
0.318898
0.19685
0
0
0
0
0.00315
0.023622
0.035827
0.012205
0.090157
0.053543
0
0.037795
0.029921
0.005118
0
0.020472
0.158661
0.127953
0.027559
0.001181
0
0
0
0
0
0
0
0
0
0
0
0
0
0
0
0
0
0
0
0.052362
0.164173
0.076772
0
0
0.061417
0.121654
0.114961
0.038976
0
0
0
0
0.009843
0.027559
0
0
0
0
0
0
0
0
0
0
0
0
0
0
0
0
0
0
0
0
0
0
0
0
0
0
0
0
0.006299
0.002756
0
0
0
0
0
0.000787
0.000787
0.002756
0.03937
0.022835
0.014173
0.008268
0
0
0
0
0
0
0
0
0.158661
0.095669
0
0.193701
0.111811
0
0
0
0
0
0
0
0
0
0
0.001575
0
0
0
0
0
0
0
0
0
0.020866
0.046063
0.018504
0
0.493307
0.391339
0.070866
0.059055
0.158661
0.092913
0.013386
0.001575
0.535433
0.603543
0.161417
