start_date: 1960-10-01 24:00
start_date: 2013-09-30 24:00
data_date: 1960-10-01 24:00
timestep: 1 DAY
units: in/day
scale: 1.000000
#Series Slot: JC Boyle Reservoir.Precipitation Rate [1 in/day]
0
0
0
0
0.395669
0.198031
0.183071
0
0
0
0.004724
0.00315
0
0
0
0
0
0
0
0
0
0
0.005906
0.011024
0.070866
0.04252
0.040157
0.014961
0
0
0
0
0
0
0
0
0.009843
0.001969
0
0
0.114173
0.122835
0.209449
0.184252
0.152756
0.110236
0.051181
0.357087
0.10315
0
0.179921
0.030315
0.023622
0.762992
0.941732
0.90748
0.161417
0.004724
0
0
0.36811
0.994094
0.119291
0.044094
0
0
0
0
0
0
0
0
0
0
0
0.032283
0.451969
0.340551
0.17126
0.001181
0
0
0
0
0
0.006693
0
0
0
0
0
0
0
0
0
0
0
0
0.003937
0.03937
0.007874
0
0
0
0.104331
0.001181
0
0
0
0
0
0
0
0.015748
0.017717
0
0
0
0
0.006693
0.038583
0.490157
0.207874
0.29252
0.275591
0.018504
0.001181
0.016929
0.061024
0.109449
0.194882
0.604331
0.406299
0.274409
0.026772
0.011024
0.169291
0.172441
0.033465
0.05
0.00315
0.015748
0
0.062205
0.005906
0.058268
0.043307
0.022441
0.11811
0.095276
0
0.160236
0
0.041339
0.124016
0.573622
0.033465
0
0.00315
0.148819
0.153543
0.038583
0.114961
0.001181
0.080709
0.255906
0.104331
0.009843
0
0.09252
0.001969
0.036614
0.06378
0.320866
0.234252
0.408661
0.173228
0.041339
0.001969
0
0
0
0
0
0
0
0
0
0
0.001181
0
0
0.027559
0.143701
0
0
0
0
0
0.069685
0
0.017717
0.240157
0.220472
0.027559
0
0
0
0
0.032283
0.018504
0.017717
0.10315
0
0.014961
0.041339
0.08189
0.06378
0.001181
0.068898
0.535433
0.286614
0.091732
0
0
0
0
0
0
0
0
0.006693
0.004724
0.006693
0
0
0.020472
0.008661
0
0.062205
0.383858
0.12126
0.001181
0.535433
0.153543
0.137795
0.044094
0
0.07874
0
0.004724
0
0.006693
0.093701
0
0
0
0
0
0
0
0
0
0
0
0
0
0.005906
0
0
0
0
0
0
0
0
0
0
0
0
0
0
0
0
0.011811
0
0
0
0
0
0
0
0
0
0
0
0
0
0
0
0
0
0
0
0
0
0
0.031496
0.098425
0
0
0.019685
0
0
0
0.085433
0.372047
0
0
0
0
0
0
0
0
0
0
0
0
0
0.015748
0
0
0
0
0.005906
0
0
0
0
0
0
0
0
0
0
0
0
0
0.079921
0.45
0.564961
0.003937
0
0
0
0
0
0
0
0
0
0
0
0
0
0
0
0
0
0.011811
0.00315
0
0
0.257087
0.209449
0.02874
0
0
0
0
0
0
0.023622
0.026772
0.076772
0
0.00315
0.001181
0.122835
0.316929
1.310236
0.032283
0
0
0
0.01378
0.062205
0.024409
0
0
0
0
0
0
0.031496
0
0
0
0
0
0
0
0
0.114961
0.055906
0.195669
0.15748
0.148819
1.461417
0.494094
0
0
0.036614
0.12126
0.046063
0.229134
0.08189
0.003937
0.023622
0.00315
0
0.011024
0
0.00315
0
0
0.001181
0.253937
0.184252
0.04252
0.383858
0.192126
0.199606
0.909449
0.585827
0.04252
0
0
0.018504
0.007874
0.011024
0
0
0
0
0
0
0
0
0
0.015748
0.061024
0.003937
0
0
0
0.188976
0.17126
0.008661
0.069685
0.003937
0
0.145669
0.33937
0.925197
0.155512
0
0
0
0.001181
0.003937
0
0
0
0
0
0
0
0
0
0
0.008661
0.083465
0.259843
0.129134
0.185827
0.074803
0.109449
0.160236
0.133071
0.187008
0.522441
0.095276
0.059055
0.064961
0.012598
0.009843
0
0.009843
0.051181
0.005906
0.003937
0
0.036614
0.082677
0.183071
0.373228
0.129134
0.004724
0.048425
0.038583
0.011811
0.069685
0.076772
0.337402
0.033465
0
0
0
0.003937
0.011024
0.001181
0.059843
0.016929
0.033465
0.228346
0.226378
0.038583
0.114961
0.011811
0
0
0
0
0
0
0
0
0
0.006693
0
0
0.008661
0.018504
0
0
0
0
0
0.00315
0
0
0
0
0.05315
0.011024
0
0
0
0
0
0.006693
0.559055
0.057087
0.005906
0.015748
0.017717
0.018504
0.011811
0
0
0.015748
0.098425
0.10315
0.102362
0.135827
0.03937
0.005906
0.017717
0
0.014961
0
0.001181
0.003937
0.035433
0.009843
0
0.316929
0.188189
0.12126
0.024409
0.021654
0.004724
0.011024
0
0
0
0
0.175197
0.020472
0
0
0
0
0
0
0
0
0
0.011024
0.016929
0
0
0
0
0
0
0
0.00315
0
0
0
0
0
0
0
0
0
0
0
0
0
0
0
0
0
0
0.037402
0.001969
0
0
0
0
0
0
0
0
0
0
0
0
0
0
0
0.011024
0
0
0
0
0
0
0
0
0.110236
0.17126
0.179134
0.018504
0
0
0
0
0
0
0
0
0
0
0
0
0
0
0
0
0
0
0
0
0
0
0
0
0
0
0
0
0
0
0
0.04252
0
0
0
0
0
0
0
0
0
0
0
0
0
0
0
0.001969
0.032283
0.734252
0
0
0
0.138976
0.055906
0.005906
0
0
0.135827
0.730315
1.862205
0.75
0.954724
1.200787
0.25315
0.125984
0.007874
0
0
0
0
0
0
0
0
0
0
0
0
0
0
0
0
0
0
0
0.024409
0.001969
0
0
0.058268
0.153543
0.068898
0.309055
0.151575
0
0
0.065748
0.086614
0.05315
0.001181
0
0.051181
0.124016
0.027559
0
0
0.769685
0.355118
0.041339
0.001181
0
0.04252
0.660236
1.190157
0.076772
0
0
0
0
0
0
0
0
0.024409
0.040157
0.376772
0.217717
0.264567
0.114173
0
0
0
0
0
0
0
0
0
0
0
0
0
0
0
0.021654
0.004724
0
0
0
0
0
0
0
0
0
0
0
0
0
0
0
0
0
0
0
0
0
0
0
0
0.040157
0.504724
0.773622
1.322835
0.275591
0.553937
0.122835
0.100394
0.074803
0.017717
0
0.009843
0
0
0
0.166142
0.047244
0
0.011811
0.108268
0.088583
0.112205
0.155512
0.093701
0.001181
0
0
0
0.166142
0.022441
0
0.008661
0
0.036614
0
0
0.005906
0.007874
0
0
0
0
0.003937
0
0.016929
0.179921
0.18189
0.244094
0.012598
0
0
0
0
0.059843
0.003937
0
0
0.253937
0.310236
0.13189
0.086614
0.17126
0.032283
0.05
0.008661
0
0.01378
0.773622
0.379921
0.05315
0.15748
0.137795
0.06378
0.004724
0.00315
0.269685
0.609449
0.420472
0.048425
0.041339
0.272835
0.072835
0.040157
0
0
0
0
0.046063
0.023622
0
0
0
0.001181
0.024409
0.110236
0.113386
0.057087
0
0.087402
0.043307
0.062205
0.091732
0.104331
0.068898
0.055118
0
0
0.009843
0
0
0
0
0.286614
0.179134
0.012598
0
0
0
0
0
0
0.104331
0.005906
0.007874
0
0.031496
0.014961
0.069685
0.052362
0
0
0
0
0
0
0
0
0
0.058268
0
0
0.061024
0.072835
0.008661
0.114173
0.147638
0
0
0
0.022441
0.110236
0.12126
0.005906
0
0
0
0
0
0.008661
0.001969
0.023622
0.00315
0.004724
0
0
0
0
0
0
0.001969
0
0
0
0
0
0
0
0
0
0
0
0
0
0
0
0
0
0
0
0
0
0
0.044094
0.244882
0.014961
0
0
0
0
0
0
0
0
0
0
0
0
0.00315
0
0
0
0
0
0
0.170079
0.163386
0
0
0
0
0
0
0
0.055906
0.02874
0
0
0.169291
0.018504
0
0.102362
0
0.011024
0
0
0
0
0.004724
0
0
0
0
0
0
0
0
0
0
0
0.029528
0.075591
0.11811
0
0
0
0.268504
0.15748
0.00315
0
0
0
0
0
0
0
0.084646
0.001969
0.529528
0.189764
0.184252
0.048425
0
0.051181
0.015748
0.01378
0.00315
0
0
0.009843
0.134646
0.035433
0.190945
0.046063
0.387795
1.114173
0.079921
0
0
0
0.422441
0.56378
0.034646
0.003937
0.017717
0.012598
0.203937
0
0.001969
0.358268
0.164567
0.003937
0
0.00315
0
0
0
0
0
0
0
0
0.027559
0
0.082677
0.153543
0.061024
0
0
0
0
0
0
0
0
0
0.212598
0.069685
0
0
0
0
0
0.281496
0.136614
0.124803
0.047244
0
0.381102
0.37874
0.054331
0.011024
0
0.077953
0.675984
0.055118
0
0.396457
0.024409
0
0
0.04252
0.008661
0.011811
0.240157
0.617323
0.389764
1.383858
1.194882
0.116929
0.097244
0.15748
0.120079
0
0
0
0
0.014961
0
0.205512
0.001181
0
0
0
0
0
0
0
0
0.037402
0
0.011811
0.004724
0.124016
0.175984
0.012598
0
0
0
0
0
0
0
0
0
0
0
0.003937
0.055906
0.258661
0.057087
0.105118
0.244094
0.199606
0.036614
0
0.058268
0.065748
0.003937
0.324803
0.129921
0.011024
0.021654
0
0
0
0
0
0.020472
0.066929
0.019685
0.122835
0.034646
0
0
0
0
0
0
0.129921
0.101575
0.01378
0
0.00315
0.017717
0
0
0
0.045276
0.032283
0.006693
0
0
0
0
0
0
0
0
0
0
0.038583
0.02874
0.009843
0
0
0
0
0
0.265748
0.066929
0.138976
0.055118
0.075591
0.046063
0
0
0
0
0
0
0
0
0
0
0.004724
0.015748
0
0
0
0
0
0
0
0
0.038583
0.430315
0.011024
0
0
0.011811
0.006693
0
0.020472
0.030315
0.445669
0.681102
0.149606
0.119291
0.048425
0.023622
0.001181
0
0
0.204724
0.17126
0.033465
0.043307
0.065748
0
0
0
0
0
0
0
0
0
0
0
0
0
0.003937
0
0.019685
0
0
0
0
0
0
0
0
0.104331
0.008661
0
0
0
0
0
0
0
0
0
0
0
0
0
0.01378
0.324016
0.13189
0.018504
0.046063
0
0
0
0
0
0
0
0
0
0
0
0
0
0
0
0
0
0
0
0
0
0
0
0
0
0
0
0
0
0.006693
0.029528
0
0
0
0
0
0
0
0
0
0
0
0
0
0
0.001969
0
0
0
0
0
0
0
0
0
0
0
0
0
0
0
0
0
0
0
0
0.005906
0.003937
0
0
0
0
0
0
0
0
0
0
0
0
0
0
0
0
0
0
0.021654
0.129134
0.189764
0.00315
0.09252
0.116929
0.022441
0
0.011024
0
0
0
0.21378
0.141732
0.096457
0.247244
0.28937
0.035433
0.001181
0
0
0
0
0
0
0.040157
0.016929
0.066929
0.385827
0.22126
0.158661
0.23622
0.110236
0.011811
0.534252
0.46063
0.281496
0.020472
0.141732
0.015748
0.035433
0.240945
0.504724
0.485039
0.669291
0.04252
0
0
0.257087
0.064961
0
0
0.278346
0.307874
0.555118
3.311811
3.471654
1.204724
0.836614
0.314961
0.348425
0.143701
0.181102
0.217717
0.21378
0.129134
0.093701
0.334646
0.088583
0.153543
0.432283
0.283465
0.015748
0.558268
0.346457
0.700787
0.183071
0
0
0
0
0
0
0
0.003937
0.007874
0.007874
0.032283
0.667323
0.037402
0.070866
0.070866
0.00315
0.190945
0.054331
0.001969
0
0
0
0
0
0.023622
0
0
0.03937
0.001969
0
0
0
0.038583
0.008661
0
0
0
0
0
0
0.006693
0
0
0
0
0.283465
0.185827
0
0
0
0
0
0
0
0
0
0
0
0
0.001181
0
0
0
0
0
0
0
0
0
0
0
0
0.047244
0.02874
0
0
0
0
0.234252
0.257087
0.001181
0
0.004724
0.105118
0.074016
0
0.019685
0.085433
0.160236
0.011811
0
0.005906
0.001181
0.11811
0.116142
0.040157
0.218504
0.064961
0.045276
0.05315
0.012598
0.003937
0
0
0
0.003937
0.070866
0
0
0.015748
0
0.00315
0.038583
0.083465
0.007874
0
0
0
0
0
0
0
0
0
0
0
0
0.032283
0.13189
0.223622
0.052362
0.001181
0
0
0
0
0
0
0
0
0
0
0
0
0
0
0
0.015748
0.04252
0
0
0.005906
0.069685
0.068898
0.046063
0.366142
0.251969
0.004724
0
0
0
0
0
0
0.007874
0
0
0
0
0.046063
0.001969
0
0
0
0
0
0
0
0
0
0
0
0
0
0
0.006693
0.011811
0
0
0
0
0
0
0
0.014961
0
0
0
0
0
0
0.001969
0
0.00315
0
0
0
0
0
0
0.007874
0.224409
0.014961
0
0
0
0
0.025591
0.366142
0.035433
0.016929
0.033465
0.024409
0.070866
0.340551
0.109449
0
0
0
0
0
0
0
0
0
0
0
0
0
0
0
0
0
0
0
0
0
0
0
0
0
0
0
0
0
0
0
0
0
0
0
0
0
0
0
0.049213
0.011024
0
0
0
0
0
0
0
0
0.079921
0.031496
0
0.035433
0
0
0
0
0
0
0
0
0
0.005906
0
0
0
0
0
0
0.152756
0.031496
0
0
0.208661
0.03937
0
0.025591
0.782677
0.244882
0.047244
0.012598
0.008661
0.026772
0.803937
0.244882
0.119291
0.005906
0
0.112205
0.374016
0.333858
0.14252
0.076772
0.001181
0
0
0
0
0
0
0.001969
0.036614
0
0.001969
0
0
0
0
0.003937
0
0
0
0
0
0
0
0
0.090551
0.011024
0.415354
0.494094
0.105118
0.005906
0.349606
0.451969
0.046063
0.04252
0.054331
0.02874
0.08189
0.473228
0.40748
0.965354
0.097244
0.049213
0.014961
0
0.14252
0.004724
0
0
0.035433
0.005906
0
0
0
0
0
0.027559
0.088583
0.102362
0.001181
0
0
0
0.032283
0.06378
0.005906
0.110236
0.016929
0
0
0.018504
0.044094
0.022441
0.001181
0.005906
0.212598
0.029528
0.030315
0.001969
0
0.011811
0
0
0
0.018504
0.011024
0.00315
0
0.020472
0.094488
0.046063
0.020472
0.006693
0
0.032283
0.088583
0.189764
0
0.029528
0.016929
0.181102
0.049213
0.019685
0.372047
0.11811
0
0.066929
0.005906
0.011024
0.095276
0.088583
0.001181
0.126772
0.114173
0.07874
0.011024
0
0
0
0
0
0
0
0
0
0
0
0
0
0
0
0
0
0.077953
0.208661
0.131102
0.099606
0.024409
0
0
0
0
0.007874
0
0
0
0
0
0
0
0
0
0
0
0
0
0
0
0
0.259843
0.110236
0
0
0.009843
0.018504
0
0
0
0
0
0.001181
0
0
0
0
0
0
0
0
0
0
0
0.043307
0
0.174409
0.098425
0.074803
0.085433
0.21063
0.01378
0
0
0.11811
0.094488
0.166142
0.033465
0
0
0
0
0
0.018504
0.00315
0
0
0
0
0
0.001181
0.048425
0.016929
0
0
0
0
0
0
0.062992
0.024409
0
0
0
0
0
0
0.127953
0
0.012598
0.048425
0.018504
0.006693
0
0
0
0
0
0
0
0
0
0
0
0
0
0
0
0
0
0
0
0
0
0
0
0
0
0
0
0
0
0
0
0
0
0.017717
0.001181
0
0
0
0
0
0
0.283465
0.244094
0
0
0
0
0
0
0
0
0
0
0
0
0
0
0.00315
0
0
0.004724
0
0
0
0.366929
0.116142
0
0
0
0
0
0
0
0
0
0
0
0
0
0
0
0
0
0
0
0
0
0
0.034646
0.07874
0.004724
0
0
0
0
0
0
0.266929
0.149606
0.098425
0
0
0
0
0
0
0
0
0
0
0
0
0
0.258661
0.075591
0
0
0.059843
0.258661
0.150787
0.149606
0.044094
0.032283
0.651575
0
0.017717
0.141732
0.667323
0.674016
0.229134
0.020472
0
0
0.111417
0
0.194094
0.25
0.017717
0.28937
0.456693
0.761811
0.040157
1.445669
0.161417
0.022441
0.095276
0.267717
0.185827
0
0.031496
0.075591
0.281496
0
0
0
0
0
0
0.003937
0
0
0.006693
0.091732
0.062205
0
0
0.003937
0.026772
0
0.006693
0.008661
0
0
0.262992
0.032283
0.006693
0
0
0
0
0
0.13189
0.011024
0
0
0
0
0
0.617323
0.876772
0.307087
0
0.001969
0.014961
0.920472
0.311024
0.231496
0.199606
0.025591
0.15748
0.006693
0
0
0
0
0
0
0
0
0
0
0
0
0.343701
0.062205
0.150787
0.07874
0.012598
0
0
0
0
0
0
0.048425
0.004724
0
0
0.022441
0.04252
0
0
0
0
0
0
0
0.629921
0.767717
0.072047
0.038583
0.084646
0
0.211811
0.206693
0.062992
0.036614
0.161417
0.012598
0
0.104331
0.097244
0
0
0
0
0.147638
0.05315
0.072835
0.04252
0
0
0.114961
0.033465
0.113386
0.229134
0.055118
0.012598
0.051181
0.001969
0.00315
0
0.271654
0.228346
0.04252
0.173228
0.370079
0.023622
0.015748
0.025591
0
0.029528
0
0.046063
0.091732
0.122047
0.192913
0.012598
0.026772
0
0
0
0
0
0
0
0
0.290551
0.530709
0.072835
0.225197
0.00315
0
0
0
0
0
0
0
0
0
0
0
0
0
0
0.036614
0.020472
0.01378
0.179921
0.116929
0.32874
0
0
0.033465
0.062205
0.03937
0
0
0
0
0
0.001181
0
0
0
0
0
0.061024
0.163386
0.501969
0.043307
0
0
0
0
0
0
0
0
0
0
0
0
0
0
0
0
0
0
0
0
0
0
0
0
0
0
0
0
0
0
0
0
0
0
0
0
0.016929
0
0
0
0
0
0
0
0
0
0
0
0
0
0
0
0
0
0
0
0
0
0
0
0
0
0
0
0
0
0.009843
0
0
0
0
0
0
0
0
0
0
0
0
0
0.011024
0
0
0
0
0
0
0.044094
0
0
0
0
0
0
0
0
0
0
0
0
0.011811
0.08189
0.857087
0.006693
0.11811
0.012598
0
0
0
0
0
0.001181
0
0
0
0
0
0
0
0
0.03937
0.177165
0.007874
0
0.032283
0
0
0.254724
0.062992
0
0
0
0
0
0
0
0
0
0
0.049213
0.044094
0
0
0
0.21378
0.020472
0
0
0.001181
0
0
0
0
0
0
0.001181
0
0
0.079921
0.169291
0.258661
0.030315
0
0.14252
0.048425
0.689764
0.09252
0.464567
0.072047
0
0
0
0
0.008661
0
0
0
0.014961
0.499213
0.082677
0.011811
0.016929
0.06378
0.011024
0
0
0
0
0
0
0
0
0.007874
0.007874
0.001969
0
0
0
0
0.001969
0.049213
0.547244
0.107087
0
0.046063
0.257087
0.312205
0.105118
0.06811
0
0
0
0
0
0
0
0
0.029528
0.044094
0.007874
0.174409
0.190945
0.029528
0
0.031496
0.258661
0
0
0
0
0
0
0.016929
0
0
0
0
0
0
0.016929
0.064961
0.030315
0.174409
0.364173
0.40748
0.709449
0.079921
0
0
0
0
0
0
0
0
0
0.076772
0.076772
0.069685
0.020472
0
0
0
0
0.167323
0.003937
0.011811
0.047244
0.267717
0.101575
0
0
0
0
0
0.052362
0.278346
0.100394
0
0
0
0
0
0
0.066929
0.001969
0
0.089764
0.030315
0
0
0
0
0
0
0
0
0
0.003937
0.009843
0
0
0
0
0
0.012598
0.146457
0
0
0
0
0
0
0
0
0
0
0
0
0
0
0
0
0.14252
0.03937
0.160236
0.057087
0
0
0
0
0
0.21378
0.069685
0.009843
0
0.05315
0.110236
0.006693
0
0
0
0
0
0
0.111417
0.055906
0.031496
0.110236
0.205512
0.011024
0
0
0
0
0
0
0
0
0
0
0
0.096457
0
0
0
0
0
0
0
0
0
0.003937
0
0
0
0
0
0
0.373228
0.005906
0
0
0
0
0
0
0
0
0
0
0
0
0
0
0
0
0
0
0
0
0
0
0
0
0.136614
0.049213
0.025591
0
0
0
0
0.074016
0.154331
0
0.024409
0
0
0.189764
0.006693
0.074016
0.031496
0.102362
0.223622
0.265748
0.108268
0.019685
0
0
0
0.173228
0.026772
0
0
0
0
0
0
0
0
0
0
0
0
0
0
0
0
0
0.097244
0.011024
0.003937
0
0
0.055906
0.015748
0.00315
0
0
0
0
0
0
0
0
0
0
0
0
0
0
0
0
0
0
0.001181
0.005906
0.366142
0.070866
0.001181
0.12126
0.024409
0
0.004724
0
0.405512
0.05
0
0
0
0
0
0
0
0.001181
0.091732
0.084646
0
0.251181
0.087402
0
0.160236
0.01378
0.077953
0.127953
0.276772
0.004724
0.014961
0.295276
0.069685
0
0.685827
0.147638
0.029528
0.26063
0.077953
0
0
0.106299
0.070866
0.057087
0.204724
0.032283
0
0
0
0.106299
0.238189
0.111417
0
0
0.048425
0.001181
0.011024
0.051181
0
0.217717
0.782677
0.022441
0
0.106299
0.08189
0.346457
0.113386
0.032283
0.337402
0.051181
0
0
0.803937
0.310236
0.061024
0.366142
0
0.286614
0.024409
0.038583
0.003937
0.091732
0.090551
0.114173
0.007874
0
0
0
0.174409
0
0.031496
0.301181
0.404331
0.748031
0.147638
0.06378
0.104331
0
0
0.519685
0.861417
0.948031
0.149606
0.114961
0
0.284252
0.531496
0.334646
0.311024
0.059843
0.175197
0.044094
0.432283
0.226378
0
0
0.192126
0.096457
0.044094
0
0.153543
0.012598
0.055906
0.134646
0.001181
0.049213
0.015748
0.001969
0
0
0.001181
0.019685
0.100394
0
0.094488
0.031496
0.179921
0.020472
0
0.033465
0.173228
0.044094
0.152756
0.025591
0
0.07874
0.086614
0
0.009843
0.001181
0
0
0
0
0
0
0
0.122835
0.006693
0
0
0
0
0
0
0
0
0
0
0
0
0
0
0.04252
0.012598
0.231496
0.084646
0.007874
0
0
0
0
0
0.006693
0.058268
0.025591
0
0
0.15748
0
0
0
0
0.036614
0.219291
0.019685
0
0
0
0.018504
0
0
0
0.004724
0.007874
0
0
0
0
0
0
0
0.21063
0.424016
0.105118
0.027559
0
0
0
0.086614
0
0
0
0
0
0
0
0.06378
0.044094
0
0
0
0
0
0
0
0.004724
0.734252
0.008661
0.004724
0.188189
0.376772
0.174409
0.027559
0
0.001969
0
0.011811
0
0
0.172441
0.114173
0
0
0.120079
0.179921
0.011024
0.093701
0.044094
0.049213
0
0
0
0
0
0
0
0
0
0
0
0
0
0
0
0
0
0
0
0
0
0
0
0
0
0.029528
0.048425
0
0
0
0
0
0
0
0
0
0
0
0
0
0
0
0
0
0
0
0
0
0
0
0
0
0
0
0
0
0
0
0
0
0
0
0
0
0
0
0
0
0
0
0
0
0
0
0
0
0
0
0
0
0
0.047244
0.037402
0
0.124016
0
0.009843
0.003937
0
0
0
0
0
0
0
0.271654
0.029528
0
0
0
0
0.350394
0.129134
0.482283
0.098425
0
0
0
0.084646
0.674016
0.302362
0.160236
0
0
0
0
0
0
0
0
0.015748
0.016929
0
0
0
0
0
0
0
0.780709
0.06811
0
0
0
0
0
0
0
0
0
0.008661
0.124803
0
0
0
0
0
0
0
0
0
0
0
0
0
0
0
0
0.003937
0
0.001969
0.003937
0.200787
0.154331
0.055906
0.018504
1.139764
0.685039
0.346457
0.149606
0
0.003937
0.08189
0.244882
0.894882
2.255118
0.240945
0.543307
0.13189
0.055118
0.141732
0.085433
0
0
0
0
0
0
0
0.04252
0
0
0.005906
0
0.146457
0.112205
0.036614
0.200787
0.100394
0.37126
0.159449
0.471654
0.570866
0.129921
0.02874
0.179134
0.215354
0.997244
0.492913
1.509843
0.174409
0.049213
1.364961
0.222441
0.023622
0.07874
0.011811
0.066929
0.003937
0.003937
0.055906
0
0
0.004724
0
0
0
0
0.004724
0.120079
0
0
0
0.541339
0.091732
0
0
0
0
0
0
0
0
0
0.024409
0.901575
0.116929
0
0
0
0
0.155512
0.268504
0.009843
0.136614
0.032283
0.329921
0.005906
0.160236
0.059055
0.011024
0.01378
0
0
0
0
0
0
0
0
0
0
0
0
0
0
0
0
0
0
0
0
0.046063
0
0
0.082677
0.024409
0
0.062992
0.074016
0.009843
0.075591
0
0
0.264567
0.170079
0.004724
0.004724
0
0.006693
0
0.168504
0.07874
0.007874
0
0.009843
0
0
0
0.031496
0
0
0
0.088583
0.40748
0.174409
0.054331
0.106299
0
0
0
0
0
0
0
0
0
0
0
0
0
0
0
0
0
0
0
0
0
0
0.00315
0
0
0.054331
0
0.25315
0.159449
0
0.004724
0.113386
0.257874
0.017717
0.079921
0
0
0
0
0
0.047244
0
0.049213
0
0
0.022441
0.068898
0.001969
0
0
0
0
0
0
0.024409
0.003937
0
0
0
0
0
0
0
0
0
0
0
0
0
0
0
0
0
0
0
0
0
0
0
0
0
0
0
0
0
0
0
0
0
0
0
0
0
0
0
0
0
0
0
0
0
0
0
0
0
0
0
0
0
0.00315
0
0
0
0
0
0.076772
0.014961
0
0
0
0
0
0
0
0
0
0
0
0.001181
0
0.005906
0
0
0
0
0
0
0
0
0
0
0
0
0
0
0
0
0
0
0
0
0
0
0
0
0
0
0
0.014961
0.005906
0.218504
0.148819
0.850394
0.377953
0.885827
0.019685
0.237402
0.001969
0
0
0.001969
0.001969
0
0
0
0.015748
0.424016
0.086614
0.199606
0.139764
0.752756
0.08189
0.240157
0.34252
0.032283
0
0
0.025591
0.001969
0.032283
0.018504
0
0.001181
0.335433
0.258661
0.661417
1.20748
0.18189
0.122047
0.984252
0.119291
0.084646
0.284252
0.314961
0.173228
0.728346
0.023622
0
0.06378
0.34252
0.223622
0
0.018504
0
0.021654
0.109449
0.05
0.559055
0.023622
0
0
0.114173
0.110236
0
0
0
0
0
0
0.017717
0.440157
0.052362
0.083465
0.004724
0.004724
0
0
0
0
0
0
0.045276
0.192913
0.108268
0.198819
0.109449
0.468504
0.094488
0.492913
0.965354
0.452756
0.079921
0.018504
0.001181
0
0.007874
0
0
0
0
0
0
0
0
0
0.003937
0
0.110236
0.29252
0.016929
0
0
0
0.032283
0
0
0
0
0.246063
0.034646
0
0
0.246063
0.017717
0
0.058268
0.055118
0.069685
0.174409
0.107087
0.136614
0.492913
0.147638
0.001181
0.003937
0.076772
0.14252
0
0.001969
0.001181
0
0.011811
0.172441
0.862992
0.533465
0.090551
0.087402
0.126772
0.283465
0
0
0
0
0
0.580709
0.190945
0.273622
1.004724
0.21063
0
0
0.085433
0.041339
0.001181
0
0
0
0
0
0.043307
0.007874
0.023622
0.559055
0.04252
0.004724
0
0.066929
0
0.015748
0.248819
0.179921
0
0.003937
0.046063
0
0.119291
0.034646
0.011024
0
0
0
0
0
0
0.011811
0.262992
0.478346
0.04252
0
0
0.324016
0.082677
0
0
0.031496
0.219291
0.004724
0
0.031496
0.022441
0
0
0
0.024409
0
0
0
0.139764
0.627165
0.190945
0.283465
0.374016
0.018504
0.022441
0.55315
0.045276
0
0
0
0
0
0
0
0.037402
0.004724
0
0.009843
0
0
0
0
0.120079
0.041339
0.011811
0
0
0
0
0.098425
0.26378
0.254724
0
0
0
0
0
0
0
0
0
0
0
0
0.062992
0
0
0
0
0
0
0
0
0
0
0.057087
0.033465
0.001969
0
0
0
0
0
0
0
0
0
0
0
0
0
0
0
0
0
0
0
0.01378
0
0
0
0
0
0
0
0
0
0.00315
0
0
0
0
0.007874
0.006693
0
0
0.059055
0.00315
0.036614
0
0
0
0
0
0
0
0
0
0
0
0
0
0
0
0
0
0
0
0
0
0
0.01378
0.089764
0.223622
0.037402
0.476378
0.352362
0.006693
0
0
0
0
0
0
0
0
0
0
0
0
0
0.109449
0.112205
0
0
0.001969
0.181102
0
0
0.314961
0.124803
0
0.023622
0.072835
0.062992
0
0.001969
0.302362
0
0.009843
0
0
0
0
0
0
0
0.306299
0
0.02874
0.268504
0.083465
0.008661
0
0
0
0
0
0
0
0
0.108268
0.068898
0.638976
0.570866
0.543307
0.422441
0.086614
0
0.046063
0.347244
0.148819
0.496063
0.633071
0.055906
0
0.337402
0.240945
0.254724
0.377953
0.165354
0.202756
0.134646
0.00315
0
0
0
0
0
0.192126
0.070866
0.030315
0.297244
0.011024
0.004724
0
0.099606
0.026772
0
0
0
0
0
0
0
0
0.007874
0.007874
0
0.003937
0.044094
0.04252
0
0
0
0.090551
0.337402
0.14252
0.02874
0.650394
2.351181
1.220472
0.259843
0.105118
0.167323
0.083465
0.032283
0
0
0
0.006693
0
0
0.033465
0.06811
0.001181
0
0
0
0
0
0.001969
0.032283
0.029528
0.100394
0.03937
0.007874
0
0
0.061024
0.009843
0.113386
0.151575
0.474409
0.052362
0.143701
0.033465
0.507874
0.504724
0.238976
1.21378
1.381102
0.120079
0.055118
0
0
0
0
0.072835
0.194882
0.069685
0.122047
0.030315
0
0
0
0.011024
0
0
0
0.400787
0.49685
0.014961
0.044094
0.047244
0.016929
0
0
0
0
0
0.318898
0.004724
0.030315
0.032283
0.17126
0.030315
0.048425
0.030315
0
0.080709
0.226378
0.238976
0.012598
0
0.033465
0
0
0
0
0
0
0
0.09252
0.061024
0
0
0.022441
0.004724
0
0
0
0
0
0
0
0
0.194094
0
0
0
0
0
0
0
0
0.158661
0.021654
0
0.009843
0.364173
0.012598
0
0
0
0
0
0
0
0
0
0
0
0
0
0
0.004724
0.354331
0.332677
0.020472
0.307874
0.083465
0
0
0
0
0
0
0
0
0
0
0
0
0
0
0
0
0
0
0
0
0
0
0
0
0
0
0
0
0
0
0
0
0
0
0
0
0
0
0
0
0
0
0.027559
0
0
0
0
0
0.023622
0
0
0
0
0
0
0
0
0
0
0
0
0
0
0
0
0.099606
0.091732
0
0
0
0
0
0
0
0
0
0
0
0
0
0
0
0
0
0
0.068898
0.029528
0
0
0
0
0.011811
0
0
0
0
0
0
0
0.019685
0.019685
0
0.035433
0.018504
0.025591
0
0.062992
0.135827
0
0
0
0
0
0
0
0
0
0
0
0.129134
0.207874
0.403543
0.161417
0.037402
0.220472
0.06811
0.049213
0
0.032283
0
0
0
0
0
0
0
0
0
0.230315
0.125984
0.003937
0
0.012598
0.072835
0
0.364961
0.202756
0
0.055906
0.102362
0
0.006693
0.102362
0.015748
0.006693
0.015748
0.011811
0.041339
0.018504
0.020472
0.072047
0.138976
0.006693
0.167323
0.003937
0
0
0.059055
0.05315
0.001181
0
0
0
0
0.089764
0.336614
0
0.268504
0.154331
0.020472
0
0
0
0.223622
0.107087
0
0
0
0.211811
0.112205
0.363386
0.120079
0.112205
0.41811
0.13189
0.13189
0.023622
0
0
0.097244
0.001181
0
0.025591
0
0
0.049213
0
0
0.021654
0.006693
0
0.207874
0.129134
0.198819
0.461811
0.086614
0.00315
0
0.515748
0.097244
0.139764
0.199606
0.017717
0.202756
0.006693
0
0
0.029528
0.033465
0
0
0
0.026772
0.155512
0.019685
0
0
0.004724
0.282677
0.076772
0.284252
0.048425
0.006693
0.113386
0.030315
0.037402
0
0.072835
0.097244
0
0
0
0
0
0
0
0
0
0.129921
0.017717
0.131102
0.106299
0.129921
0.004724
0.02874
0.099606
0.011811
0.09252
0.01378
0
0.011024
0.15748
0.057087
0.033465
0.034646
0.006693
0
0.153543
0.070866
0.01378
0
0.044094
0.036614
0.091732
0
0
0
0
0
0.062992
0.02874
0.215354
0.227559
0.058268
0.009843
0
0
0
0
0
0
0
0
0
0.07874
0.064961
0.021654
0
0.001969
0.127953
0.062205
0.116142
0.012598
0
0
0
0
0
0
0
0
0
0
0
0
0.001969
0.094488
0.020472
0
0
0
0
0
0
0
0
0
0.165354
0.055118
0.035433
0.001969
0
0
0
0
0
0.324016
0.408661
0
0
0
0
0
0.079921
0
0
0
0
0
0
0
0
0
0
0
0
0
0.001969
0.003937
0
0.055118
0
0
0
0
0
0.029528
0
0
0
0
0
0
0
0
0
0
0
0
0
0
0
0
0
0
0
0
0
0
0
0
0.022441
0
0.051181
0.106299
0.001969
0
0
0
0
0
0
0
0
0
0
0
0
0
0.00315
0
0
0
0
0
0
0
0
0
0
0
0
0
0
0
0
0
0
0
0.06378
0.006693
0
0
0
0
0
0
0
0
0
0
0
0.017717
0
0
0
0
0
0
0
0
0
0
0.009843
0.019685
0.34252
0.100394
0.011811
0.141732
0.178346
0.144488
0
0
0
0
0
0
0
0
0
0
0
0.126772
0
0
0
0
0
0
0
0
0
0
0
0
0.040157
0.021654
0.577953
1.011811
0.531496
0.161417
0.093701
0.144488
0.026772
0.108268
0.278346
0
0.110236
0
0.022441
0.005906
0.511811
0.352362
0.509843
0.53622
0.074803
0.269685
0.688976
1.017717
0.185827
0.277559
0.018504
0.494094
0.154331
0.106299
0.077953
0.253937
0.198819
0.126772
0.036614
0.277559
0.134646
0.248819
0.093701
0.062205
0.119291
0.194094
0.454724
0.135827
0.006693
0.011024
0.003937
0.024409
0.069685
0.006693
0
0
0.124016
0.080709
0.482283
0.05315
0.005906
0
0.341732
0.057087
0
0.048425
0.438976
0.041339
0.021654
0.001969
0.077953
0.061024
0.110236
0.423228
0.580709
0.340551
0
0.001181
0
0.079921
0.006693
0.035433
0.074803
0.00315
0
0
0
0
0.179921
0.122835
0.054331
0.448031
2.110236
0.527559
0.37126
0.519685
0.005906
0
0
0
0
0.004724
0.059843
0.007874
0.040157
0
0.034646
0.033465
0.159449
0.040157
0
0.03937
0.036614
0
0
0
0
0
0
0
0.029528
0.040157
0.135827
0.079921
0.018504
0.219291
0.558268
0.048425
0.008661
0.320866
0.043307
0
0
0
0.122835
0.100394
0.537402
0.372047
0.032283
0.004724
0.011811
0.095276
0.237402
0.101575
0.001181
0
0.03937
0.100394
0.100394
0.154331
0.072835
0.00315
0.024409
0.004724
0
0
0
0
0
0
0.030315
0.009843
0.045276
0.340551
0.443701
1.101575
0.216535
0.665354
0.262992
0.061024
0
0
0.100394
0
0
0.094488
0.030315
0.003937
0.012598
0
0
0
0
0
0.009843
0.038583
0.009843
0.001969
0.015748
0.11811
0.089764
0.095276
0.059843
0.022441
0.015748
0
0
0
0
0
0
0
0
0
0
0
0
0
0.003937
0.009843
0
0.100394
0.012598
0.058268
0.05315
0.037402
0.001181
0
0.003937
0
0
0
0
0
0
0
0
0
0
0
0
0
0.244094
0.01378
0
0
0
0
0
0
0
0
0
0.055906
0.008661
0.001181
0.001969
0.033465
0
0
0
0
0
0
0
0
0
0
0
0
0
0
0
0
0
0.004724
0.127953
0.133071
0.05315
0.003937
0
0
0
0
0
0
0.223622
0.02874
0
0
0
0
0
0
0
0.047244
0
0
0
0
0
0
0
0
0.137795
0.004724
0
0
0
0
0
0
0
0
0
0
0
0
0
0
0
0
0
0
0.001181
0.004724
0
0
0
0
0
0
0
0
0
0
0
0
0
0
0
0
0
0
0
0
0
0
0
0
0
0
0
0
0
0
0
0
0
0
0
0
0
0
0
0
0
0
0
0
0
0
0
0
0
0
0
0
0
0
0.001969
0
0
0
0
0
0.032283
0.254724
0.08189
0
0.113386
0.035433
0
0
0
0
0
0
0.257874
0.068898
0.055906
0
0
0
0
0
0
0
0.347244
0.099606
0
0
0.208661
0.01378
0
0.166142
0.027559
0
0
0
0
0
0.09252
0.08189
0.360236
0.062992
0.048425
0.055118
0.00315
0
0
0.183071
0.095276
0.34252
0.435039
0.296457
0.077953
0.10315
0.004724
0.087402
0.366142
0.151575
0.259843
0.037402
0
0
0
0.202756
0.333858
0.034646
0.083465
0.023622
0.001969
0.001969
0
0.388976
0.311024
0.78937
0.112205
0.69685
0.269685
0.295276
0.046063
0.001969
0
0
0
0
0
0
0
0
0
0
0
0.012598
0.017717
0.152756
0.015748
0
0.034646
0
0.005906
0.211811
0.466535
0.088583
0.201575
0.158661
0.408661
0.004724
0.004724
0.220472
0.194882
0.052362
0.467717
0.598425
0.064961
0
0.494094
0.011024
0
0.217717
0.649606
0.023622
0
0
0
0
0
0.225197
0.05
0
0.020472
0.029528
0
0
0.016929
0.00315
0.519685
0.105118
0.003937
0.033465
0
0.034646
0.215354
0
0.097244
0.095276
0.781496
0.903543
0.072047
0.101575
0.582677
0.101575
0.119291
0.581496
0.034646
0.001969
0
0
0
0
0
0
0.090551
0.247244
0.015748
0.131102
0.005906
0.066929
0.012598
0
0
0
0
0.004724
0.228346
0.018504
0
0
0.036614
0.011024
0
0
0.052362
0.016929
0.222441
0.029528
0.014961
0.006693
0
0
0
0
0.231496
0.113386
0.076772
0.004724
0
0
0
0
0.087402
0.001969
0
0
0
0
0
0
0
0.031496
0
0
0
0
0
0
0
0
0
0
0
0
0.234252
0
0
0
0
0
0
0
0
0
0
0
0
0
0
0
0.036614
0.085433
0.058268
0.00315
0
0
0.765748
0.192913
0
0.003937
0
0
0
0.003937
0
0
0
0
0
0
0
0
0
0
0
0.020472
0.011811
0.111417
0.361417
0
0
0
0
0
0
0
0
0
0
0
0
0.001181
0.012598
0
0
0
0
0
0
0.001181
0.024409
0
0
0
0
0
0
0
0
0
0
0.257087
0.045276
0
0
0
0.04252
0
0
0
0
0.144488
0.006693
0
0
0.040157
0
0
0
0
0
0
0
0
0
0
0.044094
0
0.175197
0.152756
0
0
0
0
0
0
0
0
0
0
0
0
0
0
0
0
0
0
0
0
0.366929
0.14252
0.016929
0
0.14252
0.05
0.108268
0
0
0
0
0
0.098425
0.012598
0
0
0.255906
0.059055
0.015748
0.820866
0.902362
0.192126
0.217717
0.012598
0.183071
0.030315
0
0
0.00315
0
0
0.027559
0.172441
0.124016
0.004724
0.240945
0.215354
0
0
0.021654
0.34252
0.298031
0.091732
0.001181
0
0.066929
0.031496
0
0
0
0
0.004724
0.095276
0.05
0.059055
0.105118
0.499213
0.044094
0
0.001181
0.478346
0.372047
0.004724
0
0
0
0
0.29252
0.21378
0.048425
0
0
0
0
0
0
0
0.072835
0.096457
0.109449
0.001969
0.057087
0.062992
0.022441
0.018504
0.14252
0.030315
0.00315
0
0.006693
0.185039
0.254724
0.147638
0.219291
0.129134
0.211811
0.035433
0.114173
0.093701
0.136614
0.027559
0.001181
0
0
0
0
0
0
0
0
0.004724
0
0
0
0
0
0
0
0
0
0
0
0
0
0
0
0
0
0
0
0.001181
0.175197
0.104331
0.341732
0.28937
0.058268
0.322835
0.129134
0
0
0
0
0.175197
0.644882
0.177165
0.359055
0.311024
0.49685
0.011811
0.00315
0
0
0
0
0.133071
0.017717
0
0
0
0
0.005906
0
0
0
0.011811
0.107087
0.015748
0
0
0.077953
0.099606
0.207874
0.006693
0.024409
0.116142
0.016929
0
0.015748
0.290551
0.001181
0
0
0
0.006693
0
0.072047
0.045276
0
0.003937
0.001181
0.00315
0
0.098425
0.035433
0
0.080709
0.005906
0
0
0.036614
0.048425
0.041339
0.052362
0.003937
0
0
0
0
0
0
0.01378
0
0
0
0
0.011024
0.021654
0.031496
0.021654
0
0
0
0
0
0
0
0
0
0
0
0
0
0
0
0
0.00315
0
0
0.156299
0.037402
0
0.233465
0.05315
0
0
0
0
0.048425
0.086614
0.027559
0.003937
0
0
0
0
0
0
0
0
0.046063
0.109449
0
0
0
0
0
0
0
0.003937
0.00315
0
0
0
0
0
0
0
0
0
0
0.075591
0.027559
0
0
0
0.043307
0.214567
0
0
0
0
0.113386
0
0
0
0
0
0
0.02874
0
0.667323
0.551969
0.006693
0.059843
0.102362
0.272835
0.087402
0
0
0
0
0
0.148819
0.099606
0.472441
0.169291
0.020472
0.059055
0.059843
0.026772
0
0
0.413386
0
0.024409
0
0
0
0
0
0
0
0
0
0
0
0
0
0
0
0
0
0
0
0.005906
0.014961
0.198031
0.07874
0.001181
0
0.001969
0.006693
0
0
0
0
0
0
0
0
0
0
0.029528
0.036614
0
0
0
0
0
0
0
0
0
0
0
0
0
0
0
0
0
0
0
0
0
0.113386
0.059055
0
0
0
0.040157
0.043307
0.057087
0
0
0
0
0
0
0
0
0
0
0
0
0.326772
0.320866
0.06378
0
0
0
0
0
0
0
0
0.011811
0
0
0
0
0
0
0
0
0
0
0
0
0
0.299213
0.014961
0
0
0
0
0
0
0
0
0
0
0
0
0
0
0
0.018504
0.00315
0.001969
0
0.114173
0
0.479528
0.511811
0.474409
0.101575
0.008661
0.001181
0
0
0
0
0.003937
0.038583
0.087402
0.003937
0
0
0
0
0
0
0
0
0
0
0
0
0
0
0
0
0
0.001969
0
0
0
0
0
0
0
0
0
0
0
0
0
0
0
0
0
0
0
0.234252
0.19685
0.120079
0.087402
0.006693
0.012598
0.019685
0.133858
0.141732
0.036614
0.119291
0.03937
0
0
0
0.011024
0.240945
0.189764
0.001969
0.082677
0.029528
0.006693
0.007874
0.001181
0
0.009843
0.011024
0.003937
0
0
0.122047
0.175984
0.007874
0.001181
0
0.062992
0.005906
0.02874
0
0.054331
0.011024
0
0
0
0
0
0.008661
0.029528
0.003937
0
0
0.00315
0
0
0
0
0
0.120079
0
0
0
0
0
0
0.150787
0.01378
0
0
0
0.030315
0.214567
0.07874
0.244882
0.032283
0.038583
0.084646
0.023622
0.026772
0.332677
0.144488
0.144488
0.006693
0
0.00315
0.122835
0.082677
0.005906
0.021654
0
0
0
0.10315
0.137795
0.026772
0.13189
0.272835
0
0
0
0
0
0
0
0
0
0
0
0.859449
0.205512
0.068898
0.34252
0.054331
0.024409
0.119291
0.020472
0
0
0.06811
0.094488
0.01378
0
0
0
0
0
0
0
0
0
0
0.005906
0.094488
0
0.017717
0
0
0
0
0
0
0
0
0
0
0
0
0
0
0
0
0
0
0
0
0
0.062992
0
0
0
0
0
0
0
0.001181
0
0
0
0.077953
0.017717
0
0
0
0
0
0
0
0
0
0
0
0
0.006693
0
0
0.119291
0.088583
0.077953
0
0
0.006693
0
0
0
0
0
0
0
0
0
0
0
0
0
0
0
0
0
0.169291
0.244882
0.062205
0.242126
0.201575
0.00315
0
0
0.41063
0.098425
0
0
0.208661
0.790551
0.21063
0
0
0
0
0
0
0.025591
0.003937
0
0
0
0
0
0
0
0
0
0
0
0
0
0
0
0.088583
0.05315
0.468504
0.001181
0
0.119291
0.031496
0.01378
0.001181
0.086614
0.016929
0
0.045276
0.064961
0.00315
0
0
0
0
0.040157
0.043307
0.007874
0.018504
0.001969
0
0.004724
0.04252
0
0.625197
0.96378
0.373228
0.670079
0.165354
0.473228
0.281496
0.041339
0.012598
0
0
0.015748
0.185827
0.219291
0.011811
0.004724
0.024409
0.012598
0
0
0.353543
0.594488
0.04252
0.990945
1.106299
0.286614
0.59252
0.156299
0.011811
0
0
0.003937
0.200787
0.061024
0
0
0.523622
0.318898
0.003937
0.344488
0.062205
0.034646
0.034646
0.240157
0.001181
0.442913
0.17126
0.022441
0.031496
0.194882
0.175197
0.016929
0.098425
0.031496
0.087402
0.125984
0.445669
0.17126
0.012598
0.177165
0.012598
0
0.055906
0.011811
0
0
0.006693
0
0
0
0
0
0
0.116142
0.06378
0.055118
0
0.205512
0.09252
0.561024
0.13189
0.023622
0.005906
0.001181
0
0
0.167323
0.009843
0.077953
0.06378
0.015748
0
0
0
0
0
0
0
0
0
0
0.029528
0.10315
0.06378
0.346457
0.33189
0.001969
0.37874
0.733071
0.03937
0.003937
0.049213
0.035433
0.004724
0
0
0
0
0
0
0
0.13189
0.173228
0.314961
0
0
0
0
0
0.014961
0.001969
0.373228
0.179921
0.035433
0.179134
0.068898
0.523622
0.265748
0.001181
0
0
0
0
0
0
0
0.072835
0.029528
0
0
0.161417
0.110236
0.023622
0.00315
0
0.105118
0.114961
0.034646
0
0
0.122835
0.131102
0
0
0
0
0
0
0
0.00315
0.072047
0.006693
0
0
0
0.286614
0.135827
0
0
0
0
0.009843
0.005906
0
0.047244
0.215354
0.029528
0.00315
0
0
0
0
0
0
0
0
0.008661
0
0
0
0
0.03937
0.02874
0
0
0.009843
0
0
0
0.080709
0.21378
0
0
0
0.105118
0.079921
0.188976
0.046063
0.003937
0.036614
0.22126
0.265748
0.001181
0.033465
0.026772
0.003937
0
0
0
0
0
0
0
0
0
0
0
0
0
0
0
0
0
0
0
0
0
0.00315
0.011024
0.011811
0
0
0
0
0
0
0
0.003937
0
0.020472
0
0
0
0
0
0
0
0
0.023622
0.004724
0
0
0
0
0.205512
0.125984
0.029528
0.003937
0.034646
0
0.05
0.04252
0.17126
0.119291
0
0
0
0
0.06378
0.296457
0.232283
0.083465
0.004724
0.264567
0.111417
0
0
0.065748
0
0
0.01378
0.076772
0.001969
0
0
0
0
0
0
0
0
0
0
0
0
0
0
0
0
0
0
0
0
0
0
0
0
0
0
0
0
0
0
0
0
0
0
0
0
0
0
0
0.035433
0.00315
0
0
0
0
0
0
0
0
0
0
0
0
0
0
0
0
0.097244
0.00315
0
0.086614
0.126772
0.129921
0.059055
0
0
0
0
0
0.129921
0.45
0.126772
0.372047
0.094488
0.005906
0.026772
0.310236
0.05315
0
0
0.008661
0.011024
0.035433
0.05
0.001181
0
0.008661
0
0.059843
0.154331
0
0
0.011024
0.003937
0.030315
0.00315
0
0
0
0
0
0
0
0
0
0
0
0
0
0
0.129134
0.120079
0.055906
1.801181
0.870866
0.074803
0.209449
0.046063
0
0
0
0
0
0
0
0
0.023622
0.045276
0
0.024409
0.094488
0.001181
0
0
0
0
0
0.027559
0
0.090551
0.001969
0
0.005906
0.011811
0.036614
0.021654
0.633071
0.580709
0.086614
0.076772
0.014961
0.074803
0.046063
0.024409
0.162205
0.096457
0.109449
0.12126
0.011024
0.076772
0.030315
0.11811
0.223622
0.006693
0.090551
0.141732
0.014961
0.01378
0
0
0
0
0
0
0
0
0.019685
0.216535
0.11811
0.08189
0.143701
0.011811
0
0.033465
0.01378
0
0
0
0.044094
0.145669
0.058268
0.029528
0.00315
0
0.003937
0.017717
0
0
0
0.02874
0
0.098425
0.125984
0.311024
0.106299
0.011811
0
0
0.07874
0.293307
0.057087
0.003937
0
0
0.099606
0.114173
0.188976
0.100394
0.011024
0.05
0
0
0
0.34252
0.100394
0
0
0.394488
0.428346
0.411417
0.198031
0.033465
0.004724
0
0
0
0
0
0
0
0
0
0
0
0
0
0.089764
0.00315
0
0
0
0
0
0
0
0
0
0
0
0
0
0
0
0
0
0
0
0
0
0
0.423228
0.062205
0
0
0
0
0
0
0
0.046063
0
0
0
0
0
0
0
0
0
0
0
0
0.011811
0.008661
0
0
0
0
0
0
0
0
0
0.021654
0.08189
0.033465
0
0
0
0
0
0
0
0
0
0
0
0
0
0
0
0
0
0
0
0
0
0
0
0.03937
0
0
0
0
0.127953
0.119291
0.00315
0
0
0
0
0
0.10315
0.109449
0.116142
0
0
0.145669
0.005906
0
0
0
0
0
0
0
0
0
0
0
0
0
0
0
0
0
0
0
0
0
0.104331
0.055906
0
0
0
0
0
0
0
0
0
0
0
0.045276
0.015748
0
0
0
0
0
0.650394
0.088583
0
0.007874
0.413386
0.33937
0.435039
0.068898
0.085433
0.09252
0.928346
0.32874
0.004724
0.225197
0.020472
0.212598
0.145669
0.062205
0
0.26063
0.17126
0.106299
0.008661
0
0
0
0
0
0
0
0
0
0.325591
0.65748
0.312992
0.151575
0.017717
0
0.036614
0.222441
0.935039
0.25
0.425984
0.004724
0
0
0
0
0.006693
0.416142
0.001969
0.270866
0.005906
0
0.001181
0.001181
0.015748
0
0
0
0
0
0
0.005906
0
0
0.064961
0.074016
0.146457
0.095276
0.320866
0.247244
0.026772
0
0
0
0.069685
0.218504
0.047244
0.006693
0
0
0.087402
0.135827
0
0
0.015748
0.238976
0.035433
1.177953
1.312992
0.635827
0.166142
0.080709
0.232283
0.01378
0
0
0
0
0
0
0
0
0
0
0
0
0
0.029528
0.001181
0.514567
0.207874
0
0.122047
0.036614
0
0
0
0
0
0
0
0.005906
0.029528
0.023622
0.550394
0.369291
0.278346
0.154331
0.095276
0.020472
0
0.016929
0.004724
0.026772
0.10315
0.037402
0
0.066929
0.011024
0.306299
0.085433
0.082677
0
0
0
0
0.070866
0.107087
0.019685
0.219291
0.335433
0.007874
0.003937
0.183071
0.005906
0.015748
0.150787
0.00315
0.00315
0
0.003937
0.00315
0.019685
0
0
0
0
0.05315
0.008661
0
0.004724
0.062992
0.166142
0.154331
0.00315
0.143701
0.016929
0
0
0
0
0
0
0
0
0
0.017717
0.373228
0.016929
0
0
0
0
0
0
0
0
0
0
0
0
0
0.001181
0.006693
0
0.059843
0.433071
0.068898
0
0
0.202756
0.017717
0
0
0
0
0
0
0.005906
0.015748
0.05
0.066929
0.00315
0
0.021654
0.001181
0
0
0
0
0.023622
0.251969
0.11811
0.07874
0.02874
0
0
0
0
0.188189
0.104331
0.175197
0
0
0
0
0
0
0
0
0.011811
0.007874
0.031496
0.031496
0.026772
0
0
0
0
0.001969
0.01378
0
0
0
0
0
0
0
0
0
0
0
0
0
0
0
0
0
0
0
0
0
0
0
0
0
0.02874
0.003937
0
0
0
0
0
0
0
0
0
0
0
0
0
0
0
0
0
0
0
0
0
0
0
0
0
0
0
0
0
0
0
0
0
0
0
0
0
0
0
0
0
0.036614
0.031496
0
0
0
0
0
0
0.372047
0.163386
0
0.02874
0
0
0
0
0
0
0
0
0
0
0
0
0
0
0
0
0
0
0
0
0.287402
0.17126
0.091732
0.044094
0
0
0
0
0
0
0
0
0
0.031496
0.102362
0.108268
0.001181
0
0
0
0
0.001969
0
0
0
0
0.129921
0.492913
0.003937
0.007874
0
0
0
0
0.075591
0
0
0
0
0
0
0.295276
0.21378
0.168504
0.00315
0
0
0
0.045276
0.082677
0.030315
0.619291
1.28937
0.537402
0.109449
0.179921
0.070866
0
0
0
0
0
0
0
0
0
0
0
0
0
0.124803
0.116142
0
0.00315
0.100394
0.027559
0.046063
0.124803
0
0.001181
0.001181
0.003937
0.001181
0.004724
0.066929
0
0
0
0
0
0
0
0
0
0
0
0.036614
0.100394
0.012598
0
0.00315
0.015748
0.049213
0.158661
0.145669
0.003937
0.155512
0.266929
0.296457
0.147638
0.046063
0.001181
0
0
0
0
0.009843
0.004724
0
0
0
0
0.122835
0.095276
0.011024
0.792126
0.19685
0.003937
0.340551
0.00315
0.135827
0.310236
0.009843
0
0
0.122047
0.192913
0.076772
0.026772
0
0
0
0
0.10315
0.192126
0.001969
0
0
0
0
0
0
0.009843
0.059843
0
0.110236
0.030315
0
0.058268
0.058268
0.014961
0.066929
0.020472
0
0.181102
0.315748
0.059055
0.001181
0.151575
0.18189
0.048425
0.075591
0.068898
0.011811
0.001969
0
0
0
0
0.036614
0.007874
0
0
0
0
0
0
0
0
0.033465
0.527559
0.030315
0
0
0
0.149606
0.341732
0.08189
0
0
0
0
0
0
0.003937
0
0.012598
0
0
0.014961
0
0
0
0
0.05315
0.069685
0.161417
0.030315
0.188976
0.437795
0.257874
0
0
0
0.065748
0.198819
0.04252
0.011024
0
0
0
0
0
0.011024
0.007874
0.007874
0
0.01378
0.015748
0.043307
0.070866
0
0
0.082677
0.026772
0.04252
0
0
0
0
0
0
0
0
0
0
0
0
0
0
0
0
0
0
0
0
0.05315
0.004724
0.023622
0
0
0
0
0
0
0
0
0
0
0
0
0
0
0
0
0
0
0
0
0
0
0
0
0
0
0
0
0
0
0
0
0
0
0
0
0
0
0
0
0
0
0
0
0
0
0
0
0
0
0
0
0
0
0
0
0
0
0
0
0
0
0
0
0
0
0
0
0
0
0
0
0
0.004724
0
0
0
0
0
0.004724
0
0.175197
0.356299
0
0
0
0.023622
0.06378
0
0
0
0.534252
0.159449
0.020472
0.334646
0.270866
0.098425
0
0
0
0
0
0
0
0
0
0
0
0
0
0
0
0.345276
0.278346
0.087402
0.001181
0
0
0
0
0
0
0
0
0
0
0.021654
0.454724
0.240157
0.459843
0.675197
1.662205
0.887795
0.062992
0.037402
0.032283
0.359055
0.548425
0.219291
0.535433
0.138976
0.10315
0.055906
0
0
0.009843
0.209449
0.072835
0.047244
0.005906
0
0.499213
0.324803
0
0
0.225197
0.008661
0.089764
0.061024
0.299213
0.333858
0.134646
0
0.207874
1.214567
1.83189
0.33937
0.037402
0.025591
0.021654
0.069685
0.327559
0.735039
0.025591
0.48937
0.303937
0.025591
0.369291
0.287402
0.122835
0.112205
0.074016
0.004724
0
0
0
0
0
0.00315
0
0
0
0
0
0.055118
0.114173
0.048425
0.076772
0.096457
0.228346
0.027559
0.00315
0.205512
0.25315
0.101575
0.033465
0
0
0
0
0
0.003937
0
0
0
0
0
0
0
0
0.025591
0.914567
0.443701
0.530709
0.124803
0.001181
0.104331
0.098425
1.038583
0.780709
0.001181
0
0
0
0.074803
0
0.058268
0.315748
0.041339
0.085433
0.007874
0
0
0.012598
0
0.004724
0.253937
0.059843
0
0.146457
0.192126
0.015748
0.05
0.347244
0.189764
0.011024
0
0
0
0
0
0
0.032283
0.206693
0.094488
0.172441
0.703937
0.215354
0.100394
0.159449
0.090551
0.090551
0.085433
0.116929
0.004724
0
0.004724
0.270866
0.062205
0.017717
0.301181
0.164567
0
0
0
0
0
0
0
0
0
0
0
0
0
0
0
0
0
0
0
0
0
0
0
0.005906
0.026772
0
0.001181
0
0
0
0
0.140945
0.065748
0
0
0
0
0
0
0
0
0
0
0
0
0
0.054331
0
0
0.298031
0.091732
0.006693
0
0
0
0
0.034646
0.021654
0.04252
0.001181
0
0
0
0
0.019685
0.405512
0.100394
0.024409
0
0
0.098425
0.020472
0.066929
0.057087
0.485039
0.101575
0.203937
0.052362
0.37126
0.00315
0
0
0.082677
0.024409
0.00315
0
0
0
0
0
0
0
0
0
0
0
0
0
0
0
0
0
0
0
0
0
0
0
0
0
0
0
0
0
0
0.007874
0.003937
0
0
0
0
0.001969
0
0
0
0
0
0.01378
0
0
0
0
0
0
0
0.199606
0.134646
0.00315
0
0
0
0.005906
0
0
0
0
0
0.009843
0
0.006693
0.048425
0
0
0
0.031496
0.140945
0.139764
0.043307
0
0
0
0.012598
0
0
0.224409
0.027559
0.215354
0.005906
0
0
0
0
0.008661
0
0.325591
0.069685
0.00315
0
0
0
0
0
0
0
0
0
0
0
0.032283
0.040157
0.22126
0.040157
0.03937
0.3
0.079921
0
0.507087
0.535433
0.087402
0
0
0
0
0
0.069685
0.017717
0.037402
0.037402
0
0
0
0
0
0
0
0.089764
0.5
0.317717
0.102362
0.054331
0.024409
0
0
0
0
0.06378
0.046063
0.437795
0.276772
0.202756
0.156299
0.264567
0.038583
0.003937
0.101575
0.005906
0
0
0
0
0
0.21063
0.062992
0.361417
0.605512
1.097638
0.383071
0.116142
0.020472
0.230315
0.391732
0.823622
0.133071
0
0.016929
0.003937
0
0
0
0
0
0
0.011024
0.046063
0.001181
0
0
0
0.006693
0
0
0
0
0
0
0.211811
0.284252
0.015748
0.201575
0.13189
0.014961
0.045276
0.096457
0.146457
0.04252
0.102362
0.391732
0.087402
0
0
0.006693
0
0
0
0
0
0.029528
0.207874
0.258661
0.604331
0.424016
0.276772
0.133858
0.083465
0.05
0.559055
0.214567
0.031496
0.52874
0.12126
0
0.046063
0.169291
0.033465
0.036614
0.021654
0.190945
0.114961
0.06811
0.110236
0.10315
0.012598
0.031496
0.111417
0.058268
0.009843
0.011811
0.009843
0.068898
0.201575
0.257087
0.807087
0.215354
0.085433
0
0.012598
0.023622
0
0
0.124016
0.034646
0.164567
0.091732
0.296457
0.006693
0.200787
0.06378
0.059055
1.049213
0.788189
0.069685
0.075591
0.124016
0.024409
0
0
0
0
0
0.029528
0.003937
0.017717
0.012598
0.001969
0
0
0
0
0.045276
0.009843
0.113386
0.025591
0.01378
0.10315
0.059055
0.065748
0.041339
0.058268
0.020472
0.061024
0.440157
0.001181
0
0
0.087402
0.134646
0.017717
0
0.146457
0.077953
0
0
0
0.021654
0.006693
0.007874
0
0
0
0
0
0
0
0
0
0
0
0
0.074016
0.046063
0.00315
0.022441
0.003937
0
0
0
0
0
0.094488
0.003937
0.001181
0.228346
0
0
0
0
0
0
0
0
0
0
0
0
0
0
0
0.425984
0.027559
0.022441
0
0.017717
0.233465
0
0
0
0
0
0.003937
0
0
0
0
0
0
0
0
0.038583
0.032283
0
0
0
0
0
0
0
0
0
0
0
0
0
0
0
0
0
0
0
0
0
0
0
0
0
0
0.032283
0
0.158661
0.008661
0.029528
0
0.045276
0
0.087402
0.28937
0.195669
0
0.005906
0
0
0
0.086614
0.024409
0.011811
0.016929
0
0
0
0
0
0
0
0
0
0
0
0
0
0
0
0
0
0
0
0
0.181102
0.183071
0.04252
0
0
0
0
0
0
0
0
0
0
0
0
0
0.074016
0.070866
0.003937
0
0
0.00315
0
0
0
0
0
0
0
0
0.287402
0.192913
0
0
0
0
0
0.03937
0.21378
0.129134
0.310236
0.068898
0.098425
0.015748
0.201575
0.363386
0
0.099606
0.14252
0.175984
0.136614
0.503937
0.185039
0
0.101575
0.416142
0.204724
0.299213
0.340551
0.065748
0
0.229134
0.351575
0.198031
0.055906
0
0
0
0.026772
0.223622
0.080709
0.509843
0.435827
0.069685
0.334646
0.322047
0.257874
0.135827
0.116929
0.419291
0.29252
0.940157
0.864173
0.501969
0.038583
0.150787
0.022441
0.037402
0.040157
0.129921
0.061024
0
0.703937
0.322835
0.192913
0.311024
0.055906
0.258661
0.159449
0.057087
0
0
0
0
0
0
0
0
0
0.003937
0.05
0.001969
0
0
0
0.077953
0
0
0
0
0.087402
0.064961
0.02874
0.043307
0.00315
0
0
0
0
0
0
0
0
0
0
0
0
0
0
0.108268
0.06811
0.093701
0.307874
0.19685
0.56378
0.322835
0.309055
0.062205
0.001969
0
0.044094
0.26378
0.112205
0
0.105118
0.129134
0.011811
0
0
0
0
0.009843
0.003937
0
0
0
0
0
0.00315
0.011811
0
0.004724
0.075591
0.162205
0.13189
0.212598
0.216535
0.059843
0.006693
0
0.244094
0.041339
0
0
0
0.324803
0.19685
0.011811
0.110236
0.003937
0.194882
0.126772
0.005906
0
0.156299
0.154331
0.10315
0.001969
0.395669
0.114961
0.144488
0.139764
0.038583
0.007874
0
0
0
0
0.016929
0.106299
0.122835
0.004724
0
0
0.003937
0.049213
0.006693
0.008661
0
0.00315
0.072835
0.258661
0.06378
0.043307
0.062205
0.017717
0.005906
0
0
0
0
0.166142
0.094488
0
0.003937
0.020472
0
0
0
0
0
0
0
0.133071
0.005906
0
0
0
0
0
0.055118
0
0
0
0
0.164567
0.133858
0.379921
0.277559
0.059843
0
0.015748
0
0
0
0
0
0
0
0
0
0.059055
0.020472
0
0
0
0
0
0
0
0
0
0
0
0
0
0
0
0
0
0
0
0
0
0
0
0
0
0.090551
0
0
0
0
0.026772
0.00315
0.01378
0.008661
0.001969
0
0
0.012598
0.045276
0
0
0
0
0
0
0
0
0
0
0
0
0
0
0
0
0
0
0
0
0
0
0
0
0
0
0
0
0
0
0.237402
0.923228
0.145669
0
0
0
0
0.005906
0.00315
0
0
0
0
0
0
0
0.015748
0
0
0
0
0.185039
0.05315
0
0.00315
0
0
0
0
0
0
0
0.156299
0.001181
0
0
0
0
0
0
0.131102
0.052362
0.573622
0.217717
0.133071
0.032283
0.04252
0.048425
0.246063
0.026772
0.269685
0.17126
0.008661
0.001969
0
0.00315
0
0.161417
0.044094
0.194882
0.122835
0.003937
0.011811
0
0.360236
1.001969
0.100394
0.014961
0.097244
0.124016
0.057087
0.234252
0.432283
0.25
0.428346
0.155512
0.205512
0.003937
0.015748
0
0.185039
0.146457
0.231496
0.174409
0
0
0.42126
0.219291
0.001181
0.043307
0.866929
0.116929
0.129921
0.049213
0
0.33937
0.038583
0
0
0
0
0
0.072835
0.419291
0.372047
0.170079
0.001969
0.162205
0.215354
0.008661
0.22126
0.076772
0
0.05
0.003937
0
0
0
0
0
0.016929
0.00315
0.139764
0.036614
0
0
0
0
0
0
0
0.003937
0.001181
0
0
0
0
0
0
0
0
0
0
0
0
0
0
0
0
0
0
0.087402
0.034646
0.003937
0.037402
0.008661
0.307087
0.052362
0.008661
0
0.034646
0.005906
0.933071
0.3
0.030315
0.001181
0.211811
0.020472
0
0
0
0
0
0
0.302362
0.008661
0
0
0
0
0
0
0
0.031496
0.001969
0.035433
0.166142
0.062992
0.104331
0.167323
0.084646
0.005906
0
0
0
0
0
0
0
0
0
0
0
0.025591
0
0
0.127953
0.097244
0.19685
0.521654
0.203937
0.091732
0
0.006693
0
0
0
0
0
0
0
0
0
0
0
0
0
0
0
0.004724
0.001181
0
0.237402
0.020472
0.066929
0.119291
0.101575
0.015748
0.006693
0
0
0
0
0
0
0
0
0.003937
0
0
0.006693
0.003937
0.00315
0
0.022441
0.003937
0
0
0
0
0.023622
0.015748
0
0
0
0
0
0
0
0
0.009843
0.131102
0.37874
0.024409
0.064961
0.203937
0.317717
0.004724
0.011811
0.008661
0.001181
0.004724
0.037402
0
0
0
0
0
0
0
0
0
0
0
0
0
0
0
0
0
0
0
0
0
0
0
0
0
0
0
0
0
0
0
0
0
0
0
0
0
0
0
0
0
0
0.004724
0
0
0
0
0
0
0
0.024409
0.074016
0.473228
0.181102
0.00315
0
0
0
0
0
0
0
0
0
0
0
0
0
0
0
0.076772
0.04252
0
0.003937
0
0
0
0
0
0
0
0
0
0
0
0.076772
0.024409
0
0
0
0.164567
0.505906
0.557087
0.195669
0.015748
0
0
0.267717
0.279528
0
0.017717
0.047244
0
0
0
0
0
0
0
0
0
0
0
0
0
0
0
0
0
0
0.033465
0.001969
0
0
0
0.12126
0.001969
0
0
0
0
0
0
0
0.307874
0.159449
0.629921
0.01378
0.005906
0.006693
0
0.008661
0.011811
0
0.009843
0
0
0
0
0.045276
0.001181
0
0.005906
0.116929
0.512598
0.05
0
0
0
0.051181
0.170079
0.040157
0.159449
0.004724
0.00315
0.031496
0.036614
0
0.324016
0.146457
0
0
0.399606
0.25315
0.016929
0.014961
0.437795
0.148819
0.001181
0.079921
0.112205
0.129134
0.189764
0.043307
0
0
0
0
0
0
0
0
0
0
0
0
0
0
0
0
0
0
0
0
0
0
0.004724
0.032283
0.122047
0.04252
0.064961
0.058268
0.003937
0.072835
0.040157
0.001181
0
0
0
0
0.045276
0.60315
1.580709
0.177165
0
0.167323
0
0.018504
0.153543
0.036614
0
0
0
0.043307
0.04252
0.093701
0.055906
0.05
0.206693
0.219291
0.088583
0.06811
0.005906
0
0
0
0
0
0.146457
0.466535
0.220472
0.75
0.577953
0.795276
1.507874
0.71063
0.437008
0.105118
0.104331
0.202756
0.014961
0
0
0.019685
0
0
0.004724
0.004724
0
0
0.001969
0.341732
0.998031
0.324803
0.065748
0.047244
0.266929
0.164567
0.098425
0.015748
0.021654
0.011024
0
0
0
0
0
0
0.162205
0.012598
0
0
0
0
0
0
0
0.047244
0.001181
0
0
0
0
0.175984
0.017717
0.00315
0
0.035433
0.076772
0
0
0
0.148819
0.047244
0
0
0
0.017717
0
0
0.00315
0.048425
0.03937
0.027559
0.003937
0.023622
0
0.043307
0.244882
0.281496
0.120079
0.225197
0.024409
0
0
0.02874
0.006693
0
0
0
0
0
0
0
0
0
0.021654
0.088583
0.004724
0
0
0
0
0
0
0
0.146457
0.089764
0.017717
0.098425
0.001969
0
0.048425
0.106299
0.008661
0
0
0
0
0
0.411417
0.001181
0
0
0.057087
0.006693
0
0
0
0
0
0
0
0
0
0
0.015748
0
0
0
0.048425
0.01378
0
0
0.008661
0
0
0
0
0
0
0
0
0
0
0
0
0
0
0
0
0
0
0
0
0
0
0
0
0
0
0.007874
0
0
0
0
0
0
0
0.001181
0
0
0
0
0
0
0
0
0
0
0
0
0
0
0
0
0
0
0
0
0
0
0
0
0
0
0
0
0
0
0
0
0
0.008661
0.167323
0.301181
0.19685
0.235039
0.444882
0.074803
0
0.001181
0.144488
0.283465
0.398425
0.353543
0.014961
0
0.033465
0.004724
0
0
0
0
0
0
0
0
0
0
0
0
0
0
0.030315
0.05
0.015748
0
0
0
0
0
0
0
0.05
0.169291
0.119291
0.086614
0.317717
0.049213
0
0
0
0
0
0.00315
0.139764
0.147638
0.021654
0.011024
0
0
0
0
0
0
0
0
0.035433
0.004724
0.324803
0.465354
0.107087
0
0.100394
0
0
0
0.437008
0.011024
0
0
0
0
0.09252
0.228346
0.005906
0
0
0
0
0
0
0.059843
0.001969
0
0
0
0.139764
0.087402
0.001181
0.161417
0.114961
0.062992
0.043307
0.052362
0.006693
0
0
0.007874
0.183071
0.456693
0.655512
0.277559
0.141732
0.001969
0
0.035433
0
0
0
0
0
0.044094
0.034646
0.011811
0
0
0
0
0
0
0
0.07874
0.343701
0.151575
0.199606
0
0.548425
0.140945
0.024409
0.019685
0.133071
0.207874
0.102362
0.019685
0
0
0
0
0
0
0.077953
0.036614
0.251969
0.12126
0.076772
0.097244
0.019685
0.038583
0.003937
0
0.016929
0.006693
0.064961
0.047244
0
0
0
0
0
0
0
0
0
0.076772
0.009843
0
0.025591
0.001181
0.015748
0.40748
0.600394
0.21378
0.305118
0.017717
0.00315
0.169291
0.122047
0.001181
0
0
0.199606
0.095276
0
0
0
0
0
0
0
0
0
0.029528
0.021654
0
0
0
0
0
0
0.036614
0.001969
0
0
0
0
0
0.052362
0.008661
0
0
0
0
0
0
0
0
0
0
0
0.315748
0.113386
0.015748
0
0
0
0
0.003937
0
0
0
0
0
0
0
0.001181
0
0
0
0
0
0
0
0.012598
0.036614
0.032283
0
0
0
0
0.136614
0.026772
0
0
0
0
0
0
0.15748
0.021654
0.018504
0
0
0
0
0.172441
0.326772
0.045276
0.011811
0
0
0.001969
0
0
0
0
0
0.001181
0
0
0.016929
0.087402
0.055118
0.099606
0.00315
0
0
0
0
0
0
0
0
0
0
0
0
0.126772
0.957874
0.228346
0.02874
0
0.423228
0.033465
0.011811
0
0
0
0
0
0
0
0
0
0
0
0
0
0
0
0
0
0
0
0
0
0
0
0
0
0
0
0
0
0
0
0
0
0
0
0
0
0
0.183071
0.011811
0
0
0
0
0
0
0
0
0
0
0
0
0
0
0
0
0
0
0
0
0
0
0
0
0
0
0
0
0
0
0
0
0
0
0
0
0
0
0
0
0
0
0
0
0
0
0
0
0
0
0
0
0
0
0
0
0.008661
0.024409
0
0.011811
0.017717
0.001181
0
0
0
0
0
0.07874
0.043307
0
0.14252
0.244882
0.136614
0.001181
0.290551
0.044094
0.038583
0
0
0.095276
0.007874
0.005906
0
0.166142
0
0
0
0
0.01378
0.074016
1.48622
0.251181
0.055118
0.02874
0.175197
0.688976
0.22126
0.468504
0.683071
0.184252
0
0
0
0.222441
0.806299
0.219291
0
0
0
0.034646
0.06811
0.055906
0.021654
0
0
0
0.004724
0
0.018504
0.131102
0.001181
0
0.220472
0.08189
0.023622
0.011024
0.001969
0.190945
0.356299
0.109449
0.307874
0.076772
0.040157
0.036614
0.422441
0.470472
0.349606
0.003937
0.12126
0
0.001181
0
0
0
0
0
0
0.00315
0.001969
0.14252
0.032283
0.040157
0
0
0
0
0
0
0.064961
0.034646
0.023622
0.005906
0
0.00315
0
0
0
0
0.005906
0
0
0
0
0
0
0
0
0
0.011811
0.018504
0.209449
0.124803
0
0.001181
0.077953
0.05315
0.004724
0
0.184252
0.096457
0
0
0
0
0
0
0
0
0
0
0
0.051181
0.023622
0.033465
0.001181
0
0.02874
0.001969
0.00315
0
0
0
0
0.09252
0.008661
0
0
0
0.008661
0
0
0
0
0
0.281496
0.14252
0.005906
0.003937
0.001969
0.055906
0.052362
0.129921
0.120079
0.089764
0.001969
0
0
0
0
0.085433
0.094488
0.068898
0.012598
0.021654
0.003937
0.097244
0.07874
0.189764
0.129134
0.114961
0.004724
0
0
0.169291
0.05315
0
0.040157
0.164567
0
0
0
0
0
0
0
0
0
0
0.179921
0.45748
0.014961
0
0.25315
0.077953
0.074803
0.120079
0.335433
0.287402
0.029528
0.144488
0.01378
0.593307
0.004724
0
0
0
0
0
0.099606
0.003937
0
0
0
0
0
0
0
0.188976
0
0
0
0
0
0
0
0
0
0
0
0
0
0
0
0
0
0
0
0
0
0
0
0
0
0
0
0
0
0
0
0
0
0
0.003937
0
0
0
0
0
0.022441
0.005906
0
0
0
0
0
0
0
0.003937
0.015748
0
0
0
0
0
0
0
0
0
0
0
0
0
0
0
0
0
0
0
0
0
0
0
0
0
0
0
0
0
0
0
0
0
0
0.265748
0
0
0
0
0
0
0.008661
0.001969
0
0
0
0
0
0
0.008661
0
0
0
0
0
0
0
0
0.001181
0
0
0
0
0
0
0
0
0
0
0
0
0
0
0
0
0
0
0.066929
0.758661
0.175984
0.007874
0.226378
0.085433
0.066929
0.014961
0.15748
0.07874
0.052362
0.253937
0.311024
0.048425
0.124016
0.583465
0.131102
0
0.015748
0.00315
0.600394
1.8
0.146457
0.174409
0.179134
0.007874
0.226378
0.055118
0
0
0
0
0
0
0.005906
0
0
0
0
0
0
0
0
0
0
0
0
0.096457
0.105118
0.425984
0.499213
0.223622
0.229134
0.200787
0.018504
0.021654
0.072047
0.020472
0.026772
0.135827
0.055906
0.035433
0.077953
0
0.194094
0.174409
0.088583
0.152756
0.187008
0.582677
0.208661
0.00315
0
0.219291
0.033465
0.035433
0
0
0
0
0
0.298031
0.138976
0
0
0
0
0
0
0
0.003937
0.03937
0.235039
0.084646
0.037402
0
0
0
0
0
0.00315
0.001181
0
0
0
0
0.019685
0.048425
0.120079
0.101575
0.062205
0.003937
0.006693
0.190945
0
0
0
0
0
0
0.456693
0.217717
0.00315
0.238976
0.267717
0.034646
0.21378
0.564961
0.545276
0.156299
0.052362
0.265748
0.062205
0
0.235039
0.113386
0.05
0.137795
0.029528
0.143701
0.058268
0
0.087402
0.141732
0.089764
0.104331
0.18189
0.066929
0
0.296457
0.09252
0.231496
0.232283
0.022441
0
0
0
0
0
0
0
0
0
0
0.064961
0.023622
0
0.001181
0
0
0.095276
0.537402
0.166142
0.501181
0.159449
0.207874
0.003937
0
0
0
0.012598
0.014961
0
0.004724
0
0
0
0
0.273622
0.333858
0.03937
0
0.011811
0.00315
0
0
0
0
0
0
0
0
0.443701
0.159449
0.04252
0.001181
0
0.129921
0.318898
0.024409
0
0
0
0
0.072047
0.029528
0
0
0
0
0
0
0
0
0
0.00315
0.174409
0.006693
0
0
0
0
0
0
0
0
0
0
0
0.011811
0.07874
0.016929
0
0
0
0
0
0
0
0
0
0
0
0
0
0
0
0
0
0
0
0
0
0
0
0
0
0
0
0
0
0
0
0
0
0
0
0
0
0
0.11811
0.055906
0.004724
0
0
0
0
0
0
0
0.020472
0
0
0
0.088583
0.007874
0
0
0
0
0
0.059843
0.03937
0
0
0
0
0
0
0
0
0
0
0
0
0
0
0
0
0.265748
1.184252
0.035433
0
0
0
0
0
0
0.022441
0.015748
0.00315
0
0.070866
0.015748
0
0
0
0
0
0
0
0
0
0
0
0
0
0
0
0
0
0
0
0.070866
0.173228
0.477165
0.788189
0.169291
0.011024
0.141732
0.059055
0.001181
0
0
0
0
0
0
0
0
0.037402
0.006693
0
0
0
0
0.015748
0.006693
0
0
0
0
0
0
0
0
0
0.37874
0.095276
0.516535
0.061024
0
0
0
0
0
0
0
0.146457
0.303937
0.008661
0.106299
0.106299
0
0
0
0
0
0
0
0
0
0
0
0
0
0
0
0
0
0
0
0
0
0
0.102362
0.151575
0.001969
0
0.021654
0.003937
0.337402
2.312992
0.645669
0
0
0
0.184252
0.122047
0.094488
0.216535
0.095276
0
0
0
0
0
0
0
0
0.06378
0.017717
0
0.125984
0.235039
0.214567
0.386614
0.237402
0.011811
0.047244
0.016929
0.164567
0.049213
0.096457
0.072835
0.007874
0
0.00315
0.150787
0.045276
0
0.494882
0.264567
0.055906
0.007874
0
0
0
0
0
0
0
0
0
0
0.145669
0.442126
0.068898
0.509055
0.02874
0
0.226378
0.080709
0.298031
0.166142
0.114961
0.02874
0.437008
0.022441
0
0
0
0
0
0
0
0.097244
0.017717
0
0.140945
0.011811
0
0
0
0
0
0
0
0
0
0
0.004724
0.038583
0.006693
0
0
0
0
0
0
0
0.270866
0.055906
0
0.001181
0.001969
0
0.491339
0.173228
0.009843
0.006693
0
0.106299
0.06378
0
0.001181
0
0
0
0
0
0
0
0
0
0
0
0
0
0
0
0
0
0
0.124016
0.043307
0.261811
1.016929
0.287402
0.001969
0.109449
0.09252
0.36811
0.029528
0.111417
0.663386
0.153543
0.011811
0.00315
0.003937
0
0.001181
0.02874
0
0
0.041339
0
0
0.001181
0
0
0.001181
0.04252
0
0
0
0
0
0
0
0
0
0
0
0
0
0
0.006693
0.008661
0
0
0.011811
0
0
0
0
0
0.05315
0.005906
0
0
0
0
0
0.248819
0.214567
0
0
0
0
0
0
0
0
0
0
0.015748
0
0
0
0
0
0
0
0.00315
0.296457
0.01378
0
0
0
0
0
0
0
0.065748
0.25315
0.016929
0.366929
0.019685
0
0
0.017717
0.011811
0.011024
0.001969
0
0.06378
0.033465
0
0
0
0
0
0
0
0
0
0
0
0
0
0
0
0
0.040157
0
0
0
0
0
0
0.00315
0.442913
0.114173
0.021654
0
0
0
0
0
0
0
0
0
0
0
0
0
0
0
0
0
0
0
0
0.020472
0.184252
0.00315
0
0.167323
0.033465
0
0
0
0
0
0.003937
0.001181
0.206693
0.106299
0.001181
0
0
0.122047
0.018504
0
0.159449
0.061024
0
0
0
0.244094
0.079921
0.152756
0
0
0.00315
0.04252
0.037402
0.007874
0
0
0.031496
0.266929
0.240945
0.011024
0.00315
0
0.036614
0
0.018504
0
0
0.01378
0
0
0
0
0.215354
0.416142
0.003937
0
0.015748
0
0.015748
0.003937
0.031496
0.199606
0.087402
0
0
0
0
0
0
0
0.008661
0.006693
0
0
0
0
0
0
0
0
0.01378
0.012598
0
0.181102
0.172441
0.01378
0.450787
0.34252
0.077953
0.046063
0
0
0.047244
0.052362
0
0
0
0
0
0
0
0
0
0
0
0
0.251181
0.139764
0.195669
0.408661
0.029528
0
0
0
0
0
0
0.133858
0.022441
0
0
0.018504
0.024409
0.006693
0
0
0
0
0
0
0
0
0
0.133071
0.070866
1.314961
0.52874
0.537402
0.026772
0.052362
0
0
0.057087
0.04252
0.145669
0.090551
0.006693
0.086614
0
0
0.00315
0.009843
0.004724
0.011811
0.032283
0.175197
0.163386
0.127953
0.212598
0.084646
0
0
0
0
0
0.01378
0.001181
0.001181
0
0.14252
0.108268
0.008661
0.02874
0.021654
0.035433
0
0
0
0.003937
0.003937
0.101575
0.048425
0.082677
0
0.116142
0.077953
0.06811
0.12126
0.14252
0.104331
0.01378
0
0
0
0.072047
0.06811
0.00315
0.005906
0
0
0.03937
0.036614
0.026772
0.015748
0
0.02874
0.129921
0.301181
0.00315
0.066929
0.685827
0.440945
0.059055
0.015748
0
0
0
0
0
0
0
0
0
0.205512
0.022441
0
0
0
0
0
0
0
0
0
0
0
0
0
0
0
0
0
0
0.175984
0.153543
0
0
0
0.031496
0.074803
0
0.188976
0.172441
0.068898
0.074803
0
0
0
0
0
0
0
0
0
0
0
0
0.001969
0
0
0.101575
0.169291
0.055118
0
0
0
0
0.00315
0
0.004724
0.009843
0
0
0
0
0
0
0
0
0
0
0
0
0
0
0
0
0
0
0
0.06811
0.106299
0.005906
0
0
0
0.12126
0.020472
0
0
0
0
0
0
0
0
0
0
0
0
0
0
0
0
0
0
0
0
0
0
0
0
0
0
0
0
0
0
0
0
0
0
0
0
0
0.008661
0
0
0
0
0
0
0
0
0
0
0
0
0
0
0
0
0
0
0
0
0
0
0
0.021654
0
0.143701
0.522441
0.139764
0.004724
0.198819
0.024409
0
0
0
0
0
0
0
0
0
0.276772
0.007874
0
0
0.034646
0.064961
0.019685
0
0.325591
0.478346
0.035433
0.131102
0.194094
0
0
0.031496
0.014961
0.00315
0.399606
0.125984
0.096457
0
0
0.020472
0.011024
0
0
0.044094
0.555118
0.135827
0
0
0
0.011024
0.003937
0
0
0
0
0.356299
0.268504
0.01378
0.006693
0.012598
0
0
0
0
0
0.007874
0.021654
0.054331
0.003937
0
0
0.049213
0.135827
0.160236
0.017717
0.133071
0.069685
0
0
0.126772
0.033465
0
0.007874
0
0
0.091732
0.01378
0
0
0
0
0
0
0
0.00315
0
0.093701
0.044094
0
0
0.031496
0.05
0
0
0
0
0
0
0
0
0
0.045276
0.019685
0.020472
0.184252
0.052362
0.020472
0
0.001181
0.030315
0.164567
0.154331
0.005906
0
0
0
0
0
0
0
0
0.099606
0.004724
0.05315
0.025591
0.051181
0.003937
0
0
0
0
0
0
0.007874
0.194094
0.143701
0.022441
0
0
0
0
0.011024
0.023622
0.061024
0.06811
0.012598
0
0
0
0.020472
0
0
0
0
0.001181
0.001181
0
0
0.007874
0.175197
0.046063
0.120079
0.198819
0.018504
0
0.141732
0.366142
0.181102
0
0
0
0.003937
0
0
0
0
0
0
0
0.074016
0.02874
0
0
0
0
0
0
0.005906
0.01378
0
0
0
0.011024
0
0
0.003937
0
0
0.022441
0.179921
0.023622
0
0
0
0
0
0
0
0
0
0
0
0
0
0
0
0
0
0
0
0
0
0.064961
0.037402
0.166142
0.02874
0
0
0.003937
0.126772
0
0
0
0.004724
0.135827
0.020472
0.161417
0
0
0.303937
0.205512
0.195669
0.017717
0
0.06811
0.03937
0.080709
0
0
0
0
0.001969
0.003937
0
0
0
0
0
0
0
0.00315
0.007874
0
0
0
0
0
0
0
0
0
0
0
0
0
0
0
0
0
0
0
0
0
0
0.004724
0.114961
0.209449
0.051181
0
0
0
0
0
0
0
0
0
0
0
0
0
0
0
0.12126
0.107087
0.012598
0.174409
0
0
0
0
0
0
0
0
0
0
0
0
0
0
0
0
0
0
0
0.059055
0.016929
0
0
0
0
0
0
0.064961
0.088583
0.023622
0
0
0
0
0
0
0
0
0
0
0
0
0
0
0
0
0.41811
0.155512
0
0
0
0
0
0.015748
0.311024
0.291339
0.15748
0.638976
0.594488
0.057087
0
0.054331
0.001181
0.003937
0.019685
0.005906
0.011024
0
0
0
0
0
0
0
0.017717
0.165354
0.248031
0.082677
0.324803
0.124803
0.003937
0
0.00315
0.035433
0.032283
0
0
0.005906
0.268504
0.178346
0.018504
0
0.001181
0.18189
0.110236
0.954724
0.377953
1.031496
0.274409
0.01378
0
0.003937
0
0.194094
0.329921
0.011811
0.064961
0.026772
0.215354
0
0
0
0.001181
0.004724
0.165354
0.136614
0.189764
0.388976
0.086614
0.091732
0.003937
0.126772
0.038583
0.070866
0.669291
0.257087
0.208661
0.361417
0.04252
0.001969
0.102362
0.437008
0.093701
0.198819
0.033465
0
0.03937
0.685039
0.809055
0.909449
0.122047
0
0
0
0
0
0
0
0
0
0
0
0
0.106299
0.122047
0
0.026772
0.219291
0.145669
0.150787
0.089764
0.016929
0
0
0.00315
0
0.247244
0.058268
0.232283
0.163386
0.105118
0.317717
0.374016
0.003937
0
0
0
0
0.011024
0.047244
0.016929
0.00315
0
0
0
0
0.386614
0.070866
0.012598
0
0.167323
0.111417
0.189764
0.634646
0.290551
0.016929
0.00315
0
0
0.235039
0.810236
0.192126
0.054331
0
0
0
0
0.025591
0.113386
0.098425
0.072835
0.242126
0.175197
0.017717
0.046063
0.006693
0.257087
0.066929
0.164567
0.011811
0.011024
0.001969
0.075591
0.009843
0.064961
0.748819
0.048425
0
0.049213
0.00315
0.05
0.151575
0.057087
0.122835
0.027559
0
0.001181
0
0
0.004724
0.101575
0.521654
0.036614
0.069685
0.066929
0.109449
0.003937
0
0
0
0.001181
0
0
0
0
0
0.001181
0.061024
0.086614
0.007874
0
0
0.330709
0.216535
0.012598
0.003937
0.005906
0.032283
0.559055
0.664567
0.437008
0.144488
0.178346
0.679134
0.270866
0.140945
0.001969
0
0
0
0
0
0
0
0
0
0
0
0
0
0
0
0
0
0
0
0
0
0
0
0
0
0
0
0
0
0
0
0
0
0
0
0
0
0
0
0
0
0
0
0.045276
0.137795
0.005906
0
0
0
0
0
0
0
0
0
0
0
0
0
0.016929
0.257087
0
0
0
0.139764
0
0
0.337402
0.175197
0.027559
0
0
0.034646
0
0
0
0
0
0
0
0
0
0
0
0
0
0
0
0
0
0.027559
0
0
0
0
0
0
0
0
0
0.212598
0.125984
0
0
0
0
0
0
0
0
0
0
0
0
0
0
0
0
0
0.091732
0.074016
0
0
0.062205
0.177165
0.088583
0.001969
0
0.174409
0.325591
0.04252
0
0
0
0
0
0
0
0
0
0
0
0
0
0
0
0
0
0
0
0
0
0
0
0
0
0
0
0
0
0
0
0.05
0.008661
0
0
0.201575
0.202756
0.001969
0
0
0
0
0.004724
0.269685
0.005906
0.163386
0.011024
0.164567
0.065748
0
0.011024
0.76378
0.694882
0
0.06378
0.201575
0.015748
0.209449
0.072835
0
0
0
0
0
0
0
0
0
0
0
0
0
0
0.030315
0.159449
0.069685
0.137795
0.005906
0.02874
0.181102
0.116929
0.003937
0
0.138976
0.036614
0.017717
0.008661
0
0
0
0
0
0
0
0
0
0.059055
0.07874
0.131102
0.070866
0.012598
0.048425
0
0
0
0
0
0
0
0
0
0
0.06811
0.108268
0.003937
0.101575
0.284252
0
0
0
0.004724
0
0.034646
0.178346
0.046063
0.062992
0.08189
0.075591
0.018504
0.011024
0.005906
0.114961
0.13189
0.037402
0.00315
0
0
0
0
0
0
0
0
0
0.011811
0.007874
0
0
0
0
0.082677
0
0.145669
0.007874
0.011024
0.019685
0.091732
0.019685
0
0
0
0
0
0.062992
0.165354
0.001181
0
0
0
0
0.051181
0.165354
0.009843
0.072047
0.020472
0.001181
0
0
0
0
0
0
0
0
0
0
0
0
0.023622
0.126772
0.173228
0.025591
0
0
0.008661
0.003937
0
0
0.017717
0.479528
0.543307
0.311024
0.206693
0.025591
0
0
0
0
0
0.089764
0.072835
0.044094
0.043307
0.02874
0.133858
0.217717
0.409449
0.001181
0
0
0
0
0
0
0
0
0.244094
0.066929
0
0
0
0.343701
0.075591
0
0
0
0
0
0
0.003937
0.005906
0
0
0
0
0
0
0
0
0
0
0
0
0
0
0
0
0
0
0
0
0
0
0
0
0
0
0
0
0
0
0
0
0
0
0
0
0
0.192913
0.004724
0
0
0
0
0
0
0
0
0
0
0
0
0
0
0
0
0
0
0
0
0
0
0
0
0
0
0
0
0
0
0
0
0
0
0
0
0
0
0
0
0
0
0
0
0
0
0
0
0.064961
0.076772
0
0
0
0
0
0
0.005906
0
0
0
0
0
0
0
0
0.012598
0.240157
0.014961
0
0
0
0
0
0
0
0
0
0
0
0
0.001181
0.030315
0.100394
0.015748
0
0
0
0
0
0
0
0
0
0
0
0.322047
0.040157
0
0
0.358268
0.363386
0.031496
0.020472
0.543307
0.170079
0.014961
0.001181
0.19685
0.41811
0
0.008661
0.008661
0
0.022441
0.31378
0.644882
0.319685
0
0.011811
0.025591
0
0
0.29252
0.356299
0.133858
0.189764
0.135827
0.00315
0.026772
0.00315
0.001969
0.018504
0.024409
0
0.083465
0.507087
0.020472
0
0.018504
0.143701
0.033465
0.004724
0.113386
0.165354
0.266929
0.086614
0.129134
0.022441
0
0
0
0
0.005906
0.112205
0
0
0.227559
0.080709
0
0
0
0
0
0.004724
0.086614
0.116929
0.159449
0.25315
0.363386
0.89252
0.411417
0.580709
0.270866
0.395669
0.243307
0.044094
0
0.104331
0.014961
0
0
0
0.088583
0.01378
0.019685
0.177165
0.170079
0.295276
0.147638
0.322047
0.209449
0.60315
0.15748
0
0
0
0
0
0.001181
0
0
0
0.011811
0.271654
0.036614
0
0
0
0.027559
0
0
0
0
0
0
0
0
0
0
0
0.606299
0.624016
0.297244
0.051181
0.017717
0
0.01378
0.286614
0.346457
0.581496
0.290551
0.274409
0.062205
0.384646
0.061024
0
0.330709
0.26378
0.335433
0.305118
0.287402
0.201575
0.169291
0.044094
0
0
0
0
0
0
0.062205
0.046063
0
0
0.011024
0.192913
0.220472
0.433071
0.231496
0.00315
0.025591
0.012598
0.730315
0.273622
0
0.008661
0.001969
0.120079
0.014961
0.198031
0.14252
0
0
0
0
0
0.018504
0.192913
0.551969
0.325591
0.370079
0.209449
0.019685
0.175984
0.140945
0.020472
0.007874
0.004724
0
0.146457
0.072835
0.03937
0.001969
0
0
0.001181
0
0
0
0
0.026772
0.097244
0.03937
0.017717
0.001181
0
0
0
0
0
0.011811
0
0.018504
0.04252
0
0.022441
0.09252
0.26378
0.097244
0
0
0.011811
0.003937
0
0.243307
0.67126
0.262992
0.023622
0.124016
0.114173
0.14252
0.001181
0
0
0
0
0
0
0
0
0
0.009843
0
0
0
0
0
0.001969
0.001181
0.06811
0.129921
0.016929
0.203937
0.113386
0
0
0
0
0.016929
0.031496
0.007874
0.044094
0.140945
0.03937
0
0
0
0
0
0
0
0
0
0
0
0
0
0
0.004724
0
0
0
0
0
0
0
0
0
0
0
0
0
0
0
0
0
0
0
0
0
0
0
0
0
0
0
0
0
0
0
0
0
0
0
0
0
0
0
0
0.037402
0
0
0
0
0
0
0
0.001181
0.024409
0.003937
0
0.043307
0
0
0
0
0.001181
0
0
0
0
0
0
0
0.237402
0
0
0
0
0
0.001181
0
0
0
0
0
0
0
0.015748
0.004724
0
0
0
0
0
0
0
0
0
0
0.032283
0.025591
0.14252
0.018504
0.00315
0.059843
0.00315
0
0
0.001181
0
0.083465
0.006693
0
0
0.03937
0.051181
0
0.004724
0.394488
0.033465
0.160236
0.015748
0.174409
0.551969
0.059843
0.008661
0.648819
0.251969
0.555906
0.105118
0.055906
0.204724
0.05315
0.678346
1.969685
1.131102
0.052362
1.001969
0.281496
0
0
0
0.001969
0
0
0
0
0
0
0
0.016929
0.324016
0.898819
0.422441
0.016929
0
0
0.016929
0.007874
0.03937
0
0.072835
0.18189
0.374803
0.003937
0
0
0
0.134646
0.195669
1.56811
0.158661
1.012992
0.540551
0.096457
0.220472
0.499213
0.349606
0.246063
0.116929
0.591339
0.274409
0.059843
0.168504
0.450787
0.049213
0.048425
0
0.662598
0.395669
0.003937
0
0.004724
0.023622
0
0
0
0
0
0
0.038583
0.135827
0.061024
0.396457
0.354331
0.329921
0.044094
0.003937
0.360236
0.052362
0.07874
0.052362
0.101575
0.061024
0
0
0
0.058268
0.265748
0.014961
0.001969
0.034646
0
0
0.09252
0.095276
0
0
0
0
0
0
0
0
0
0.034646
0.109449
0.003937
0
0
0.329921
0.642913
0.06811
0
0
0.228346
0.054331
0.044094
0
0
0
0
0
0
0.024409
0.017717
0.088583
0.02874
0
0
0.137795
0.051181
0.307874
0.001969
0.127953
0.072835
0.020472
0.012598
0.766929
0.12126
0
0
0
0
0
0
0
0
0
0
0
0
0
0
0
0
0
0.011811
0.255906
0.185039
0.148819
0.454724
0.826772
0.124803
0
0.174409
0.251969
0.03937
0.015748
0
0
0.065748
0.017717
0
0
0
0
0
0
0
0
0
0
0
0
0
0
0
0
0
0
0
0.150787
0.035433
0
0.048425
0.003937
0
0.094488
0.070866
0.011811
0.276772
0.472441
0.122835
0
0
0
0
0
0
0
0
0
0
0
0
0
0
0
0.06811
0.00315
0.011024
0
0.016929
0
0
0
0
0
0
0
0.004724
0
0.02874
0.046063
0.046063
0
0
0
0
0
0
0
0
0
0
0
0
0
0
0.06811
0.017717
0
0
0
0
0
0
0
0
0
0.011811
0
0.008661
0
0
0
0
0
0
0
0
0
0
0
0
0
0
0
0
0
0.049213
0.625984
0.162205
0.012598
0.001969
0.005906
0
0
0
0
0
0
0
0
0
0
0
0
0
0
0
0
0
0
0
0
0
0
0
0.001181
0.083465
0
0
0
0.314961
0.425984
0.030315
0
0
0.131102
0.280315
0.432283
0.374803
0
0
0.298031
0.005906
0
0.003937
0
0
0
0.004724
0
0
0
0
0
0
0
0
0.058268
0.075591
0.00315
0.220472
0.636614
0.786614
0.715354
0.02874
0.257874
0.120079
0.034646
0.096457
0
0
0.216535
0.059055
0.00315
0.372047
0.124016
0.075591
0
1.20748
0.354331
0.087402
0.419291
0.605512
0.80315
0.288189
0.307087
0.146457
0.059843
0
0
0
0
0
0.026772
0.908661
0.102362
0.090551
0.001181
0.154331
0.259843
0.319685
0.057087
0.06378
0.610236
1.457874
1.16811
1.343307
0.41063
0
0
0
0
0
0
0
0
0
0
0
0
0
0.22126
0
0
0.005906
0.178346
0.31378
0.005906
0
0.572835
0.162205
0.025591
0.089764
0.054331
0
0.027559
0.148819
0.004724
0
0.079921
0.016929
0
0.030315
0.361417
0.007874
0.240157
0
0.077953
0.020472
0
0
0
0.131102
0.016929
0.049213
0.024409
0.021654
0.011024
0
0
0
0.029528
0.133071
0.113386
0
0.498031
0.34252
0.049213
0
0
0
0
0
0
0
0
0
0
0.061024
0.011811
0.08189
0.012598
0
0.087402
0.003937
0
0
0
0
0
0.006693
0.052362
0.003937
0
0.159449
0.043307
0
0
0
0
0
0.00315
0.005906
0.03937
0
0
0
0.064961
0.01378
0
0
0
0.135827
0.187008
0.284252
0.208661
0.316929
0.113386
0.086614
0.005906
0
0.003937
0
0.216535
0.114173
0.058268
0
0
0.004724
0
0
0
0
0
0
0.05315
0.00315
0
0.023622
0
0
0
0
0
0
0
0
0.140945
0.534252
0.001181
0
0.048425
0.055906
0.070866
0.017717
0.007874
0.069685
0
0.122047
0.52874
0.062992
0
0
0
0
0
0.353543
0.061024
0.037402
0.003937
0
0
0
0
0
0
0
0
0
0
0
0
0
0
0.027559
0.143701
0.160236
0.008661
0
0
0
0
0
0
0
0
0
0
0
0
0
0
0.122047
0
0
0
0
0
0
0
0
0
0
0
0.003937
0.275591
0
0
0
0
0
0
0
0
0
0
0
0
0
0
0
0
0
0
0
0.075591
0.437795
0.25315
0
0
0.066929
0
0.001969
0.043307
0
0
0
0
0
0
0
0
0
0
0
0
0
0.091732
0.007874
0
0
0.152756
0.37874
0.091732
0.030315
0.233465
0.015748
0
0
0
0
0
0
0
0
0
0
0
0
0.364173
0.07874
0
0.017717
0.001181
0.183071
0.160236
0.276772
0.146457
0.012598
0.044094
0
0
0
0
0
0
0
0
0
0
0.006693
0
0
0
0
0
0.074803
0.007874
0.858268
0.131102
0
0.014961
0
0
0.007874
0.462598
0.069685
0.014961
0
0.122835
0.036614
0.047244
0.158661
0.022441
0.011811
0.021654
0
0.320866
0.061024
0
0
0.05
0.122835
0.347244
0.131102
0.232283
0
0
0.272835
0.08189
0
0
0.021654
0.001181
0.114173
0.06378
0.267717
0.181102
0.003937
0
0
0
0.01378
0.099606
0.266929
0.233465
0.018504
0
0.001969
0.195669
0.001181
0
0.104331
0
0
0
0
0
0
0
0.274409
0.273622
0.195669
0.700787
0.086614
0
3.744882
0.031496
0.008661
0.101575
0.140945
0.348425
0.198819
0.070866
0.230315
0.32874
1.179134
0.090551
0.461811
0.043307
0
0.243307
0.156299
0.05315
0.104331
0.183071
0.761024
0.054331
0.274409
0.105118
0
0.012598
0.194882
0.509055
0.12126
0.001181
0.051181
0.122835
0.008661
0.043307
0.016929
0.076772
0.059055
0.07874
0.122047
0.169291
0.046063
0.097244
0.001969
0.033465
0.178346
0.643701
0.307087
0.014961
0.564961
0.129921
0.106299
0
0.030315
0.024409
0.194882
0.22126
0.079921
0
0.006693
0
0.04252
0
0
0
0
0.01378
0.011024
0.003937
0.017717
0
0
0
0
0.016929
0.463386
0.823622
0.315748
0.09252
0.043307
0.189764
0.225197
0.030315
0
0.377953
0.107087
0.007874
0.251969
0.088583
0.022441
0.185827
0.080709
0
0.072835
0.05
0.008661
0.001969
0.111417
0.005906
0.015748
0
0
0
0
0
0
0
0
0.135827
0.006693
0
0
0
0
0
0.004724
0.062205
0.020472
0.125984
0.437008
0.179134
0.429134
0.11811
0.209449
0.017717
0.005906
0.135827
0.205512
0.109449
0.131102
0.112205
0.075591
0.01378
0.009843
0.290551
0.226378
0.001181
0.038583
0.024409
0.280315
0.068898
0.033465
0.17126
0.355118
0.141732
0.011811
0
0.003937
0.035433
0
0
0
0
0
0.048425
0.200787
0.153543
0.026772
0
0.001181
0
0
0
0
0
0
0
0.207874
0.029528
0.106299
0.224409
0.003937
0
0
0
0
0
0
0
0
0
0
0
0.00315
0
0
0.012598
0
0
0
0
0
0
0
0
0
0
0
0
0.033465
0
0
0.003937
0
0
0
0.08189
0
0
0
0
0
0
0
0
0
0
0
0
0
0
0
0
0
0
0
0.011811
0
0
0
0
0
0
0
0
0
0
0
0
0
0
0
0
0
0
0
0.297244
0.029528
0
0
0
0
0
0
0
0
0
0
0
0
0
0
0.094488
0.008661
0
0.047244
0
0
0
0.041339
0
0
0
0
0
0.158661
0.015748
0.047244
0
0
0.129921
0.014961
0.011811
0.001181
0
0
0
0
0
0
0
0.083465
0.258661
0
0
0.091732
0
0
0
0.345276
0.020472
0.085433
0.069685
0.181102
0.085433
0.467717
0.384646
0.03937
0.343701
0.168504
0.051181
0
0
0.011811
0.003937
0.147638
0.018504
0.006693
0.001969
1.526772
1.34252
0.754724
0.847244
0.544094
0.072835
0.119291
0
0.25315
2.270472
0.76378
0.046063
0.832677
0.006693
0.122047
0.464567
0
0.10315
0
0
0
0
0.104331
0.06378
0.011024
0
0
0
0
0.18189
0
0.012598
0
0
0.148819
0.020472
0
0
0
0
0.080709
0.043307
0
0
0
0
0
0
0
0
0
0
0.021654
0
0.006693
0.307874
0.237402
0.274409
0.796457
0.229134
0.177165
0.60748
0.330709
1.504724
0.122047
0
0.026772
0.014961
0
0
0.095276
0.043307
0.046063
0.020472
0.006693
0.011024
0
0.06378
1.534252
0.036614
0.977559
0.335433
0.003937
0
0
0.364961
0.06378
0.179134
0.347244
0.290551
0.26063
0.014961
0.164567
0.06811
0.035433
0.00315
0.116142
0.231496
0.398425
0.281496
0.089764
0.095276
0.37126
0.124803
0.022441
0
0
0.041339
0.173228
0.035433
0
0
0.02874
0
0.001181
0.005906
0
0
0
0
0.016929
0
0
0.00315
0
0.055118
0.001181
0
0.00315
0.040157
0.246063
0.062205
0.005906
0.020472
0.027559
0.167323
0.059055
0
0.620866
0.079921
0.059843
0.087402
0
0.096457
0
0
0
0
0
0
0
0
0.051181
0.008661
0
0
0
0
0.022441
0.004724
0
0
0.084646
0.148819
0.088583
0
0
0.004724
0
0
0
0.006693
0.059843
0.014961
0.008661
0.030315
0
0
0
0
0
0
0
0
0
0
0
0
0
0.082677
0
0
0
0.030315
0.02874
0.011024
0
0
0
0
0
0
0
0
0.011024
0
0
0
0
0
0
0
0
0
0
0
0
0
0
0
0
0
0
0
0
0
0
0
0
0
0
0
0
0
0
0
0
0
0
0
0
0
0
0
0
0
0
0
0
0
0
0
0
0
0
0
0
0.072047
0.016929
0.244882
0.020472
0
0.03937
0.194094
0.173228
0.066929
0.00315
0
0
0
0
0
0
0
0
0
0.192126
0
0.017717
0
0.007874
0
0.104331
0.074803
0
0
0
0
0
0
0
0
0
0
0
0
0
0
0
0
0
0
0
0
0
0
0
0
0
0
0
0
0
0
0
0
0
0
0
0.084646
0.031496
0
0
0
0
0
0
0
0
0
0
0
0
0
0
0
0
0
0
0
0.102362
0.798031
0.13189
0
0
0
0
0
0
0.009843
0
0
0.016929
0
0.106299
0.090551
0
0
0
0
0
0.433071
0.04252
0
0.08189
0.120079
0.061024
0.054331
0.012598
0.06811
0.012598
0.059055
0
0
0.388976
0.238976
0.208661
0.280315
0
0
0.006693
0.188976
0.104331
0.198819
0.066929
0.008661
0.017717
0.287402
0
0.007874
0
0
0.012598
0
0
0
0
0
0
0
0
0
0
0
0
0
0.066929
0.181102
0.233465
0.043307
0.129921
0
0.011811
0.008661
0.027559
0.630709
2.024409
0.562992
0.091732
0.548425
0.505906
0.384646
0.062992
0.170079
0.244094
0.45
0.047244
0.033465
0.017717
0.076772
0.161417
0.08189
0.003937
0
0
0
0.177165
0.087402
0.020472
0
0.007874
0.019685
0
0.001181
0
0.001181
0.03937
0.025591
0.155512
0.387795
0.430315
0.208661
0.011024
0.027559
0.00315
0
0
0
0.025591
0.57874
0.044094
0.030315
0.269685
0.244882
0.238189
0.301181
0.006693
0.080709
0.022441
0.004724
0.627953
0.062992
0.111417
0.014961
0.009843
0.014961
0.145669
0
0
0.100394
0.019685
0.061024
0.049213
0.003937
0.090551
0.019685
0.014961
0
0.237402
0.021654
0
0
0
0.016929
0
0
0
0
0
0
0
0
0
0
0
0.240157
0
0
0
0.360236
0.253937
0.114961
0.324016
0.129921
0.935827
0.294094
0.004724
0
0
0.022441
0
0.003937
0
0
0.034646
0
0
0
0.086614
0.001181
0.031496
0
0
0.138976
0.109449
0.03937
0.167323
0.168504
0
0
0.00315
0.017717
0.177165
0.037402
0
0
0
0
0
0
0
0
0
0
0
0
0
0
0
0
0
0
0
0
0
0.004724
0.030315
0.021654
0
0.016929
0
0
0
0
0
0
0
0
0
0
0
0
0
0
0
0
0
0
0
0
0
0
0.077953
0.336614
0.00315
0.038583
0.023622
0
0
0
0
0
0
0
0
0
0
0
0
0
0
0
0
0
0
0
0
0
0.377953
0
0
0
0
0
0.020472
0
0
0
0
0.04252
0
0
0
0
0
0
0
0
0
0
0
0
0
0
0
0
0
0
0
0
0
0.258661
0.001181
0.017717
0.230315
0
0.051181
0
0
0
0
0
0
0
0
0
0
0
0
0
0
0
0
0
0
0
0
0
0
0
0
0
0
0
0
0
0
0
0
0.246063
0.185039
0.055906
0.00315
0
0
0
0
0
0.001181
0
0.585827
0.059843
0
0.065748
0
0.001969
0
0.251181
0.33189
0.025591
0.090551
0
0.02874
0
0
0
0.004724
0
0.175984
0.087402
0.004724
0.001969
0
0
0.288189
0.204724
0
0
0
0
0
0
0
0
0.036614
0
0.020472
0.020472
0.016929
0.125984
0.075591
0.00315
0
0
0
0
0
0
0
0.017717
0.064961
0.032283
0.227559
0.124803
0.562992
0.13189
0.01378
0.046063
0
0.011024
0
0.003937
0
0
0.138976
0
0
0.007874
0
0
0
0
0
0
0
0
0
0
0
0.01378
0.006693
0.184252
0.001969
0.11811
0.015748
0.086614
0.026772
0.021654
0
0
0
0
0
0
0
0.259843
0.04252
0.001181
0
0
0.079921
0.031496
0
0
0.009843
0.075591
0.029528
0.009843
0.005906
0.019685
0
0.141732
0.077953
0.051181
0.076772
0.009843
0
0
0
0
0.037402
0
0.029528
0.016929
0.496063
0.169291
0.029528
0.079921
0
0.022441
0
0
0.386614
0.007874
0.079921
0.054331
0.009843
0
0
0.012598
0.026772
0
0
0.001181
0
0
0.033465
0.209449
0.062992
0
0.021654
0
0.001181
0.082677
0.012598
0.264567
0.020472
0.032283
0.29252
0.065748
0
0
0
0.006693
0.143701
0
0
0.076772
0.205512
0.02874
0.023622
0.057087
0.120079
0.027559
0.001969
0.021654
0
0
0.003937
0.169291
0.355118
0.046063
0.120079
0
0
0
0
0
0
0.006693
0.019685
0
0.017717
0
0
0
0
0
0
0
0
0
0
0
0
0
0.45748
0.291339
0
0.154331
0
0
0
0
0
0
0
0
0
0
0
0
0
0
0
0.007874
0
0.009843
0.00315
0
0
0
0
0
0.049213
0
0
0
0
0
0
0
0
0
0
0
0
0
0.046063
0.266929
0.008661
0
0
0
0
0
0
0.020472
0
0
0
0
0.089764
0.214567
0.144488
0.001181
0
0
0
0
0
0
0.165354
0
0.136614
0
0
0
0
0
0
0
0.027559
0
0
0
0
0
0
0
0
0
0
0
0
0
0
0
0
0
0
0
0
0
0
0
0.003937
0
0
0
0
0
0
0
0
0
0
0
0
0
0
0
0
0
0
0.072047
0.185827
0.030315
0
0.029528
0.029528
0
0
0
0
0
0
0.016929
0
0.278346
0.257874
0
0
0
0.101575
0
0
0
0
0
0
0
0
0
0
0.137795
0
0
0
0
0
0
0
0
0
0
0
0.110236
0
0
0
0
0
0
0.188189
0.145669
0
0
0
0
0
0
0
0
0
0
0
0.091732
0.246063
0.181102
0
0.10315
0.190945
0
0.02874
0.173228
0.344488
0.795276
0.099606
0.588583
0.555906
0.168504
0
0.629134
0.425984
0.062992
0.254724
0.253937
0.455512
0.034646
0.286614
0.416142
0
0
0.022441
0.033465
0.062992
0.074803
0.077953
1.180315
0.04252
0
0.405512
0.004724
0.18189
0.198031
0.020472
0.012598
0.037402
0.00315
0
0
0
0.011024
0.271654
0.629921
0.630709
0.326772
0.324803
0.405512
0
0
0.099606
0.014961
0.294094
0.008661
0
0
0
0.004724
0
0.004724
0
0.033465
0
0.167323
0.049213
0.140945
0.392913
0.058268
0.001181
0
0.080709
0.149606
0
0
0
0
0.05315
0
0
0
0
0
0.155512
0.514567
0
0
0
0
0
0
0
0
0.325591
0.122835
0.095276
0.663386
0.008661
0.001181
0.273622
0.016929
0
0
0
0
0
0
0
0
0.003937
0.049213
0.366929
0.072047
0
0.058268
0.02874
0.007874
0.021654
0.114173
0.006693
0.058268
0.15748
0.007874
0.004724
0
0
0
0.076772
0.217717
0.047244
0
0
0
0
0
0
0
0
0
0
0
0.001181
0.00315
0
0.076772
0.284252
0.038583
0
0
0.234252
0.008661
0.040157
0.307087
0.088583
0.004724
0
0
0
0
0
0
0
0.070866
0.033465
0
1.419291
0.080709
0
0
0
0
0
0
0
0
0
0
0
0
0
0
0
0
0
0
0.07874
0.082677
0.055906
0
0
0
0
0
0.074803
0
0
0.188189
0.064961
0
0
0
0
0
0
0
0.026772
0
0
0
0
0
0
0
0
0
0.006693
0
0
0.04252
0
0
0
0
0
0
0
0
0
0
0
0
0
0
0
0
0
0
0
0
0
0.018504
0
0
0
0
0
0
0
0
0.026772
0
0
0
0
0
0
0
0
0
0
0
0
0.024409
0
0
0
0
0
0
0
0
0
0
0
0
0
0
0
0
0
0
0
0
0
0
0
0
0
0
0
0
0
0
0
0
0.003937
0
0
0
0
0
0
0
0
0
0
0.091732
0
0
0.227559
0
0
0
0
0
0
0
0
0.007874
0.065748
0
0
0.07874
0.00315
0
0
0
0
0
0
0
0
0
0
0
0
0
0
0
0
0
0
0
0
0
0
0
0
0
0
0
0
0
0
0
0
0.02874
0.898819
0.207874
0.314961
0.21378
0
0.124016
0
0
0
0.074016
0.01378
0
0
0
0
0
0.016929
0.017717
0
0
0
0
0
0
0
0
0.001181
0
0
0
0
0
0.30315
0.072835
0.083465
0.160236
0.484252
0.577953
1.028346
0.499213
0.024409
0.007874
0.06378
0.199606
0.031496
0.032283
0.041339
0.041339
0.122047
0.37126
1.913386
0.594488
0.240945
0.711811
0.051181
0.05
0.047244
0.007874
0.001181
0.00315
0
0
0
0
0.026772
0.170079
0.286614
0.606299
0.075591
0
0
0
0
0
0.001181
0.032283
0.222441
0.032283
0.355118
0.049213
0.315748
0.05315
0.090551
0.101575
0.011024
0.194094
0.055906
0.03937
0
0
0
0
0
0
0
0
0
0.124803
0.223622
0
0.381102
0.045276
0.012598
0.027559
0.029528
0.003937
0.008661
0
0
0
0
0
0
0.037402
0.003937
0.05315
0.005906
0
0
0
0
0.016929
0.020472
0.011811
0.007874
0
0.507087
0.642913
0.114961
0.179921
0.005906
0
0.097244
0.048425
0.043307
0.21063
0.016929
0.020472
0.944882
0.097244
0
0
0
0
0.275591
0.122047
0.077953
0.324016
0.119291
0.112205
0.043307
0.00315
0
0
0.086614
0.023622
0.139764
0.294094
0.133858
0.006693
0.03937
0.062205
0.001969
0
0
0.107087
0.016929
0.34252
0.086614
0.068898
0.009843
0.018504
0.038583
0.124803
0.007874
0
0.046063
0.360236
0.091732
0
0.003937
0.140945
0.061024
0.038583
0.075591
0.209449
0
0
0
0
0
0
0
0
0
0
0
0
0
0
0
0
0.001969
0.026772
0
0
0
0
0
0
0
0
0
0
0
0
0
0
0
0
0
0
0
0
0
0
0
0
0
0
0
0
0
0
0
0
0
0
0
0
0
0
0.177165
0
0
0
0
0
0
0
0
0
0
0
0
0
0
0
0.007874
0.109449
0.005906
0
0
0
0
0
0
0
0.06378
0.098425
0
0
0
0
0
0
0
0
0
0
0
0
0
0
0
0
0
0.01378
0.302362
0
0
0
0
0
0.014961
0
0
0
0
0
0
0.041339
0.005906
0
0
0.122835
0.392913
0
0
0
0
0
0
0.027559
0
0
0
0
0
0
0
0
0
0
0
0
0
0
0
0
0
0.026772
0
0
0
0
0.014961
0
0.001181
0
0
0
0
0
0
0
0
0
0
0
0
0
0
0
0
0.004724
0.08189
0.004724
0
0
0.438976
0
0.258661
0
0.046063
0.059055
0.126772
0
0.022441
0
0
0
0.097244
0.062205
0.094488
0
0
0.181102
0.077953
0.024409
0
0.037402
0
0.151575
0.011811
0
0.119291
0.575591
0.06811
0.003937
0.003937
0
0.040157
0.612205
0.192913
0.107087
0
0.031496
0.00315
0.32874
0.643701
0.783465
0.369291
0
0
0
0
0.162205
0
0
0
0.462598
0.004724
0.10315
0.006693
0
1.219685
0.076772
0.033465
0.557087
0.553937
0.087402
0.076772
0.038583
0.108268
0.112205
0.019685
0.093701
0.116929
0.004724
0
0.025591
0
0.059055
0.090551
0
0.00315
0.00315
0.102362
0
0
0.084646
0.112205
0.108268
0.006693
0.360236
0.057087
0.114961
0.195669
0.116929
0.003937
0.059055
0.044094
0.027559
0.011811
0.004724
0.273622
0.005906
0
0
0
0
0
0
0
0.116142
1.518898
1.073622
0.015748
0
0
0.043307
0.005906
0.09252
0.217717
0.693701
0.086614
0.062992
0
0.649606
0.106299
0
0.020472
0.062992
0.03937
0
0
0
0
0
0
0
0
0
0
0
0
0
0
0
0
0
0
0
0.161417
0.035433
0
0
0.029528
0.059843
0
0
0
0
0
0
0
0
0
0
0
0
0
0
0.347244
0.127953
0.127953
0.061024
0.024409
0.124803
0.205512
0.14252
0
0
0
0
0
0
0
0
0
0
0
0
0
0
0
0.087402
0.03937
0.312992
0.184252
0.034646
0
0
0
0
0
0.51378
0.082677
0.017717
0.055118
0
0.004724
0
0
0.012598
0.020472
0.247244
0.076772
0
0
0
0
0
0
0
0
0.005906
0.122835
0
0.027559
0
0
0
0
0
0
0
0
0
0
0
0
0
0
0
0
0
0
0.047244
0.14252
0.354331
0
0
0
0
0
0
0
0
0
0
0
0
0
0
0
0
0
0
0.02874
0
0
0
0
0.003937
0.029528
0
0
0
0
0
0
0.020472
0
0
0
0
0
0
0
0
0
0
0
0
0
0
0
0
0
0
0
0
0.237402
0.017717
0.001181
0.020472
0
0
0
0
0
0
0
0
0
0
0
0
0
0
0
0
0
0
0
0
0
0
0.009843
0.005906
0.122047
0
0
0
0
0
0
0
0
0
0
0
0
0
0
0
0
0
0
0.222441
0
0
0
0
0
0
0
0.061024
0.672441
0.119291
0.280315
0.00315
0.001969
0.409449
0.748819
0
0.572835
0.040157
0.093701
0.048425
0.007874
0.020472
0
0
0.523622
0
0
0
0
0
0
0.025591
0
0
0.017717
0.001181
0
0.006693
0
0
0.006693
0
0
0
0
0
0.22126
0.190945
0.277559
0.017717
0
0.045276
0.001969
0
0
0
0
0.00315
1.05315
1.217323
1.773622
0.01378
0
0
0
0.001969
0
0
0
0
0
0
0
0
0
0
0
0.032283
0.622047
0.093701
0.257874
0.227559
0.106299
0.17126
0.195669
0.021654
0
0
0
0.22126
0.309055
0.284252
0.04252
0.111417
0.017717
0
0
0.100394
0.015748
0.011024
0
0
0
0
0
0
0
0
0.003937
0.068898
0.04252
0
0.001181
0
0
0
0
0
0.009843
0
0.090551
0
0
0
0
0
0.122835
0.303937
0
0
0
0
0
0.151575
0.005906
0
0
0
0
0
0
0.122047
0
0.13189
0
0
0
0
0
0
0
0
0
0
0
0
0
0
0
0
0.011024
0.040157
0.057087
0.391732
0.156299
0.048425
0.00315
0.001181
0.041339
0.408661
0.293307
0.061024
0
0
0
0.040157
0.059843
0
0
0.05
0.234252
0.113386
0
0.001969
0.00315
0.014961
0.029528
0
0
0.242126
0.047244
0.030315
0.015748
0
0
0.129134
0.014961
0.001181
0
0
1.500787
0.001969
0.08189
0.082677
0.058268
0.011811
0.129921
0.274409
0.055118
0.05315
0.330709
0.807874
0.264567
0.044094
0
0.011811
0.045276
0.164567
0.201575
0.079921
0.343701
0.254724
0.077953
0
0
0
0
0
0
0
0.054331
0.018504
0.001181
0.006693
0.005906
0.00315
0
0
0
0.024409
0.086614
0.077953
0
0
0
0
0
0
0
0.00315
0.030315
0.077953
0
0
0
0
0
0
0
0.027559
0
0
0
0
0
0
0
0
0
0
0
0
0
0
0
0
0
0
0
0
0
0
0
0
0
0
0
0
0
0
0
0
0
0
0
0.179134
0
0
0
0
0
0
0
0
0
0
0
0
0
0
0
0
0
0
0
0
0
0
0
0
0
0
0
0
0
0
0
0
0
0
0
0
0
0
0
0.001969
0.06811
0
0
0
0
0
0.052362
0.079921
0
0
0
0
0.046063
0.079921
0
0
0
0
0
0
0
0.051181
0.183071
0.011024
0
0
0
0
0.004724
0
0
0
0
0
0.160236
0.055118
0.025591
0
0
0
0
0
0
0
0.034646
0.09252
0
0.048425
0.072835
0
0.019685
0.034646
0.243307
0.129921
0.61811
0.334646
0.964567
1.140945
0.861417
0
0
0.017717
0
0.189764
0.204724
0
0
0
0
0
0
0
0
0
0
0.459843
0.248031
0
0.075591
0.798031
0
1.222441
0.669291
0.179921
0.035433
0
0
0
0.113386
0
0
0
0
0
0
0
0
0
0.293307
0.337402
0.254724
0.297244
0.194094
0.152756
0.004724
0.218504
0.185039
0.33189
0.612205
0.685039
0.639764
2.520866
0.461811
0.459843
0.011024
0.348425
0
0
0.00315
0.240945
0.058268
0.012598
0.274409
0
0.161417
0.555906
0.207874
0.343701
0.047244
0.639764
0.116142
0.034646
0.425984
0.026772
0.01378
0
0.006693
0.059055
0.251969
0.361417
0.194882
0.209449
0.240157
0.904724
0.21063
0.089764
0.350394
0.136614
0
0
0
0
0
0
0
0
0
0
0
0
0.100394
0
0
0
0
0
0
0
0
0.168504
1.101575
0.089764
0.293307
0
0.230315
0.021654
0.014961
0.152756
0.137795
0.297244
0.086614
0.057087
0.020472
0.022441
0.248031
0.023622
0.043307
0.035433
0.01378
0.01378
0
0.207874
0
0.011024
0.024409
0.104331
0.209449
0
0
0.085433
0.015748
0.082677
0.351575
0.059843
0.160236
0.166142
0.015748
0.02874
0
0
0.024409
0.148819
0.00315
0.133858
0.035433
0
0.062205
0.192913
0.062205
0
0
0
0.02874
0.074803
0.025591
0
0.007874
0
0
0
0
0
0
0
0
0
0
0
0
0
0
0
0
0
0
0
0
0
0
0.051181
0.074803
0.178346
0.075591
0.06811
0.03937
0.012598
0.027559
0.009843
0.230315
0.029528
0.012598
0
0
0
0.062205
0.062992
0.007874
0
0
0
0
0
0
0
0
0
0.084646
0
0
0
0
0
0
0
0
0
0
0
0
0
0.352362
0.014961
0.211811
0
0
0.00315
0
0
0
0
0
0
0
0
0
0
0
0
0
0
0
0
0
0
0
0
0
0
0
0
0
0
0
0
0
0
0
0
0
0.009843
0.05315
0.05315
0.120079
0
0
0
0
0
0
0
0
0
0
0
0
0
0
0
0
0
0
0
0
0
0
0
0
0
0
0
0
0
0
0
0
0
0
0
0
0.031496
0.037402
0
0
0
0.001969
0.107087
0
0
0
0
0
0
0
0
0
0
0
0
0
0.343701
0.114173
0
0
0
0
0
0
0
0
0
0.243307
0.096457
0
0
0
0
0
0
0
0
0
0
0
0
0
0
0
0.006693
0.179921
0.206693
0.001181
0.003937
0.014961
0.472441
0.098425
0
0.293307
0.038583
0.633858
1.046457
0.019685
0.185039
0.06811
0
0
0.094488
0.016929
0.125984
0.396457
0.04252
0.007874
0.144488
0.412598
0.257087
0.116142
0
0.037402
0
0
0
0
0
0
0.024409
0.001181
0.069685
0.083465
0.525591
0.961417
0.935827
0.413386
0.036614
0
0
0
0
0.198031
0.072835
0
0.021654
0.204724
0.218504
0.717717
0.18189
0
0
0
0
0
0.068898
1.05315
0.41811
0.398425
0.155512
0.024409
0
0.011024
0.032283
0.017717
0
0
0
0
0.068898
0
0
0
0
0
0
0
0
0
0
0
0
0
0
0
0
0
0
0
0
0
0.273622
0.243307
0.194882
0.348425
0.147638
0.027559
0
0.281496
0.150787
0
0.05315
0
0
0.816142
1.408661
0.350394
0.154331
0.430315
0.065748
0.114961
0.12126
0.137795
0.062205
0.055118
0
0
0
0.001969
0.065748
0.016929
0.034646
0
0
0
0
0
0
0
0
0
0.140945
0.014961
0
0
0
0.030315
0.05
0.285433
0.072835
0
0
0
0
0
0
0
0
0
0.032283
0.05
0.188976
0.012598
0.009843
0.251181
0
0.104331
0.064961
0
0.011024
0.057087
0.020472
0.159449
0
0.294094
0.029528
0
0
0
0
0
0
0
0
0.318898
0.035433
0.127953
0.012598
0
0
0
0.194094
0.07874
0
0
0
0
0
0
0
0
0
0
0
0
0
0
0
0
0
0
0
0
0
0
0.011024
0.033465
0
0.487402
0.198819
0.007874
0
0
0.069685
0
0
0
0
0
0
0
0
0
0
0
0
0
0
0
0
0
0
0
0
0
0
0
0
0
0
0.030315
0
0
0
0.140945
0.006693
0
0
0
0
0
0.315748
0.299213
0
0
0
0
0
0
0
0
0
0
0
0
0
0
0
0
0
0
0
0
0
0
0
0
0
0
0
0
0
0
0.07874
0.038583
0
0
0
0
0
0
0
0
0
0
0.04252
0
0
0
0
0.015748
0
0
0
0
0
0
0
0
0
0
0.011811
0.159449
0
0
0.079921
0
0
0
0
0
0
0
0.043307
0.414173
0.06811
0.187008
0
0.087402
0.074016
0.051181
0.012598
0
0
0
0.261811
0.005906
0.046063
0
0
0
0.202756
0.251181
0.059843
1.127953
1.212598
0
0
0
0
0
0
0
0
0
0.049213
0
0
0
0
0
0
0
0
0
0
0.001181
0.094488
0
0.181102
0.001969
0
0.036614
0.179134
0.223622
0.392913
0.095276
0
0
0
0
0
0.027559
0.116929
0
0.001181
0
0
0.001181
0.004724
0.596457
0
0.014961
0.550394
0.055118
0.017717
0.001181
0
0
0
0
0.021654
0.011024
0.059843
0.01378
0.006693
0.866929
0.491339
0.084646
0.061024
0.072047
0.027559
0.055906
0.097244
0.277559
0.163386
0.018504
0.035433
0.003937
0
0
0.677165
0.546457
0.580709
0.162205
0.211811
0.109449
0.492913
0.122835
0.055118
0.022441
0.024409
0.054331
0
0
0
0
0.037402
0.052362
0
0.015748
0.001969
0.00315
0.006693
0.988976
0.583465
0.214567
0.229134
0.412598
0.555906
0.231496
0.523622
0.090551
0
0.00315
0.034646
0
0
0
0
0
0.00315
0
0
0
0
0
0
0
0
0.00315
0.232283
0.054331
0.03937
0.025591
0
0.122047
0
0.084646
0.097244
0
0
0
0
0
0.051181
0
0.001181
0
0.020472
0.231496
0.05
0.805118
0.113386
0.116142
0.062205
0.119291
0.17126
0.01378
0.007874
0
0.161417
0.047244
0
0.125984
0.055118
0.032283
0
0.02874
0
0
0
0
0
0
0.003937
0.051181
0.009843
0
0
0
0
0
0.10315
0
0
0
0
0.052362
0.05
0.037402
0.173228
0.035433
0
0
0
0
0
0.238976
0.024409
0
0
0
0
0
0.016929
0
0
0
0
0
0
0
0
0
0
0
0
0
0.068898
0
0.033465
0.070866
0.040157
0.173228
0.07874
0.38189
0.509055
0.083465
0.008661
0.089764
0
0.027559
0.015748
0.017717
0
0
0.003937
0
0
0
0
0
0
0
0
0
0
0
0
0.001181
0
0
0
0
0
0
0
0
0
0
0
0
0
0
0
0
0
0
0
0
0
0
0
0
0
0
0
0
0
0
0.062992
0
0
0
0
0
0
0
0
0
0
0
0
0
0
0.06378
0.091732
0
0
0
0
0
0
0
0
0
0
0
0.034646
0.006693
0
0
0
0
0
0
0
0
0
0
0
0
0
0
0
0
0
0
0
0
0
0
0
0
0
0
0
0
0
0
0
0
0
0
0
0
0
0
0
0
0
0
0.100394
0.00315
0.49685
0.257087
0.005906
0
0
0
0.093701
0
0
0
0
0
0
0
0
0
0
0
0
0
0
0
0
0
0
0
0
0.032283
0.027559
0.298031
0.085433
0.33937
0.105118
0.653543
0.01378
0.22126
0.070866
0.001969
0.108268
0.482283
0.02874
0.046063
0
0
0
0
0
0
0.089764
0.005906
0.011811
0
0
0.017717
0
0
0
0
0
0.001969
0
0
0
0
0
0.164567
0
0
0
0
0.484252
0.045276
0.100394
0.109449
0
0
0.501969
0.061024
0.22126
0.231496
0.175984
0.084646
0.480315
0.061024
0.21378
0.284252
0.230315
0.025591
0
0.585827
0.582677
0.036614
0
0.149606
0.181102
0.07874
0.07874
0.035433
0
0
0
0
0
0
0
0
0
0
0
0
0.068898
0.019685
0
0.101575
0.022441
0
0.066929
0
0
0
0
0
0
0
0
0.080709
0
0
0.09252
0.012598
0.200787
0.026772
0.094488
0.129921
0.120079
0.024409
0.024409
0
0
0
0
0.066929
0.559055
0.100394
0.001969
0.027559
0.017717
0
0.017717
0.129134
0.862205
0.48937
0.14252
0.062992
0
0
0.025591
0.036614
0
0
0
0
0.00315
0.61811
0.137795
0
0
0
0
0.19685
0.01378
0.001969
0.00315
0.079921
0
0
0.006693
0.00315
0.001969
0
0.016929
0.13189
0.014961
0
0
0
0.124016
0.22126
0.311024
0.016929
0
0.012598
0.004724
0.001969
0
0
0
0
0
0
0
0
0
0
0
0
0
0
0.001969
0.098425
0.136614
0.544094
0.098425
0.546457
0.114173
0.055906
0
0
0
0
0
0
0.093701
0.027559
0
0
0
0
0
0
0
0
0
0
0
0
0
0.05
0.01378
0.068898
0.296457
0.021654
0.174409
0.209449
0.134646
0.229134
0
0
0
0.124803
0.340551
0.222441
0.065748
0.29252
0.02874
0.032283
0.001181
0
0
0
0.018504
0
0
0
0
0
0
0
0
0
0
0
0
0
0
0
0
0
0
0
0
0
0
0
0
0
0
0
0
0
0
0
0
0
0
0
0
0
0
0
0.006693
0.016929
0.144488
0
0.011811
0
0
0.06378
0
0
0
0
0
0
0
0
0
0
0
0
0
0
0
0
0
0
0
0
0
0
0
0
0
0
0
0
0
0
0
0
0
0
0
0
0
0
0
0
0
0
0
0
0
0
0
0
0
0
0
0
0
0.012598
0
0
0
0
0
0.001181
0
0
0
0
0
0
0.011811
0.231496
0.125984
0.003937
0
0
0.006693
0.034646
0.001969
0
0
0
0
0
0.110236
0.012598
0
0.040157
0
0
0
0.018504
0.043307
0.011811
0.36811
0.009843
0.001181
0
0.051181
0.006693
0.08189
0.016929
0.040157
0
0.00315
0
0.109449
0.008661
0
0.183071
0.178346
0
0.001181
0
0
0.168504
0.011811
0
0
0
0
0
0
0
0
0.046063
0
0
0
0
0.155512
0.061024
0
0.065748
0.215354
0.005906
0.012598
0.006693
0
0.043307
0.089764
0.033465
0
0
0
0.026772
0
0
0.168504
0.166142
0.235039
0.231496
0
0
0.011811
0.044094
0.023622
0.007874
0.048425
0
0.007874
0.223622
0.242126
0.06378
0
0
0.052362
0.021654
0.172441
0.084646
0.147638
0.036614
0.001181
0.059843
0.413386
0.504724
0.012598
0
0
0.029528
0.019685
0
0.106299
0.097244
0.00315
0.100394
0.027559
0.008661
0.040157
0.102362
0.00315
0.072835
0.111417
0.021654
0
0.030315
0
0
0
0
0
0
0
0
0.172441
0.00315
0
0.096457
0
0
0.01378
0.097244
0.248031
0.019685
0
0
0.00315
0.031496
0.110236
0.011811
0
0.344488
0
0
0
0
0
0
0
0
0.05315
0.00315
0
0.259843
0.101575
0
0
0.09252
0.555118
0.133858
0.017717
0.016929
0.505906
0.001181
0.11811
0.01378
0
0.022441
0
0
0
0.10315
0.093701
0.018504
0.036614
0
0
0
0
0.129921
0.370079
0.045276
0
0
0
0
0.650394
0.498031
0.095276
0.062205
0.011811
0
0
0.025591
0
0
0
0
0
0.152756
0.307087
0.001181
0
0
0
0
0
0.001969
0.015748
0.084646
0
0.095276
0.021654
0
0.004724
0.064961
0.097244
0.06378
0
0
0
0.008661
0.036614
0.316929
0.45
0.047244
0
0.001181
0
0.021654
0.04252
0.020472
0
0
0
0
0
0
0
0
0
0
0
0
0
0.074803
0
0
0
0
0
0
0
0.007874
0.033465
0
0
0
0.008661
0
0.020472
0
0
0
0
0
0
0
0
0
0
0
0
0
0
0
0.003937
0.025591
0.020472
0
0
0
0
0
0.069685
0
0
0
0
0
0
0
0
0
0
0
0.01378
0
0
0.008661
0
0
0
0
0
0
0
0
0
0
0.040157
0
0.131102
0
0
0
0
0
0
0
0.001969
0.027559
0.001969
0
0
0
0
0
0
0
0.031496
0.276772
0.062205
0
0
0
0
0
0
0
0
0
0
0
0
0
0.059843
0
0
0
0.001181
0.004724
0
0
0
0
0
0
0
0
0
0
0
0
0
0.270866
1.098425
1.058268
0.146457
0.068898
0.200787
0.194094
0.022441
0.096457
0.011811
0
0
0
0
0.04252
0.297244
0.257874
0
0.302362
0.003937
0.001969
0
0.023622
0.038583
0.006693
0
0.055906
0.329921
0.012598
0.259843
0.237402
0.501181
0.037402
0
0
0.306299
0.335433
0
0.005906
0.203937
0.244882
0.560236
0.032283
0
0.212598
0.001181
0.074016
0.054331
0.200787
0.105118
0.055906
0.059843
0.728346
0.096457
0
0
0.415354
0.270866
0.369291
0.026772
0.051181
0.001181
0
0
0.156299
0.209449
0.392913
0.952756
0.288189
0.011024
0
0.026772
0.001181
0
0
0
0
0
0.001181
0
0
0.05
0.169291
0.327165
0.224016
0.185039
0.185039
0.083465
0.020472
0.015748
0
0
0
0
0
0
0
0
0
0.025591
0.030315
0.006693
0
0
0
0
0.001181
0.001181
0.011024
0.008661
0
0
0
0
0.006693
0.284646
0.537795
0.409843
0.615748
0.36811
0.605906
0.369291
0.001969
0.00315
0.168504
0.313386
0.156693
0.004331
0
0.001969
0.004331
0.059055
0.065748
0.16063
0.46063
0.475984
0.226378
0.045669
0.255118
0.248425
0.059055
0.009055
0.27874
0.545669
0.643307
0.315354
0.252362
0.31378
0.280709
0.134646
0.207874
0.112598
0.004331
0.178346
0.263386
0.180315
0.166142
0.116929
0.172835
0.085039
0
0.007087
0.004724
0
0.118504
0.081496
0.061417
0.144094
0.03937
0
0.049213
0.030315
0.030315
0.019291
0.070866
0.138976
0.146063
0.270866
0.130709
0
0.244488
0.145276
0
0.175197
0.165354
0.080709
0.025197
0
0.038583
0.025197
0.001181
0
0
0
0
0
0
0
0.008268
0.003937
0
0.072441
0.043701
0
0.001969
0.343701
0.235827
0.045276
0.018504
0.001969
0
0
0
0.005118
0.255512
0.234646
0.116929
0.041732
0.062598
0.042913
0.159843
0.391339
0.33937
0.09252
0
0.012205
0.023228
0.00748
0
0
0
0
0
0.001181
0
0
0
0
0
0
0
0
0
0
0
0
0
0
0.422441
0.310236
0.033465
0
0
0
0
0
0
0
0
0
0
0
0
0
0
0
0.074803
0.043307
0.161024
0.291732
0.113386
0
0
0
0
0
0
0
0
0
0
0
0.147244
0.077953
0
0
0
0
0
0
0
0
0
0
0
0
0
0
0
0
0
0
0
0
0
0
0
0
0
0
0
0
0
0
0
0
0
0
0
0
0
0
0
0
0
0
0
0
0
0
0
0
0
0
0
0
0
0
0.032677
0.011811
0
0
0
0
0
0.014567
0.156693
0.409843
0.250394
0.035433
0
0
0.109449
0.272835
0.124016
0
0
0
0
0.011024
0.006693
0
0
0
0
0
0
0
0
0
0
0
0
0.001181
0
0
0.003937
0.020079
0.024803
0.188583
0.399213
0.072047
0
0
0
0
0
0
0.00315
0.044882
0.037795
0.025984
0.133858
0.187795
0.074016
0.020079
0.027953
0.148819
0.14685
0.037795
0
0.009055
0.016142
0.022835
0.014961
0
0
0
0
0
0
0
0
0
0
0
0
0
0
0
0
0
0
0
0
0
0
0
0
0
0.001181
0.041339
0.106299
0.41063
0.297244
0.048819
0.001181
0
0
0
0
0
0
0
0
0
0
0
0
0
0.062598
0.037008
0.053937
0.624803
0.498425
1.030709
0.505906
0.150394
0.222047
0.379134
0.347638
0.157087
0.035433
0
0.038189
0.023622
0.065748
0.040551
0
0
0
0
0
0
0
0
0.025197
0.014173
0.494094
0.154331
0.076772
0.03937
0.029528
0.022835
0.004331
0.031496
0.058268
0.025197
0.001181
0
0.055906
0.035039
0.008661
0
0.333071
0.240157
0.027559
0.001181
0
0
0.019685
0.045669
0.001969
0
0
0.072047
0.057874
0.362205
0.458268
0.064567
0.31378
0.464961
0.177165
0.004331
0.083071
0.265748
0.390551
0.201181
0.026378
0.022047
0.113386
0.090551
0.367323
0.262598
0.327165
0.270472
0.46378
0.22874
0.001181
0.260236
0.181102
0.01811
0.001181
0
0
0
0.079134
0.130709
0.292913
0.148819
0.002362
0.043307
0.02874
0.032283
0.110236
0.070866
0.009449
0
0
0.007087
0.003543
0.18937
0.123228
0.002362
0
0
0
0
0.038976
0.06063
0.027559
0.00315
0
0
0
0
0
0
0
0
0
0
0.001181
0.015748
0.007087
0
0
0.018504
0.009055
0.011024
0.433858
0.216142
0.049213
0.008268
0
0
0
0
0
0
0.387402
0.349606
0.06811
0.012205
0.00748
0
0.001181
0
0
0
0
0
0
0
0
0
0
0
0
0.291339
0.243307
0.041339
0.02126
0.012205
0
0.019291
0.012205
0.806299
0.469685
0
0
0
0
0
0
0
0
0
0
0
0
0
0
0.381496
0.225591
0
0
0
0
0
0
0
0
0
0
0
0
0
0
0
0
0
0
0.003937
0.001969
0
0
0
0
0
0
0
0
0
0
0.005906
0.004724
0
0
0
0
0
0
0
0
0
0
0
0
0
0
0
0
0
0
0
0
0
0
0
0
0
0
0
0
0
0
0
0
0
0
0
0
0
0
0
0
0
0
0
0
0
0
0
0
0
0
0
0
0
0
0.001575
0.002756
0.001181
0.143701
0.081496
0.001181
0
0.006693
0.002756
0.300394
0.182283
0.093701
0.109449
0.030709
0.018898
0.01378
0.001181
0
0.001181
0.017323
0.007087
0
0
0
0
0
0
0.007874
0.009055
0.048819
0.057874
0.042913
0.014173
0
0
0.011024
0.314173
0.183858
0.020079
0.457874
0.269291
0.029921
0.001969
0.005118
0.001969
0
0
0.001181
0.630315
0.559055
1.229921
0.666142
0.291732
0.591732
0.255906
0.001181
0.001181
0
0
0
0.01063
0.006299
0
0.025197
0.133071
0.147638
0.08937
0.029921
0
0.107874
0.304331
0.185433
0.119685
0.053937
0.090945
0.172047
0.048819
0.047638
0.027953
0.001181
0
0
0
0
0
0.438189
0.457087
0.323228
0.145276
0.177165
0.212992
0.080315
0.003937
0
0
0
0
0
0
0
0
0
0
0.150394
0.131496
0.158268
0.086614
0.137402
0.08937
0.005906
0
0
0
0
0
0
0
0.021654
0.026378
0.006693
0
0
0
0
0
0
0
0
0
0.024016
0.022835
0.06811
0.046063
0.085433
0.052362
0.007874
0.00315
0
0.04252
0.027559
0
0.017323
0.009843
0
0.101575
0.079528
0.011811
0
0
0
0
0
0
0
0
0
0
0
0.032677
0.082283
0.035827
0
0
0
0.103937
0.081102
0.011811
0.001181
0
0.04685
0.127953
0.057874
0.001181
0.011024
0.080709
0.117717
0.051575
0.082677
0.045669
0
0.008268
0.003543
0
0
0
0.004724
0.004724
0
0
0.024016
0.012992
0
0
0
0
0
0
0
0
0
0
0
0
0
0
0.005118
0.141732
0.091339
0.318898
0.19685
0
0
0
0
0.00315
0.023622
0.035827
0.012205
0.090157
0.053543
0
0.037795
0.029921
0.005118
0
0.020472
0.158661
0.127953
0.027559
0.001181
0
0
0
0
0
0
0
0
0
0
0
0
0
0
0
0
0
0
0
0.052362
0.164173
0.076772
0
0
0.061417
0.121654
0.114961
0.038976
0
0
0
0
0.009843
0.027559
0
0
0
0
0
0
0
0
0
0
0
0
0
0
0
0
0
0
0
0
0
0
0
0
0
0
0
0
0.006299
0.002756
0
0
0
0
0
0.000787
0.000787
0.002756
0.03937
0.022835
0.014173
0.008268
0
0
0
0
0
0
0
0
0.158661
0.095669
0
0.193701
0.111811
0
0
0
0
0
0
0
0
0
0
0.001575
0
0
0
0
0
0
0
0
0
0.020866
0.046063
0.018504
0
0.493307
0.391339
0.070866
0.059055
0.158661
0.092913
0.013386
0.001575
0.535433
0.603543
0.161417
