start_date: 1960-10-01 24:00
start_date: 2013-09-30 24:00
data_date: 1960-10-01 24:00
timestep: 1 DAY
units: cfs
scale: 1.000000
#Series Slot: ReferenceDemands.Sprague [1 cfs]
0
0
0
0
0
0
0
0
0
0
0
0
0
0
0
0
0
0
0
0
0
0
0
0
0
0
0
0
0
0
0
0
0
0
0
0
0
0
0
0
0
0
0
0
0
0
0
0
0
0
0
0
0
0
0
0
0
0
0
0
0
0
0
0
0
0
0
0
0
0
0
0
0
0
0
0
0
0
0
0
0
0
0
0
0
0
0
0
0
0
0
0
0
0
0
0
0
0
0
0
0
0
0
0
0
0
0
0
0
0
0
0
0
0
0
0
0
0
0
0
0
0
0
0
0
0
0
0
0
0
0
0
0
0
0
0
0
0
0
0
0
0
0
0
0
0
0
0
0
0
0
0
0
0
0
0
0
0
0
0
0
0
0
0
0
0
0
0
0
0
0
0.15
0.47
1.01
1.78
2.75
3.91
5.32
7.01
9.04
9.82
10.82
12.01
13.42
13.42
15.05
16.94
19.14
21.7
24.62
27.91
31.26
32.12
35.33
34.56
37.57
40.55
43.34
45.84
48.06
51.71
55.43
59.26
63.03
63.03
67.25
71.37
75.34
72.78
76.27
79.57
76.06
74.89
78.47
86.13
89.93
93.72
97.74
102.12
106.57
110.93
115.11
119.18
123.22
132.53
136.34
140.24
144.35
152.53
157.07
152.26
152.26
157.68
161.97
154.31
147.64
139.71
139.22
142.95
143.72
147.86
152.08
156.23
160.5
155.44
159.26
162.96
166.2
171.87
175.02
187.76
202.3
211.42
214.26
228.6
242.17
256.76
263.54
265.59
270.22
271.13
271.74
272.16
272.24
281.47
281.35
281.38
281.72
281.53
280.75
279.19
277.38
275.55
273.79
272.31
270.47
268.71
266.97
265.41
264.19
263.3
262.51
261.78
261.04
260.66
260.61
260.13
259.32
258.62
258.2
257.99
257.94
257.91
257.79
257.47
257.07
256.63
256.31
256.11
255.88
255.57
255.22
254.84
254.56
253.7
249.87
236.71
235.26
233.98
232.85
231.78
230.76
229.73
227.45
226.34
225.17
223.88
222.34
220.28
217.93
215.41
212.74
209.87
206.67
203.63
203.15
203.15
199.95
196.34
192.15
187.99
183.52
178.9
175.38
170.7
166.11
161.64
157.17
152.61
147.79
142.66
132.74
123.06
117.55
111.78
105.79
108.38
103.8
99.15
94.58
89.74
84.86
79.84
74.68
69.09
63.11
56.83
50.4
44.42
38.94
33.94
33.94
33.94
30.1
26.68
23.67
21.09
17.26
13.85
10.83
8.16
5.82
3.84
2.21
1.05
0.34
0
0
0
0
0
0
0
0
0
0
0
0
0
0
0
0
0
0
0
0
0
0
0
0
0
0
0
0
0
0
0
0
0
0
0
0
0
0
0
0
0
0
0
0
0
0
0
0
0
0
0
0
0
0
0
0
0
0
0
0
0
0
0
0
0
0
0
0
0
0
0
0
0
0
0
0
0
0
0
0
0
0
0
0
0
0
0
0
0
0
0
0
0
0
0
0
0
0
0
0
0
0
0
0
0
0
0
0
0
0
0
0
0
0
0
0
0
0
0
0
0
0
0
0
0
0
0
0
0
0
0
0
0
0
0
0
0
0
0
0
0
0
0
0
0
0
0
0
0
0
0
0
0
0
0
0
0
0
0
0
0
0
0
0.2
0.62
1.27
2.17
3.27
4.61
6.22
8.08
10.19
10.54
11.17
12.14
13.43
14.97
16.75
18.98
21.39
23.84
26.63
29.81
32.94
35.95
38.85
41.65
40.55
43.27
45.89
48.43
50.86
55.23
59.57
63.67
67.56
71.35
75.06
77.16
74.75
78.3
75.52
72.33
75.28
78.28
81.24
84.22
90.92
93.71
89.49
92.44
90.85
93.92
96.81
91.73
94.58
89.25
91.77
95.43
103.48
105.71
114.22
123.16
126.09
129.26
132.53
135.71
138.99
142.14
152.11
154.67
161.63
163.89
166.18
176.46
178.94
189.8
192.9
196.15
199.39
202.58
205.82
208.77
211.47
213.58
215.52
217.46
219.39
221.3
223.2
225.17
227.17
228.97
230.6
232.01
233.1
233.73
234.01
234.15
234.29
234.19
233.58
232.81
232.17
231.93
231.75
231.56
231.19
230.87
230.62
230.32
229.97
229.65
229.4
229.24
229.15
229.14
229.14
228.95
228.58
228.33
227.79
226.79
225.19
223.35
221.46
219.52
217.7
215.86
213.98
202.38
190.83
179.3
177.19
175.01
172.75
170.48
168.32
166.49
164.85
163.11
161.5
160.02
158.56
156.47
153.59
150.13
146.02
141.31
136.09
142.08
147.7
152.92
148.23
143.21
137.87
132.14
125.95
119.12
111.79
104.18
96.88
89.93
83.4
77.54
72.43
67.87
63.88
60.42
57.45
52.95
48.73
44.84
41.41
37.45
34.8
32.58
30.8
29.48
28.57
27.97
27.28
25.59
24.75
23.85
22.87
21.23
19.62
18.47
17.5
16.55
15.64
14.78
13.87
13.81
12.79
11.68
10.52
9.34
8.15
7.05
6.04
6.04
5.2
4.43
3.75
3.75
3.75
3.31
2.73
2.19
1.69
1.23
0.84
0.53
0.29
0.13
0.04
0
0
0
0
0
0
0
0
0
0
0
0
0
0
0
0
0
0
0
0
0
0
0
0
0
0
0
0
0
0
0
0
0
0
0
0
0
0
0
0
0
0
0
0
0
0
0
0
0
0
0
0
0
0
0
0
0
0
0
0
0
0
0
0
0
0
0
0
0
0
0
0
0
0
0
0
0
0
0
0
0
0
0
0
0
0
0
0
0
0
0
0
0
0
0
0
0
0
0
0
0
0
0
0
0
0
0
0
0
0
0
0.06
0.19
0.4
0.69
1.09
1.59
2.21
2.94
3.74
3.74
3.74
3.83
4.02
4.33
4.77
5.43
6.34
7.53
8.95
10.57
10.76
12.52
12.31
14.2
16.01
17.76
19.5
21.18
22.87
22.87
25.66
28.56
31.65
31.35
30.9
30.24
29.33
31.78
52.78
54.89
58.44
60.49
60.49
58.32
60.23
60.05
57.7
55.7
57.46
92.7
94.33
91.33
88.05
92.61
92.61
94.79
94.79
96.19
84.73
86.18
87.5
83.56
88.68
93.85
95.02
98.34
103.82
109.11
110.69
78.15
73.72
79.43
85.15
86.43
92.38
90.21
90.21
91.63
87.34
89.17
91.39
98.9
101.4
104.01
106.66
109.66
113.05
116.62
114.02
114.21
124.15
128.47
132.78
137.01
141.02
141.02
144.53
147.84
150.77
153.1
154.92
156.57
158.12
159.54
160.96
161.83
162.01
161.65
167.25
173.2
172.05
170.88
169.68
159.62
158.76
168.05
174.01
173.79
173.93
174.45
169.99
170.82
171.63
172.31
172.64
172.86
163.81
164.03
164.25
164.28
164.41
164.54
164.81
173.91
173.73
173.41
172.81
172.27
171.66
171.06
175.73
175.1
174.48
173.93
173.58
168.22
177.72
178.1
178.61
179.34
180.01
180.56
180.96
181.35
181.94
182.3
182.97
183.53
183.99
184.22
184.36
184.55
184.69
184.9
185.1
190.51
190.51
187.68
184.78
184.44
183.98
183.45
182.8
182.08
181.3
180.54
179.22
177.47
175.39
173.3
169.44
167.24
165.13
163.03
161.1
159.21
157.42
158.54
159.86
150.6
141.47
141.01
140.79
140.56
140.3
140.18
138.57
138.89
139.35
136.61
138.51
138.45
134.91
134.04
132.57
128.67
126.62
124.18
121.24
125.88
130.23
125.72
120.91
116.01
111.06
105.92
102.51
97.44
92.48
90.71
85.96
81.36
80.14
76.24
72.82
71.66
66.02
63.05
60.38
57.99
55.71
51.68
49.56
47.44
45.29
43.24
41.24
39.25
37.13
35.93
34.55
33.32
31.94
29.26
27.33
24.73
25.25
23.42
21.43
19.4
17.52
17.68
16.11
14.68
13.38
12.17
11.01
9.92
9.03
7.32
5.91
4.46
3.21
3.21
2.42
2.42
1.89
1.32
0.96
0.73
0.54
0.39
0.26
0.15
0.08
0.03
0
0
0
0
0
0
0
0
0
0
0
0
0
0
0
0
0
0
0
0
0
0
0
0
0
0
0
0
0
0
0
0
0
0
0
0
0
0
0
0
0
0
0
0
0
0
0
0
0
0
0
0
0
0
0
0
0
0
0
0
0
0
0
0
0
0
0
0
0
0
0
0
0
0
0
0
0
0
0
0
0
0
0
0
0
0
0
0
0
0
0
0
0
0
0
0
0
0
0
0
0
0
0
0
0
0
0
0
0
0
0
0
0
0
0
0
0
0
0
0
0
0
0
0
0
0
0
0
0
0
0
0
0
0
0
0
0
0
0
0
0
0
0
0
0
0
0
0.18
0.48
0.89
1.44
2.17
3.09
4.12
5.36
6.82
6.82
6.84
7.09
7.65
8.53
9.68
11.16
13.01
15.2
17.72
20.65
23.64
26.75
30.01
33.4
36.9
40.46
44.19
47.86
51.18
56.22
61.49
66.88
72.28
77.59
82.87
84.94
83.09
81.78
80.76
84.84
88.84
92.74
96.59
100.54
104.56
102.68
106.71
101.8
106.33
101.29
96
95.31
98.6
101.88
105.09
111.7
111.7
122.1
132.13
136.86
141.45
146.05
150.58
154.54
157.91
166.81
169.58
181.21
183.81
195.91
208.12
215.4
218.43
221.27
223.98
213.81
225.67
225.97
226.28
226.53
226.86
227.09
227.16
227.43
227.98
228.68
229.34
229.93
230.23
230.31
230.31
230.21
229.75
229.08
228.12
239.39
238.51
237.74
236.59
235.31
226.1
213.95
212.64
211.35
210.01
208.55
206.88
205.06
203.11
201
198.8
196.66
194.89
193.36
192.13
191.03
190.22
189.59
188.8
187.8
194.5
203.95
202.06
199.53
196.45
192.94
189.07
184.8
180.14
175.12
169.62
165.56
160.89
155.67
149.82
143.68
136.97
129.67
122.12
114.09
105.47
96.42
87.82
79.74
72.17
65.07
58.5
52.48
47.01
42.07
37.67
31.85
26.55
21.78
17.57
13.65
10.3
7.51
5.26
3.68
2.79
2.48
2.25
2.09
1.98
1.92
1.86
1.79
1.73
1.66
1.58
1.53
1.46
1.39
1.32
1.24
1.17
1.08
1
0.92
0.83
0.75
0.67
0.6
0.53
0.47
0.42
0.36
0.32
0.28
0.24
0.19
0.15
0.11
0.08
0.05
0.03
0.02
0.01
0
0
0
0
0
0
0
0
0
0
0
0
0
0
0
0
0
0
0
0
0
0
0
0
0
0
0
0
0
0
0
0
0
0
0
0
0
0
0
0
0
0
0
0
0
0
0
0
0
0
0
0
0
0
0
0
0
0
0
0
0
0
0
0
0
0
0
0
0
0
0
0
0
0
0
0
0
0
0
0
0
0
0
0
0
0
0
0
0
0
0
0
0
0
0
0
0
0
0
0
0
0
0
0
0
0
0
0
0
0
0
0
0
0
0
0
0
0
0
0
0
0
0
0
0
0
0
0
0
0
0
0
0
0
0
0
0
0
0
0
0.13
0.42
0.92
1.61
2.49
3.57
4.77
6.25
8.01
9.21
9.56
9.56
9.56
11.19
11.19
11.69
11.69
15.51
19.75
24.58
29.58
34.77
34.27
39.51
38.64
43.92
42.71
45.67
45.39
45.28
51.89
58.99
66.17
71.61
78.64
85.25
92.28
95.54
98.45
100.77
102.66
104.16
111.27
112.65
120.1
121.3
128.92
132.18
138.7
145.66
146.87
148.18
149.72
151.92
154.63
157.73
161.25
154.18
153.18
156.8
160.81
165.02
169.19
173.2
177.17
181.11
185.11
189.52
193.83
198.36
202.83
206.97
210.71
213.62
215.56
215.9
205.35
216.84
222.37
220.19
221.54
210.65
211.95
207.36
195.94
194.68
195.74
196.07
196.01
195.67
192.39
192.39
180.37
181.01
182.43
185.22
198.35
186.87
187.85
191.48
191.22
203.07
202.85
208.75
221.49
223.95
223.9
224.01
224.12
224.17
226.98
226.58
238.27
237.44
236.2
234.6
233.21
244.99
244.18
244.17
244.31
244.2
243.67
242.64
241.45
240.25
239.13
238.1
237.33
236.63
236.03
235.42
234.91
234.73
234.74
234.92
235.03
235.01
234.97
222.75
214.85
213.94
213.16
212.49
211.73
211
199.49
198.65
194.73
193.75
192.73
185.88
178.68
166.88
164.73
162.33
159.98
157.73
155.31
164.68
166.88
162.48
160.33
158.13
155.97
153.51
161.54
158.42
157.76
153.67
149.15
150.04
150.72
155.39
149.9
144.25
139.03
133.28
127.11
120.4
116
110.95
103.36
95.56
87.52
79.47
71.43
63.89
56.87
50.35
44.32
38.75
33.65
28.97
24.72
20.86
16.56
12.81
9.59
6.93
4.79
3.09
1.79
0.85
0.27
0
0
0
0
0
0
0
0
0
0
0
0
0
0
0
0
0
0
0
0
0
0
0
0
0
0
0
0
0
0
0
0
0
0
0
0
0
0
0
0
0
0
0
0
0
0
0
0
0
0
0
0
0
0
0
0
0
0
0
0
0
0
0
0
0
0
0
0
0
0
0
0
0
0
0
0
0
0
0
0
0
0
0
0
0
0
0
0
0
0
0
0
0
0
0
0
0
0
0
0
0
0
0
0
0
0
0
0
0
0
0
0
0
0
0
0
0
0
0
0
0
0
0
0
0
0
0
0
0
0
0
0
0
0
0
0
0
0
0
0
0
0
0
0
0
0
0
0
0
0
0
0
0
0
0
0
0
0
0.2
0.61
1.24
2.1
3.2
4.57
6.17
7.99
10
11.1
12.61
14.53
16.85
19.62
22.81
26.41
30.29
34.45
34.45
34.45
39.15
43.77
48.15
52.5
56.8
60.98
65.06
69.05
73.12
78.17
82.82
87.26
91.53
95.49
99.14
102.56
105.91
109.32
117.27
125.41
128.84
132.36
136.03
139.62
143.33
147.31
151.48
149.48
153.82
158.44
163.14
167.73
172.08
176.34
180.53
184.47
188.31
191.78
194.83
197.68
200.22
202.5
204.64
206.72
208.39
209.61
210.32
210.55
200.13
199.83
193.08
182.13
177.85
176.43
170.24
167.64
168.44
164.33
153.33
154.65
156.32
158.24
160.28
162.34
164.39
166.41
168.63
177.36
190.06
192.29
200.82
213.54
219.45
222.13
229.25
232.95
233.25
228.9
241.29
241.57
233.16
226.07
225.99
225.84
225.76
225.8
225.82
218.08
205.39
205.03
204.68
203.51
203.64
204.08
204.95
205.35
205.5
215.26
215.29
215.19
223.52
230.27
229.9
229.6
229.31
228.98
228.57
235.92
248.28
248.3
248.3
249.05
248.6
248.11
247.49
247.27
247.23
247.19
247
246.68
246.34
246.05
245.68
245.18
244.59
243.98
243.19
240.8
240.41
240.02
239.58
238.96
238.29
237.56
236.7
224.46
212.17
210.34
206.79
200.44
197.84
195.07
192.15
189.02
185.48
181.47
177.09
173.72
167.77
161.34
154.55
146.7
136.7
130.13
122.81
125.92
129.45
122.04
115.27
110.46
102.64
94.72
86.68
78.62
71.05
64
57.58
51.77
46.54
41.82
37.52
34.48
33.7
29.59
26.34
23.94
21.07
18.64
17.31
16.84
15.6
14.6
13.88
13.39
13.14
12.84
12.47
12.04
11.54
11.01
10.43
9.81
9.13
8.39
7.62
6.91
6.24
5.62
5.03
4.5
4.03
3.61
3.25
2.94
2.41
1.92
1.49
1.11
0.79
0.53
0.32
0.15
0.05
0
0
0
0
0
0
0
0
0
0
0
0
0
0
0
0
0
0
0
0
0
0
0
0
0
0
0
0
0
0
0
0
0
0
0
0
0
0
0
0
0
0
0
0
0
0
0
0
0
0
0
0
0
0
0
0
0
0
0
0
0
0
0
0
0
0
0
0
0
0
0
0
0
0
0
0
0
0
0
0
0
0
0
0
0
0
0
0
0
0
0
0
0
0
0
0
0
0
0
0
0
0
0
0
0
0
0
0
0
0
0
0
0
0
0
0
0
0
0
0
0
0
0
0
0
0
0
0
0
0
0
0
0
0
0
0
0
0
0
0
0
0
0
0
0
0
0
0
0
0
0
0
0
0
0
0
0
0
0
0
0
0
0
0
0
0
0
0
0.04
0.11
0.26
0.45
0.68
0.98
1.34
1.8
2.33
2.82
3.67
3.67
3.67
4.86
7.31
10.26
13.63
17.42
18.09
19.19
20.69
22.63
24.82
27.23
29.8
32.68
35.98
39.73
43.82
48.14
47.28
51.73
55.88
57.72
55.28
57.47
60.17
62.64
68.5
67.4
72.99
78.34
83.79
89.49
95.67
101.7
107.09
112.07
116.99
122.02
132.13
138.27
134.11
131.09
141.22
148.69
155.64
162.64
169.52
182.99
189.35
195.49
201.17
206.21
210.49
214.7
219.47
224.13
228.34
232.51
236.55
239.99
253.69
266.97
269.8
269.95
269.52
268.73
267.73
266.6
265.4
264.18
262.97
261.87
260.84
259.56
257.79
256.06
254.75
253.14
251.4
249.65
244.72
243.67
242.95
242.42
242.08
241.84
241.72
241.69
241.76
241.81
241.89
241.99
242.09
242.25
242.38
242.64
242.42
242.15
241.7
241.22
243.36
242.69
241.95
241.19
240.39
239.47
238.39
237.16
235.69
233.98
232.07
229.96
227.62
225.11
222.46
219.13
215.04
210.11
204.5
198.38
192.45
185.17
177.22
167.26
157.97
151.52
145.1
138.15
130.81
123.22
115.28
106.99
98.42
89.52
80.48
71.52
63.38
56.2
49.84
44.17
39.19
34.91
31.35
29.83
27.69
22.81
18.03
13.89
10.35
7.31
4.83
2.89
1.48
0.59
0.07
0
0
0
0
0
0
0
0
0
0
0
0
0
0
0
0
0
0
0
0
0
0
0
0
0
0
0
0
0
0
0
0
0
0
0
0
0
0
0
0
0
0
0
0
0
0
0
0
0
0
0
0
0
0
0
0
0
0
0
0
0
0
0
0
0
0
0
0
0
0
0
0
0
0
0
0
0
0
0
0
0
0
0
0
0
0
0
0
0
0
0
0
0
0
0
0
0
0
0
0
0
0
0
0
0
0
0
0
0
0
0
0
0
0
0
0
0
0
0
0
0
0
0
0
0
0
0
0
0
0
0
0
0
0
0
0.12
0.39
0.8
1.33
1.99
2.79
3.72
4.79
5.98
5.98
5.98
6.18
6.18
6.76
7.56
8.62
9.96
9.96
10.13
10.89
11.77
11.5
11.09
13.03
14.98
16.96
18.97
21.03
23.15
26.54
26.54
29.93
33.57
36.69
39.68
42.3
44.77
48.81
52.93
56.61
59.08
60.06
64.88
67.21
69.4
71.51
73.5
75.26
76.8
78.43
83.59
85.28
87.11
89
91.01
93.31
95.65
97.77
97.87
93.44
95.37
101.51
104.11
107.01
110.2
113.53
117.06
121.01
125.34
129.53
133.71
138.1
142.44
146.83
151.18
154.55
148.4
142.24
137.85
139.76
143.24
145.79
147.8
149.06
147.16
138.95
130.49
128.36
124.87
121.94
118.6
117.22
117.14
116.96
116.71
117.4
127.65
137.66
145.84
149.52
146.1
140.33
137.06
138.19
143.19
154.69
166.33
171.39
177.54
183.11
188.94
192.5
194.76
196.93
199.45
201.07
200.23
203
207.64
214.97
222.58
231.92
239.14
242.57
245.06
247.13
249.05
250.79
252.43
253.99
255.44
256.8
252.16
249.99
250.36
251.26
254.39
254.21
253.98
253.58
252.93
252.03
250.84
249.3
247.55
245.7
243.79
241.9
240.05
238.36
236.89
235.61
240.28
242.29
241.37
240.69
240.12
237.93
225.59
213.06
212.38
212.09
211.91
211.79
211.76
210.05
204.05
201.95
201.31
200.31
195.92
184.01
179.4
171.61
159.75
154.63
142.67
132.26
132.01
138.51
135.72
132.79
129.71
121.66
113.52
111.74
114.5
113.27
110.5
107.93
108.56
116.36
116.66
120.2
127.72
128.31
135.67
143
150.17
150.57
148.24
145.26
139.78
137.86
138.65
134.9
130.56
125.5
120.35
115.13
111.24
107.28
102.86
98.01
92.78
87.3
81.37
74.95
68.33
61.7
55.07
48.94
45.5
43.6
39.15
34.66
30.58
27.35
24.28
21.36
17.18
13.35
10.07
7.34
5.06
3.16
1.73
0.82
0.27
0
0
0
0
0
0
0
0
0
0
0
0
0
0
0
0
0
0
0
0
0
0
0
0
0
0
0
0
0
0
0
0
0
0
0
0
0
0
0
0
0
0
0
0
0
0
0
0
0
0
0
0
0
0
0
0
0
0
0
0
0
0
0
0
0
0
0
0
0
0
0
0
0
0
0
0
0
0
0
0
0
0
0
0
0
0
0
0
0
0
0
0
0
0
0
0
0
0
0
0
0
0
0
0
0
0
0
0
0
0
0
0
0
0
0
0
0
0
0
0
0
0
0
0
0
0
0
0
0
0
0
0
0
0
0
0
0
0
0
0
0
0
0
0
0
0
0
0
0
0
0
0
0
0
0
0
0
0
0
0
0
0
0
0
0
0
0
0.11
0.36
0.89
1.69
2.68
3.87
5.35
7.12
9.16
10.45
12.15
12.15
12.36
14.5
17.62
20.98
24.66
28.6
28.6
28.6
33.24
38.08
42.85
47.33
51.97
56.74
61.47
66.12
70.73
76.12
81.32
88.45
95.61
101.08
105.95
110.81
115.58
120.5
129.75
129.75
134.82
139.65
144.24
144.07
148.87
153.5
158.14
162.88
167.63
172.72
177.77
182.79
175.42
180.14
184.48
188.71
192.71
196.34
199.8
212.78
216.3
211.75
215.71
224.47
214.04
203.44
192.59
189.79
191.83
193.34
194.32
194.01
206.36
206.22
204.61
204.07
191.62
191.55
190.61
177.63
176.55
182.62
180.87
179.06
191.1
199.46
211.67
215.48
213.99
212.6
211.78
212.19
207.66
207.82
209.62
210.39
223.4
223.78
224.79
237.61
238.18
239.54
240.26
241.01
241.79
246.17
246.67
247.21
248
248.89
246.33
246.93
252.03
252.56
252.91
253.3
253.27
253.36
253.37
253.19
252.92
252.67
252.42
252.11
251.72
251.35
250.96
250.5
249.96
249.34
251.92
251.12
250.15
249.16
248.1
246.47
244.66
242.73
240.77
239
237.34
235.61
233.7
231.67
229.58
227.47
225.36
223.16
220.84
218.36
215.76
213.09
210.33
207.44
204.14
200.71
196.88
192.59
187.71
182.08
175.73
168.83
161.59
155.48
149.04
142.16
134.81
127.22
119.32
111.19
102.78
94.1
85.27
76.26
67.76
59.75
52.41
45.73
39.78
34.54
29.99
26.07
22.65
18.3
14.4
11.03
8.16
5.71
3.73
2.17
1.04
0.35
0
0
0
0
0
0
0
0
0
0
0
0
0
0
0
0
0
0
0
0
0
0
0
0
0
0
0
0
0
0
0
0
0
0
0
0
0
0
0
0
0
0
0
0
0
0
0
0
0
0
0
0
0
0
0
0
0
0
0
0
0
0
0
0
0
0
0
0
0
0
0
0
0
0
0
0
0
0
0
0
0
0
0
0
0
0
0
0
0
0
0
0
0
0
0
0
0
0
0
0
0
0
0
0
0
0
0
0
0
0
0
0
0
0
0
0
0
0
0
0
0
0
0
0
0
0
0
0
0
0
0
0
0
0
0
0
0
0
0
0
0
0
0
0
0
0
0
0
0
0
0
0
0
0
0
0.02
0.06
0.12
0.19
0.29
0.41
0.55
0.72
0.91
0.95
1.24
1.71
2.45
3.46
4.74
6.24
8
9.95
10.13
10.55
11.16
11.12
12.23
12.15
13.72
15.55
17.62
19.93
22.46
25.13
27.71
27.23
26.5
28.58
30.55
32.63
34.75
37.1
41.58
41.17
45.68
50.97
55.12
60.48
64.25
67.83
71.26
74.62
78.11
82.15
86.41
90.53
96.28
97.84
101.52
103.68
108.27
112.81
117.48
127.37
132.6
137.89
143.56
149.47
155.68
162.14
168.95
175.94
182.74
189.01
194.91
203.9
211.37
219.94
226.11
233.28
237.57
238.38
240.96
242.64
239.8
241.06
230.08
231.19
232.12
232.86
233.17
223.03
219.44
219.35
219.42
219.34
219.1
219.08
219.3
219.9
220.88
225.64
228.64
232.38
240.32
243.78
258.97
261.6
263.84
265.65
267.23
278.66
283.14
284.02
284.66
285.34
286.15
286.62
287.52
288.62
289.67
289.74
288.92
287.37
285.43
283.52
281.6
279.73
277.99
276.51
275.22
274.15
273.3
272.46
271.63
270.73
269.74
269.06
267.65
265.75
263.7
261.97
260.54
259.36
258.35
257.53
256.88
256.4
256.03
255.6
255.22
254.79
254.39
253.92
253.46
253
252.5
251.7
251.04
250.38
249.52
248.37
247.11
245.74
244.26
242.29
239.92
237.23
234.31
231.19
227.49
223.24
218.4
213.12
204.63
198.27
191.44
183.82
175.36
167.92
159.92
151.66
143
134.57
125.78
117.12
108.44
99.65
90.58
81.36
72.62
64.38
56.66
49.42
45.47
39.47
34.02
29.45
25.75
21.12
17.25
13.92
11.17
8.39
6.14
4.2
2.63
1.44
0.74
0.43
0.21
0.07
0
0
0
0
0
0
0
0
0
0
0
0
0
0
0
0
0
0
0
0
0
0
0
0
0
0
0
0
0
0
0
0
0
0
0
0
0
0
0
0
0
0
0
0
0
0
0
0
0
0
0
0
0
0
0
0
0
0
0
0
0
0
0
0
0
0
0
0
0
0
0
0
0
0
0
0
0
0
0
0
0
0
0
0
0
0
0
0
0
0
0
0
0
0
0
0
0
0
0
0
0
0
0
0
0
0
0
0
0
0
0
0
0
0
0
0
0
0
0
0
0
0
0
0
0
0
0
0
0
0
0
0
0
0
0
0
0
0
0
0
0
0
0
0
0
0
0
0
0
0
0
0
0
0
0
0
0
0
0
0
0
0
0
0
0
0
0
0
0
0
0
0
0
0
0
0.02
0.07
0.32
0.82
1.61
2.74
4.19
5.93
7.92
9.52
11.48
11.48
11.48
12.42
13.69
13.69
15.61
17.9
20.48
23.56
26.93
30.6
34.23
37.83
41.4
45.06
48.81
52.58
50.59
55.21
59.81
66.62
73.53
72.59
78.58
85.86
91.3
95.3
92.72
97.53
102.3
107.12
111.99
117
122.03
125.7
129.39
132.58
141.25
143.75
137.19
130.38
127.09
127.09
129.46
132.05
124.67
118.38
122.6
124.88
125.81
127.79
129.8
131.4
132.57
134.64
130.47
133.04
135.83
138.72
150.39
162.13
170.23
181.75
182.93
173.07
184.98
197.25
205.32
207.18
209.99
202.27
191.51
192.4
193.66
195.31
202.82
203.77
204.43
204.93
205.37
205.84
206.39
207.35
209.03
210.89
211.35
211.33
211.27
211.47
211.82
221.28
233.85
235.01
235.94
236.5
237.05
235.11
235.79
236.46
237.05
237.42
237.65
237.63
237.58
248.21
248.39
248.66
249.01
249.35
249.99
250.87
251.36
251.42
251.18
250.7
250.04
251.81
250.85
249.79
248.62
247.52
246.45
245.4
244.3
243.03
241.62
240.18
238.54
236.6
233.81
230.27
226.03
221.35
215.09
209.73
200.65
194.17
183.65
176.41
168.83
162.53
155.67
148.22
140.19
132.27
123.82
114.84
105.49
96.03
86.64
77.36
68.77
60.8
54.61
47.71
44.67
39.1
37.77
33.31
29.35
24.17
19.6
15.65
12.33
9.03
6.34
4.23
2.66
1.49
0.77
0.46
0.22
0.07
0
0
0
0
0
0
0
0
0
0
0
0
0
0
0
0
0
0
0
0
0
0
0
0
0
0
0
0
0
0
0
0
0
0
0
0
0
0
0
0
0
0
0
0
0
0
0
0
0
0
0
0
0
0
0
0
0
0
0
0
0
0
0
0
0
0
0
0
0
0
0
0
0
0
0
0
0
0
0
0
0
0
0
0
0
0
0
0
0
0
0
0
0
0
0
0
0
0
0
0
0
0
0
0
0
0
0
0
0
0
0
0
0
0
0
0
0
0
0
0
0
0
0
0
0
0
0
0
0
0
0
0
0
0
0
0
0
0
0
0
0
0
0
0
0
0
0
0
0.17
0.44
0.95
1.77
2.9
4.31
5.95
7.77
9.75
10.21
10.87
10.87
12.11
13.61
15.4
17.44
19.79
22.45
25.45
28.66
28.49
31.89
31.59
33.53
36.43
39.1
41.59
43.97
46.36
50.37
49.72
51.77
55.08
57.04
60.14
60.05
59.2
60.48
62.57
64.51
64.51
60.83
65.84
68.29
69.46
70.65
71.99
73.55
75.12
76.64
82.8
87.17
89.29
91.43
93.36
98.22
103.73
107.03
109.31
111.58
119.35
127.63
131.16
135.07
139.36
143.89
146.32
150.31
154.1
157.93
161.64
164.89
168.01
172.22
175.26
178.47
174.62
177.7
180.99
173.57
170.95
173.39
175.15
176.73
178.13
179.57
183.25
185.4
187.71
190.3
193.05
196.28
199.4
202.57
205.76
208.85
218.81
220.34
209.67
222.71
217.95
220.3
222.95
225.07
226.84
228.15
229.1
229.77
230.64
231.2
231.66
231.97
232.36
232.66
232.85
233.02
233.15
234.55
247.69
247.67
260.12
259.77
259.45
259.68
260.17
260.73
261.18
261.47
261.32
260.88
260.1
258.87
257.44
256.01
254.6
253.1
251.58
250.04
248.6
247.4
246.51
246.14
245.75
245.1
244.19
243.27
242.45
241.68
241.03
240.64
240.59
240.95
241.55
242.1
242.52
242.91
243.27
243.48
243.47
243.16
242.57
241.13
239.16
237.12
235.19
233.32
231.44
220.2
214.47
212.21
209.76
207.13
204.28
201.42
198.62
195.93
193.21
190.68
188.4
186.29
174.97
173.41
172.13
170.51
168.49
165.82
155.55
154.68
154.36
150.02
145.28
140.12
134.59
128.63
123.76
118.52
112.89
106.81
100.23
93.18
94.98
86.81
78.86
71.04
63.32
56.2
56.65
57.02
51.27
45.93
41
36.47
32.39
28.81
24.21
19.99
16.25
12.95
10.11
7.76
5.92
4.75
3.51
2.6
2.01
1.48
1.03
0.66
0.37
0.16
0.04
0
0
0
0
0
0
0
0
0
0
0
0
0
0
0
0
0
0
0
0
0
0
0
0
0
0
0
0
0
0
0
0
0
0
0
0
0
0
0
0
0
0
0
0
0
0
0
0
0
0
0
0
0
0
0
0
0
0
0
0
0
0
0
0
0
0
0
0
0
0
0
0
0
0
0
0
0
0
0
0
0
0
0
0
0
0
0
0
0
0
0
0
0
0
0
0
0
0
0
0
0
0
0
0
0
0
0
0
0
0
0
0
0
0
0
0
0
0
0
0
0
0
0
0
0
0
0
0
0
0
0
0
0
0
0
0
0
0
0
0
0
0
0
0
0
0
0
0
0
0
0
0
0
0
0
0
0
0
0
0
0
0
0
0
0
0
0
0
0
0
0
0
0
0
0
0
0.27
0.82
1.67
2.87
4.44
6.37
8.62
11.17
14.03
14.17
14.68
15.53
16.77
18.45
20.56
23.1
26.08
29.48
33.36
37.81
42.34
41.8
46.47
51.02
55.49
59.97
64.5
69.12
73.66
81.22
88.72
94.87
102.18
109.19
115.94
122.46
128.92
135.27
141.46
147.11
152.79
152.79
158.34
163.98
169.61
175.05
180.28
185.3
190.2
194.95
199.52
205.24
209.35
213.27
217
220.38
223.12
225.39
227.41
229.63
231.75
244.61
246.29
247.52
248.38
249.09
249.77
250.26
250.73
250.92
250.92
250.86
251.07
251.63
252.47
253.63
255.22
257.06
259.21
261.32
262.88
263.87
264.95
266.11
267.36
268.44
269.21
269.93
270.46
271.19
271.9
272.39
272.46
272.11
271.48
270.74
269.97
269.4
257.53
256.23
255.13
254.35
253.58
252.73
251.89
251.1
250.49
249.88
249.37
248.74
248.22
247.88
247.75
236.87
236.85
236.71
236.37
235.55
245.52
244.6
243.63
242.52
241.32
240.03
238.38
236.51
234.47
232.28
229.93
227.61
225.12
222.31
219.22
226.78
223.32
219.21
214.49
208.99
202.74
195.65
187.89
179.56
170.68
161.42
155.21
148.81
142.07
135.03
127.56
119.52
111.11
102.55
93.8
84.82
75.5
66.89
58.97
51.98
45.91
40.77
36.43
32.81
29.84
27.44
22.37
17.77
13.71
10.16
7.18
4.8
2.94
1.52
0.52
0
0
0
0
0
0
0
0
0
0
0
0
0
0
0
0
0
0
0
0
0
0
0
0
0
0
0
0
0
0
0
0
0
0
0
0
0
0
0
0
0
0
0
0
0
0
0
0
0
0
0
0
0
0
0
0
0
0
0
0
0
0
0
0
0
0
0
0
0
0
0
0
0
0
0
0
0
0
0
0
0
0
0
0
0
0
0
0
0
0
0
0
0
0
0
0
0
0
0
0
0
0
0
0
0
0
0
0
0
0
0
0
0
0
0
0
0
0
0
0
0
0
0
0
0
0
0
0
0
0
0
0
0
0
0
0
0
0
0
0
0
0
0
0
0
0
0
0
0
0
0
0
0
0
0
0
0
0
0
0
0
0
0
0
0
0
0
0
0
0
0
0
0
0
0
0
0
0.29
0.83
1.58
2.54
3.72
5.11
6.72
8.61
10.74
10.74
10.75
11.01
11.5
12.26
13.36
14.77
16.48
18.55
20.93
23.68
26.23
28.72
31.29
33.97
36.68
38.96
37.35
37.09
36.96
41.87
47.08
52.41
57.75
63.03
68.16
73.21
78.12
82.79
87.3
91.36
95.3
98.99
102.41
105.52
108.51
111.9
119.04
124.62
130.24
125.33
128.53
131.55
134.56
137.62
140.75
143.96
147.29
150.79
154.21
157.87
161.78
165.98
170.4
175.13
179.97
184.86
189.97
195.59
201
214.29
219.09
223.86
228.66
233.43
238.07
242.46
246.57
250.5
254.65
258.8
262.94
266.99
270.96
275.07
279.33
283.61
287.6
290.72
293.28
295.18
296.85
298.14
298.75
298.84
298.42
297.78
297.03
296.15
294.99
293.71
292.19
290.48
288.77
281.07
275.39
271.88
268.33
264.93
261.79
259.12
256.8
254.7
247.88
246.76
246.18
245.89
245.6
245.28
244.9
244.48
244.42
244.47
244.22
249.35
251.81
251.74
251.63
251.59
251.46
239.66
234.28
233.63
237.94
236.73
235.15
232.74
229.73
226.05
221.67
216.53
209.99
202.66
194.53
185.72
179.53
172.66
165.12
156.96
148.35
150.73
146.01
135.96
125.41
114.41
103.05
92.41
82.43
73.17
64.66
56.89
50.24
44.31
39.31
35.16
28.61
22.85
17.83
13.5
9.79
6.7
4.22
2.38
1.17
0.55
0.48
0.42
0.38
0.34
0.32
0.3
0.24
0.19
0.14
0.1
0.07
0.05
0.03
0.01
0
0
0
0
0
0
0
0
0
0
0
0
0
0
0
0
0
0
0
0
0
0
0
0
0
0
0
0
0
0
0
0
0
0
0
0
0
0
0
0
0
0
0
0
0
0
0
0
0
0
0
0
0
0
0
0
0
0
0
0
0
0
0
0
0
0
0
0
0
0
0
0
0
0
0
0
0
0
0
0
0
0
0
0
0
0
0
0
0
0
0
0
0
0
0
0
0
0
0
0
0
0
0
0
0
0
0
0
0
0
0
0
0
0
0
0
0
0
0
0
0
0
0
0
0
0
0
0
0
0
0
0
0
0
0
0
0
0
0
0
0
0
0
0
0
0
0
0
0
0
0
0
0
0
0
0
0
0
0
0
0
0
0
0
0
0
0
0
0
0
0
0
0
0
0
0
0
0
0
0
0
0
0
0
0
0
0
0
0
0
0
0
0
0
0
0
0
0
0
0
0
0
0
0
0
0
0
0
0
0
0
0.23
0.77
1.72
3.05
4.74
6.8
9.27
12.13
15.28
15.28
15.3
15.33
15.7
16.49
17.74
19.46
21.65
24.39
27.73
31.68
35.78
39.88
43.7
47.29
50.79
54.2
57.47
60.6
63.78
70.46
77.46
84.8
92.2
99.5
106.64
113.62
120.39
126.71
132.66
138.07
143.41
148.72
154.27
159.85
165.27
170.54
175.72
180.73
185.45
189.96
194.14
197.9
201.23
193.14
195.92
198.45
200.81
203.18
205.32
207.49
209.48
211.26
212.81
214.43
212.46
213.98
215.38
216.85
218.37
219.76
221.18
222.77
211.67
224.5
213.33
214.84
216.31
217.64
218.87
219.8
220
219.69
218.24
215.57
215.51
211.05
205.65
199.28
192.02
183.97
175.09
169.52
175.94
168.75
173.61
164.96
155.44
145.15
134.3
123.08
111.96
100.73
90.5
81.23
72.82
65.19
58.44
52.51
47.37
43.02
39.43
32.42
26.16
20.67
15.95
12
8.88
6.54
4.74
3.64
3.04
2.99
2.94
2.89
2.84
2.78
2.73
2.67
2.61
2.54
2.48
2.41
2.35
2.28
2.18
2.05
1.96
1.82
1.85
1.73
1.61
1.48
1.35
1.27
1.19
1.1
1.02
0.94
0.86
0.77
0.69
0.61
0.53
0.45
0.4
0.39
0.34
0.34
0.31
0.28
0.27
0.26
0.25
0.2
0.16
0.12
0.09
0.06
0.04
0.02
0.01
0
0
0
0
0
0
0
0
0
0
0
0
0
0
0
0
0
0
0
0
0
0
0
0
0
0
0
0
0
0
0
0
0
0
0
0
0
0
0
0
0
0
0
0
0
0
0
0
0
0
0
0
0
0
0
0
0
0
0
0
0
0
0
0
0
0
0
0
0
0
0
0
0
0
0
0
0
0
0
0
0
0
0
0
0
0
0
0
0
0
0
0
0
0
0
0
0
0
0
0
0
0
0
0
0
0
0
0
0
0
0
0
0
0
0
0
0
0
0
0
0
0
0
0
0
0
0
0
0
0
0
0
0
0
0
0
0
0
0
0
0
0
0
0
0
0
0
0
0
0
0
0
0
0
0
0
0
0
0
0
0
0
0
0
0
0
0
0
0
0
0
0
0
0
0
0
0
0.04
0.1
0.18
0.28
0.57
1.1
1.89
3
4.43
5.55
7.4
9.54
11.95
13.26
14.96
17.27
20.43
24.14
28.36
33.16
38.47
44.21
50.42
57.12
56.83
56.31
63.09
69.74
76.2
83.18
89.62
95.99
102.41
110.26
117.95
124.89
130.66
135.74
140.27
144.11
147.36
150.13
152.48
154.37
163.19
172.13
173.83
166.07
167.62
169.25
170.8
172.42
173.93
175.23
176.34
177.78
173.8
176.37
179.2
178.52
181.69
185.06
188.49
191.89
195.32
198.81
202.01
214.95
215.58
219.58
223.63
227.37
230.8
234.1
237.41
240.59
249.36
251.63
253.73
259.63
261.76
263.73
265.68
267.69
269.51
271.12
272.66
273.49
276.81
269.79
269.43
269.13
268.98
268.88
262.66
262.41
248.69
248.65
248.54
248.17
247.95
236.1
235.63
234.81
234.09
233.22
232.14
225.48
224.56
217.84
215.03
213.23
199.61
190.1
188.08
185.38
196.16
193.26
190.41
187.76
184.86
191.63
178.08
164.79
156.23
153.99
150.23
154.24
152.85
163.95
157.1
156.48
167.56
174.51
180.14
180.41
180.65
180.89
180.89
180.48
179.92
181.04
190.87
200.39
204.8
202.63
201.88
198.91
195.78
192.44
196.09
192.34
188.48
184.57
178.63
167.42
163.75
160.15
156.72
152.3
149.18
146.21
143.3
140.25
137.16
134.29
131.36
128.23
124.85
121.24
117.44
113.38
110.74
107.61
105.85
108.81
103.88
98.51
92.79
87.88
81.52
74.88
67.95
61.48
55.38
49.5
44.01
38.99
34.42
30.27
26.53
23.2
18.62
14.57
11.07
8.11
5.7
3.73
2.18
1.07
0.35
0
0
0
0
0
0
0
0
0
0
0
0
0
0
0
0
0
0
0
0
0
0
0
0
0
0
0
0
0
0
0
0
0
0
0
0
0
0
0
0
0
0
0
0
0
0
0
0
0
0
0
0
0
0
0
0
0
0
0
0
0
0
0
0
0
0
0
0
0
0
0
0
0
0
0
0
0
0
0
0
0
0
0
0
0
0
0
0
0
0
0
0
0
0
0
0
0
0
0
0
0
0
0
0
0
0
0
0
0
0
0
0
0
0
0
0
0
0
0
0
0
0
0
0
0
0
0
0
0
0
0
0
0
0
0
0
0
0
0
0
0
0
0
0
0
0
0
0
0
0
0
0
0
0
0
0
0
0.19
0.55
1.08
1.81
2.76
3.92
5.33
7.03
9.07
10.58
12.38
14.54
17.02
19.82
22.95
26.3
29.97
33.98
38.32
39.22
43.75
48.23
52.76
57.22
56.65
59.08
58.67
59.97
62.39
65.5
70.37
74.87
72.39
69.58
66.45
70.34
74.22
77.87
81.47
86.47
90.29
94.28
98.31
102.49
111.79
108.19
107.2
114.18
116.52
111.9
116.61
122
134.51
147.51
160.76
167.19
173.29
179.56
185.61
193.69
199.37
204.86
195.79
200.81
193.59
193.86
208.23
212.71
220.45
234.81
237.82
240.28
242.47
244.12
245.63
246.59
247.57
248.16
248.68
249.34
249.63
249.66
264.13
264.2
276.22
283.64
283.88
283.95
275.61
275.81
275.84
275.6
274.95
274.08
272.91
271.69
270.61
269.61
268.66
267.44
266.39
265.49
264.41
263.31
262.13
267.71
266.34
265.43
273.18
272.55
271.86
271.14
270.5
269.98
269.67
269.49
269.17
268.83
268.49
268.29
268.07
267.82
267.67
266.79
266.68
266.57
266.64
266.16
265.16
264.09
262.93
261.73
260.46
259.27
257.93
256.46
251.61
249.85
247.88
234.66
225.01
222.53
219.85
217.77
214.85
211.79
208.15
204.35
200.31
196.03
191.91
187.89
183.86
179.7
175.54
171.35
170.47
166.35
162.37
169.21
172.08
167.37
156.81
146.41
140.96
130.87
121.18
115.51
111.36
106.43
98.83
93.52
88.18
82.79
75.04
67.44
61.58
56.51
50.1
44.03
38.32
32.95
33.24
33.77
29.54
30.08
30.57
27.35
22.94
19.59
18.98
16.14
13.47
10.97
10.97
10.97
9.36
7.1
6.26
5.48
4.75
4.09
3.8
3.27
2.67
2.14
1.65
1.22
0.85
0.55
0.32
0.15
0.05
0
0
0
0
0
0
0
0
0
0
0
0
0
0
0
0
0
0
0
0
0
0
0
0
0
0
0
0
0
0
0
0
0
0
0
0
0
0
0
0
0
0
0
0
0
0
0
0
0
0
0
0
0
0
0
0
0
0
0
0
0
0
0
0
0
0
0
0
0
0
0
0
0
0
0
0
0
0
0
0
0
0
0
0
0
0
0
0
0
0
0
0
0
0
0
0
0
0
0
0
0
0
0
0
0
0
0
0
0
0
0
0
0
0
0
0
0
0
0
0
0
0
0
0.15
0.47
0.98
1.59
2.33
3.33
4.76
6.6
8.85
10.84
13.24
15.98
18.97
19.19
19.19
22.87
26.9
31.22
35.79
40.65
45.6
50.75
50.25
53.11
52.7
54.01
52.59
50.94
48.69
53.12
62.51
66.16
69.69
75.84
82.3
85.17
87.67
83.35
80.07
81.81
83.39
77.91
77.91
80.68
86.65
90.79
97.41
97.22
99.8
100.34
95.71
96.64
90.12
91.58
93.01
94.51
96.18
104.32
111.42
113.57
115.81
115.81
123.77
126.69
129.78
128.57
121.95
131.5
138.65
141.55
144.4
147.17
157.22
159.46
161.81
164.03
165.06
158.69
161.15
163.38
165.58
176.84
180.32
182.65
184.36
190.28
201.76
203.96
206.05
208.09
210.09
212.12
214.23
212.27
214.45
216.7
220
230.7
232.38
233.91
235.25
233.46
234.5
235.55
235.43
237.12
238.36
226.61
227.19
227.67
228
228.11
215.94
220.47
220.7
208.18
208.27
208.48
208.55
208.56
196.1
198.95
198.72
198.36
199.45
198.68
198.06
210.39
210.37
210.37
210.42
210.49
222.83
222.56
222.44
235.11
235.28
235.47
235.78
236.24
249.31
250.12
250.99
251.92
253.02
254.08
254.99
255.51
255.72
255.36
254.5
253.18
251.01
248.01
244.05
239.31
233.8
227.57
221.33
214.47
206.94
198.8
190.1
180.84
171.02
160.71
148.38
137.46
126.45
115.95
105.93
96.39
87.65
79.66
71.07
64.3
58.2
52.73
47.17
42.16
37.71
33.08
28.67
25.76
22.42
19.59
19.62
18.33
16.74
15.2
14.14
13.09
12.01
10.85
11.43
10.83
10.13
9.39
8.63
7.81
6.93
6.74
6.83
5.9
5.9
5.9
5.19
4.56
4.56
4.56
4.12
3.73
3.38
3.18
2.59
2.06
1.57
1.14
0.78
0.5
0.28
0.13
0.04
0
0
0
0
0
0
0
0
0
0
0
0
0
0
0
0
0
0
0
0
0
0
0
0
0
0
0
0
0
0
0
0
0
0
0
0
0
0
0
0
0
0
0
0
0
0
0
0
0
0
0
0
0
0
0
0
0
0
0
0
0
0
0
0
0
0
0
0
0
0
0
0
0
0
0
0
0
0
0
0
0
0
0
0
0
0
0
0
0
0
0
0
0
0
0
0
0
0
0
0
0
0
0
0
0
0
0
0
0
0
0
0
0
0
0
0
0
0
0
0
0
0
0
0
0
0
0
0
0
0
0
0
0
0
0
0
0
0
0
0
0
0
0
0
0
0
0
0.15
0.45
0.9
1.52
2.31
3.32
4.51
5.85
7.32
7.5
7.84
8.4
8.4
8.4
8.4
10.05
12.02
14.28
16.77
19.47
22.17
24.8
27.42
29.97
29.18
31.33
33.36
32.03
32.35
35.9
39.44
42.93
47.14
47.14
50.23
53.45
56.47
59.36
62.25
59.56
56.71
53.78
57.03
58.19
64.73
68.29
72.03
79.26
77.46
81.61
85.95
90.3
86.09
86.09
84.12
88
91.95
95.83
99.68
108.93
118.46
128.15
131.87
137.91
142.16
146.4
150.46
154.2
165.05
167.96
169.88
168.25
179.13
190.1
200.03
202.35
204.39
206.3
208.03
209.86
211.61
213.49
215.11
216.23
216.82
217.38
217.9
218.55
219.4
220.32
221.89
226.81
227.65
228.43
217.38
216.1
217.32
218.66
220
221.11
221.78
222.01
222.11
222.45
222.97
223.19
223.42
223.55
223.5
223.29
222.98
222.5
221.9
221.2
232.16
233.25
231.86
230.35
228.79
227.73
227
226.46
225.85
225.19
224.44
223.86
223.35
222.86
221.86
221.76
219.71
220.17
220.78
221.46
222.21
222.95
223.67
224.63
225.82
226.52
227.02
227.28
227.47
227.4
227.19
226.86
226.47
226.02
226.09
225.28
226.17
224.58
212.84
210.95
208.99
207.07
205.13
202.58
192.76
180.93
176.24
172.85
169.63
166.77
163.97
161.14
158.18
147.37
136.65
126.06
123.6
118.94
126.44
122.93
120.52
118.31
116.36
114.95
120.68
128.5
129.32
128.86
128.19
127.2
126.29
125.39
124.42
131.22
137.9
144.54
143.4
144.58
143.66
143.86
142.96
139.4
131.76
129.49
126.85
124.02
121.01
118.07
115.22
112.49
109.66
106.86
104.21
101.64
99.12
96.47
93.68
90.76
87.51
84
77.55
73.63
75.66
71.89
66.69
61.7
56.87
54.45
51.87
49.13
46.34
43.33
40.12
36.64
32.95
29.31
25.63
21.95
18.61
15.61
15.61
15.61
13.58
11.83
11.83
11.83
11.83
9.52
7.48
5.69
4.1
2.8
1.74
0.98
0.5
0.17
0
0
0
0
0
0
0
0
0
0
0
0
0
0
0
0
0
0
0
0
0
0
0
0
0
0
0
0
0
0
0
0
0
0
0
0
0
0
0
0
0
0
0
0
0
0
0
0
0
0
0
0
0
0
0
0
0
0
0
0
0
0
0
0
0
0
0
0
0
0
0
0
0
0
0
0
0
0
0
0
0
0
0
0
0
0
0
0
0
0
0
0
0
0
0
0
0
0
0
0
0
0
0
0
0.09
0.3
0.64
1.14
1.76
2.62
3.7
5.01
6.62
7.27
7.27
7.27
7.27
7.27
9.03
9.03
10
12.29
12.62
15.33
18
20.58
23.06
25.44
27.76
29.91
31.91
33.82
35.51
37.09
40.5
43.97
45.93
46.65
44.89
44.89
48.57
46.28
51.03
53.68
56.44
59.36
62.54
65.95
69.52
73.23
77.06
80.92
84.79
82.56
83.45
87.52
93.18
100.21
108.27
116.42
119.82
127.96
130.96
133.52
135.71
137.92
140.01
141.98
143.84
142.42
144.09
145.69
138.52
145.15
150.2
152.11
150.37
151.96
153
153.82
154.69
155.49
156.42
157.76
159.46
160.98
162.12
162.8
160.11
163.52
161.05
160.72
169.24
171.4
170.97
170.59
173.82
173.68
171.93
162.97
163.75
164.75
165.91
166.97
168.02
167.21
157.98
155.16
160.63
163.21
168.51
171.85
175.08
178
180.71
183.19
184.96
175.76
180.78
186.26
176.54
179.37
181.94
184.32
186.48
190.41
190.41
196.78
198.13
199.31
200.51
201.35
201.87
202.16
202.39
202.62
203.55
215.09
214.11
219.84
231.33
230.31
229.56
228.99
228.6
228.37
240.72
240.66
240.63
240.63
240.47
240.34
240.41
235.88
236.31
236.75
237.11
237.63
238.21
239.18
239.62
239.6
239.1
238.35
237.18
235.75
234.23
232.57
230.75
228.9
226.98
225
223
225.74
223.56
221.27
218.57
215.49
212.05
207.68
202.96
197.78
192.24
186.27
180.21
174.97
169.27
163.11
156.61
149.66
142.33
134.62
126.53
118.23
109.64
100.82
92.44
83.9
75.84
68.93
61.72
55.98
50.8
46.13
41.13
36.21
31.84
28
24.63
21.75
19.4
17.55
16.15
15.11
14.47
14.25
14.09
14.54
14.99
15
15.91
15.98
16.06
16.15
16.9
16.85
16.72
15.95
15.16
14.37
13.53
12.99
12.36
12.02
11.6
11.08
10.51
9.88
9.17
8.41
7.6
6.79
5.98
5.17
4.41
3.72
3.09
3.09
3.09
3.09
3.09
2.78
2.54
2.02
1.56
1.17
0.84
0.56
0.35
0.2
0.1
0.03
0
0
0
0
0
0
0
0
0
0
0
0
0
0
0
0
0
0
0
0
0
0
0
0
0
0
0
0
0
0
0
0
0
0
0
0
0
0
0
0
0
0
0
0
0
0
0
0
0
0
0
0
0
0
0
0
0
0
0
0
0
0
0
0
0
0
0
0
0
0
0
0
0
0
0
0
0
0
0
0
0
0
0
0
0
0
0
0
0
0
0
0
0
0
0
0
0
0
0
0
0
0
0
0
0
0
0
0
0
0
0
0
0
0
0
0
0
0
0
0
0
0
0
0
0
0
0
0
0
0
0
0.02
0.07
0.13
0.22
0.32
0.45
0.62
0.8
1.01
1.01
1.01
1.01
1.03
1.08
1.08
1.94
3.38
5.39
8.01
11.15
14.65
18.51
22.65
25.18
25.07
28.68
32.72
37.12
41.81
42.03
42.03
42.03
48.13
54.54
61.07
66.62
71.4
75.5
78.86
81.73
84.29
86.46
88.48
91.98
97.95
100.14
101.9
103.45
104.95
111.36
111.79
117.71
119.21
112.76
107.05
108.13
110.95
114.16
117.68
121.14
115.05
118.93
122.93
127.4
132.24
137.08
141.99
145.71
148.05
152.64
163.49
168.86
171.76
183.03
187.07
190.72
192.77
194.57
189.91
191.92
203.49
205.24
206.81
207.94
209.22
211.19
213.53
217.03
221.63
224.07
226.78
229.61
233.07
235.6
244.44
247.07
249.74
252.3
261.04
263.02
264.77
266.23
262.34
263.93
265.05
265.38
264.97
264.24
263.48
262.29
260.66
258.75
257.01
255.58
254.4
253.13
251.86
250.74
249.78
249.01
248.4
248.17
253.39
253.15
252.89
252.69
252.69
252.89
253.17
253.59
254.12
254.78
255.43
256.02
256.39
256.71
256.99
257.18
257.17
257.05
257.15
257
256.55
255.93
255.18
254.33
253.4
252.25
250.81
249.1
247.18
245.07
242.76
240.11
237.3
234.39
231.3
228.12
225.07
221.98
218.21
214.11
209.77
205.7
201.9
198.38
194.96
191.75
188.81
185.58
182.05
178.22
174.05
169.7
165.1
160.17
155.01
149.44
145.9
141.99
137.97
133.8
129.47
124.37
118.48
111.76
104.39
96.45
87.97
80.02
72.58
65.65
59.23
53.28
47.8
42.82
38.28
34.28
28.25
22.71
17.69
13.18
9.17
5.9
3.38
1.62
0.52
0
0
0
0
0
0
0
0
0
0
0
0
0
0
0
0
0
0
0
0
0
0
0
0
0
0
0
0
0
0
0
0
0
0
0
0
0
0
0
0
0
0
0
0
0
0
0
0
0
0
0
0
0
0
0
0
0
0
0
0
0
0
0
0
0
0
0
0
0
0
0
0
0
0
0
0
0
0
0
0
0
0
0
0
0
0
0
0
0
0
0
0
0
0
0
0
0
0
0
0
0
0
0
0
0
0
0
0
0
0
0
0
0
0
0
0
0
0
0
0
0
0
0
0
0
0
0
0
0
0
0
0
0
0
0
0
0
0
0
0
0
0
0
0
0
0
0
0
0
0
0
0
0
0
0
0
0
0
0
0
0
0
0
0
0
0
0
0
0
0
0
0
0
0
0
0
0
0
0
0
0.03
0.09
0.18
0.31
0.47
0.92
1.67
2.7
4.04
5.28
6.89
8.83
11.08
13.61
14.6
15.94
17.67
19.84
22.4
25.42
28.97
33
37.68
43.01
48.97
54.91
60.8
66.7
72.61
71.37
69.76
75.6
81.3
86.94
94.42
101.78
108.9
115.72
122.27
128.34
133.88
139.03
143.36
146.98
149.95
152.84
155.61
158.16
150.91
156.85
167.14
170.3
173.92
177.8
181.61
185.4
176.55
180.4
184.39
188.68
193.08
197.35
201.82
206.37
209.5
211.71
215.64
219.59
230.48
236.6
239.27
228.81
217.24
209.2
196.91
196.17
196.17
195.66
195.01
194.19
193.26
189.93
186.59
185.71
186.31
187.57
187.07
186.44
188.32
189.01
188.77
200.97
213.61
222.27
234.98
236.21
249.13
249.57
249.8
249.8
249.75
252.04
254.31
254.07
253.6
253.17
252.53
251.75
250.9
250.05
249.11
248.11
247.16
246.14
245
243.33
241.6
240.01
238.6
237.39
236.23
235.1
233.83
232.43
231.32
230.09
228.93
228.06
227.35
226.61
225.93
225.26
224.51
223.69
214.49
213.78
212.81
211.41
209.12
200.96
197.09
192.56
187.57
182.13
175.84
169.25
162.17
156.1
149.18
142.45
135.21
127.54
119.37
110.79
110.1
100.63
91.02
81.39
72.48
69.29
61.79
54.97
48.73
43.07
38.11
33.62
29.66
24.57
20.29
15.86
12
8.65
5.87
3.64
1.95
0.83
0.22
0.07
0
0
0
0
0
0
0
0
0
0
0
0
0
0
0
0
0
0
0
0
0
0
0
0
0
0
0
0
0
0
0
0
0
0
0
0
0
0
0
0
0
0
0
0
0
0
0
0
0
0
0
0
0
0
0
0
0
0
0
0
0
0
0
0
0
0
0
0
0
0
0
0
0
0
0
0
0
0
0
0
0
0
0
0
0
0
0
0
0
0
0
0
0
0
0
0
0
0
0
0
0
0
0
0
0
0
0
0
0
0
0
0
0
0
0
0
0
0
0
0
0
0
0
0
0
0
0
0
0
0
0
0
0
0
0
0
0
0
0
0.19
0.53
0.99
1.58
2.31
3.19
4.29
5.62
7.1
7.23
7.59
8.17
8.17
8.17
8.22
9.43
42.9
42.91
44.43
46.33
46.14
45.8
45.35
45.44
44.71
43.82
42.73
41.4
42.94
42.81
42.45
42.1
43.79
44.13
44.08
46.26
41.38
44.91
47.12
49.11
53.24
57.57
62.15
66.22
71.02
75.96
80.9
85.82
87.64
92.49
92.49
92.26
90.58
95.8
95.8
92.41
66.9
63.35
63.2
61.24
63.47
59.14
58.51
59.81
61.24
60.4
58.51
60.11
61.83
61.32
67.89
74.6
81.59
83.23
90.77
98.66
103.88
112.64
118.16
125.69
129.21
139.55
145.91
150.01
153.84
159.89
167.14
171.06
175.06
181.37
185.63
189.81
193.78
197.58
200.67
203.12
205.19
206.85
208.22
209.27
202.95
202.88
192.56
193.28
194.34
195.42
196.35
197.14
197.87
198.51
198.92
199.26
199.51
198.37
198.59
198.98
199.05
198.99
199.06
198.83
205.6
205.67
216.05
205.18
204.71
204.17
203.7
203.26
202.6
201.87
200.07
199.44
198.74
199.41
199.33
199.48
199.85
200.15
199.74
189.46
189.29
189.37
189.51
200.17
200.16
200.07
199.83
199.5
199.4
199.45
200.62
200.49
200.48
200.45
200.04
199.45
198.88
198.41
198.58
208.9
209.09
209.02
208.48
207.54
206.46
205.47
204.65
203.69
202.4
198.08
196.65
186.19
184.88
183.49
177.78
167.49
157.25
151.66
149.71
147.89
145.65
143.07
140.79
138.52
135.85
126.24
122.16
117.85
113.52
111.58
106.18
109.46
103.07
97.96
96.92
100.13
102.95
100.74
94.38
87.46
80.51
73.54
66.21
58.82
51.98
52.03
46.48
41.31
36.42
32.09
28.31
25.03
22.24
18.23
14.62
11.41
8.59
6.19
4.2
2.63
1.47
0.68
0.31
0.25
0.19
0.14
0.1
0.06
0.03
0.01
0
0
0
0
0
0
0
0
0
0
0
0
0
0
0
0
0
0
0
0
0
0
0
0
0
0
0
0
0
0
0
0
0
0
0
0
0
0
0
0
0
0
0
0
0
0
0
0
0
0
0
0
0
0
0
0
0
0
0
0
0
0
0
0
0
0
0
0
0
0
0
0
0
0
0
0
0
0
0
0
0
0
0
0
0
0
0
0
0
0
0
0
0
0
0
0
0
0
0
0
0
0
0
0
0
0
0
0
0
0
0
0
0
0
0
0
0
0
0
0
0
0
0
0
0
0
0
0
0
0
0
0
0
0
0
0
0
0
0
0
0
0
0
0
0
0
0
0
0
0
0
0
0
0.14
0.49
1
1.65
2.47
3.46
4.57
5.86
7.29
7.29
7.43
7.64
8.45
9.3
10.51
11.9
13.5
15.35
15.35
17.89
20.28
22.52
24.71
24.06
26.18
28.26
30.48
32.77
35.13
38.88
42.38
45.8
44.99
47.11
49.94
52.62
55.2
57.74
62.2
64.14
66.37
68.71
71.22
71.22
69.53
66.46
68.94
66.52
69.04
71.56
74.34
77.35
84.14
88.21
86.66
82.6
86.11
89.62
93.48
97.73
102.06
106.45
110.79
120.64
129.63
140.15
145.04
154.53
158.78
163.39
167.84
172.1
176.1
179.75
185.96
196.57
199.52
202.23
204.49
206.31
197.22
191.52
192.43
192.9
192.88
192.76
192.73
182.08
182.63
183.15
184.12
185.3
186.99
188.85
188.76
191.22
193.71
196.45
199.06
201.64
214.75
224.39
227.11
230.21
233.62
236.78
239.67
253.27
255.61
257.5
258.87
260.04
260.81
261.53
266.12
266.18
266.06
265.62
265.26
264.82
264.34
263.51
263.02
262.22
261.16
260.03
256.31
251.21
249.95
246.43
245.37
244.06
242.6
240.93
239.32
237.77
236.38
226.31
225.17
224.17
223.18
222.4
220.63
218.15
214.99
211.34
209.73
208.93
203.85
200.6
194.46
189.69
184.58
179.22
173.35
166.93
159.94
161.26
153.24
144.69
135.76
126.33
117.62
109.65
102.32
93.52
85.29
79.54
74.29
69.55
65.23
59.67
54.53
49.76
45.46
41.62
38.22
35.22
32.61
30.43
28.65
27.23
25.73
24.15
22.59
23.02
23.02
21.35
19.7
18.11
16.86
15.64
14.45
13.29
12.15
11.02
9.93
8.9
7.91
6.98
6.05
5.24
4.55
3.95
3.44
3
3
2.73
2.52
2.35
1.9
1.5
1.15
0.84
0.58
0.38
0.22
0.11
0.04
0
0
0
0
0
0
0
0
0
0
0
0
0
0
0
0
0
0
0
0
0
0
0
0
0
0
0
0
0
0
0
0
0
0
0
0
0
0
0
0
0
0
0
0
0
0
0
0
0
0
0
0
0
0
0
0
0
0
0
0
0
0
0
0
0
0
0
0
0
0
0
0
0
0
0
0
0
0
0
0
0
0
0
0
0
0
0
0
0
0
0
0
0
0
0
0
0
0
0
0
0
0
0
0
0
0
0
0
0
0
0
0
0
0
0
0
0
0
0
0
0
0
0
0
0
0
0
0
0
0
0
0
0
0
0
0
0
0
0
0
0
0
0
0
0
0
0
0
0
0
0
0
0
0
0
0
0
0
0.23
0.76
1.58
2.65
3.95
5.55
7.52
9.87
12.62
14.16
15.98
18.09
20.42
22.97
25.74
28.55
31.68
35.1
38.76
42.83
46.93
50.9
54.77
58.64
62.59
66.47
70
73.21
76.17
80.5
84.78
88.98
93.31
97.69
102.1
106.72
111.36
116.05
120.79
125.3
129.7
134.12
133.92
138.5
143.23
148.25
153.76
159.62
165.59
171.62
177.62
183.66
187.57
193.49
199.28
204.86
210.24
215.41
220.35
221.22
212.49
203.56
212.55
211.19
201.2
203.57
205.32
206.93
208.58
210.31
212.08
213.89
217.6
219.24
220.96
222.88
224.76
226.5
228.29
234.21
249.73
265.43
267.74
275.42
291.59
295.12
299.04
302.53
305.46
307.84
309.47
310.59
311.37
311.81
311.99
311.76
311.3
310.71
310.06
308.99
307.67
306.03
304.58
303.33
301.69
299.52
296.65
293.77
290.98
288.43
286.67
285.15
283.92
282.78
281.47
280.42
279.6
279.11
278.67
278.42
278.27
264.2
262.88
249.79
235.25
231.28
227
222.14
216.74
210.54
203.33
197.21
190.15
182.38
174.39
165.5
155.73
144.9
133.1
120.52
107.25
107.33
94.31
92.87
92.91
82.7
73.19
64.49
56.48
49.27
42.78
35.2
28.46
22.46
16.93
12.17
8.21
5.1
2.86
1.38
0.6
0.53
0.53
0.48
0.44
0.41
0.39
0.32
0.26
0.2
0.15
0.11
0.07
0.04
0.02
0.01
0
0
0
0
0
0
0
0
0
0
0
0
0
0
0
0
0
0
0
0
0
0
0
0
0
0
0
0
0
0
0
0
0
0
0
0
0
0
0
0
0
0
0
0
0
0
0
0
0
0
0
0
0
0
0
0
0
0
0
0
0
0
0
0
0
0
0
0
0
0
0
0
0
0
0
0
0
0
0
0
0
0
0
0
0
0
0
0
0
0
0
0
0
0
0
0
0
0
0
0
0
0
0
0
0
0
0
0
0
0
0
0
0
0
0
0
0
0
0
0
0
0
0
0
0
0
0
0
0
0
0
0
0
0
0
0
0
0
0
0
0
0
0
0
0
0
0
0
0
0
0
0
0
0
0
0.16
0.49
1.1
1.97
3.16
4.56
6.2
8.04
10.12
10.55
11.26
11.26
11.26
11.26
11.26
11.26
11.26
11.26
14.11
59.06
62.08
65.09
67.89
70.52
72.85
75.17
77.34
76.2
74.12
77.76
81.18
85.4
89.75
94.25
98.75
103.14
107.55
112.04
113.73
73.39
74.91
76.27
77.45
78.5
79.51
80.42
81.49
85.9
88.15
89.81
91.41
92.99
88.65
89.85
91
92.34
93.63
94.98
96.33
97.7
99.01
100.52
102.16
104.08
106.28
108.64
110.77
112.44
111.19
105.47
103.31
102.03
109.25
110.93
113.04
115.32
117.94
120.36
122.8
125.31
128.05
130.83
134.02
137.21
140.15
142.96
145.97
139.2
149.55
161.35
170.03
177.91
183.24
188.44
193.15
197.5
201.51
205.88
210.6
215.33
219.92
224.32
228.14
231.65
234.94
237.98
240.86
253.49
254.54
254.94
254.96
255.06
255.13
255.29
255.65
256.32
256.54
256.34
255.49
254.45
253.21
251.86
248.58
247.34
246.38
245.9
245.37
244.98
244.7
244.47
243.1
242.23
241.04
239.45
236.93
234.84
233.87
233.12
232.66
232.18
231.78
231.51
233.3
233.21
233.29
233.07
232.9
232.77
232.75
232.92
234.15
234.61
235.23
236.08
237.93
239.18
239.79
240.28
240.71
241.14
241.53
241.81
242
242.13
242
241.88
241.67
241.41
241.11
240.62
239.92
239.04
238.03
237.02
235.8
234.41
232.36
229.66
226.29
222.29
217.69
212.57
206.9
200.59
193.33
187.34
180.47
172.99
164.91
156.44
147.65
138.6
129.21
119.33
108.97
98.24
88.15
78.72
69.96
61.85
54.37
47.49
41.2
35.55
30.83
24.82
19.71
15.32
11.58
8.41
5.76
3.62
1.97
0.84
0.25
0.18
0.13
0.09
0.06
0.03
0.02
0.01
0
0
0
0
0
0
0
0
0
0
0
0
0
0
0
0
0
0
0
0
0
0
0
0
0
0
0
0
0
0
0
0
0
0
0
0
0
0
0
0
0
0
0
0
0
0
0
0
0
0
0
0
0
0
0
0
0
0
0
0
0
0
0
0
0
0
0
0
0
0
0
0
0
0
0
0
0
0
0
0
0
0
0
0
0
0
0
0
0
0
0
0
0
0
0
0
0
0
0
0
0
0
0
0
0
0
0
0
0
0
0
0
0
0
0
0
0
0
0
0
0
0
0
0
0
0
0
0
0
0
0
0
0
0
0
0
0
0
0
0
0
0
0
0
0
0
0
0
0
0
0
0
0
0
0
0
0
0
0
0
0
0
0
0
0
0
0
0
0
0
0
0
0
0
0
0
0
0
0
0.21
0.65
1.26
2.07
3.17
4.57
6.29
8.36
10.72
11.49
12.53
13.9
15.67
17.53
19.76
22.39
25.45
29
33.03
37.5
41.96
46.5
51.13
55.83
60.71
65.8
70.9
76.02
81.21
88.43
87.39
86.02
93.06
100.16
107.09
113.88
120.4
126.47
132.13
137.49
142.7
147.94
153.31
158.75
163.81
168.27
172.39
176.12
179.29
182.08
192.92
203.6
205.34
196.38
196.37
186.95
188.53
190.19
191.79
193.41
195.06
196.25
197.04
197.4
197.59
198.36
199.48
200.74
190.02
191.79
193.85
196.72
200.04
213.97
218.79
232.66
221.5
219.79
208.49
211.57
214.76
218.05
221.28
224.56
227.74
229.93
231.28
232.64
246.36
247.64
247.94
246.2
240.43
239.46
238.43
237.57
250.55
253.87
266.45
264.27
261.48
258.73
256.14
253.58
251.46
249.98
249.05
247.87
234.15
220.32
218.9
215.76
207.65
194.7
193.83
193.02
192.34
191.8
191.75
192.02
192.95
193.86
194.54
195.12
195.23
195.02
194.52
193.96
205.59
217.11
216.78
219.5
230.89
242.27
241.43
240.27
238.82
237.26
235.44
233.49
231.19
228.83
226.53
224.19
222.03
219.95
218.06
216.38
214.79
213.19
211.55
209.84
207.92
205.64
203.15
200.5
197.8
195.12
192.51
189.81
186.62
182.92
178.69
174.06
168.92
163.37
157.37
150.95
144.14
139.08
133.67
127.94
121.98
115.94
109.8
103.56
97.11
90.08
82.44
74.49
67.1
60.32
54.14
48.48
43.38
38.79
34.68
30.99
27.77
22.91
18.5
14.56
11.05
8
5.39
3.23
1.52
0.45
0
0
0
0
0
0
0
0
0
0
0
0
0
0
0
0
0
0
0
0
0
0
0
0
0
0
0
0
0
0
0
0
0
0
0
0
0
0
0
0
0
0
0
0
0
0
0
0
0
0
0
0
0
0
0
0
0
0
0
0
0
0
0
0
0
0
0
0
0
0
0
0
0
0
0
0
0
0
0
0
0
0
0
0
0
0
0
0
0
0
0
0
0
0
0
0
0
0
0
0
0
0
0
0
0
0
0
0
0
0
0
0
0
0
0
0
0
0
0
0
0
0
0
0
0
0
0
0
0
0
0
0
0
0
0
0
0.17
0.53
1.01
1.7
2.54
3.54
4.71
6.01
7.47
7.47
7.47
8.73
10.2
11.82
13.71
15.8
18.08
20.6
23.37
26.34
29.27
31.6
31.95
32.88
32.93
34.66
37.05
39.09
41.39
45.5
49.63
52.6
55.61
58.81
61.62
64.48
67.34
70.08
72.94
75.97
79.01
82.74
88.5
93.58
99.51
103.85
100.29
102.21
103.18
107.16
109.59
108.23
103.75
98.93
95.97
91.02
93.94
96.89
99.27
101.12
102.9
104.41
106.08
108.11
108.73
107.35
107.35
102.09
107
98.91
98.23
105.04
114.93
125.19
134.09
134.09
137.16
140.21
143.72
147.51
151.53
155.45
158.81
161.44
164.9
169.78
180.47
190.96
191.65
191.65
196.08
196.77
197.29
188.62
181.06
191.52
190.92
190.27
178.76
176.03
171.25
167.39
164.07
164.39
165.33
166.95
168.6
170.8
173.43
186.62
187.24
190.25
193.41
205.62
216.62
220.35
224.05
227.62
241.64
246.54
253.1
258.77
264.09
265.94
267.57
268.72
269.63
269.98
269.9
269.45
271.16
270.71
270.22
269.64
268.62
267.43
266.22
265.09
264.25
263.79
263.48
263.21
263.02
262.91
262.86
262.94
262.62
261.99
261.07
259.83
258.21
255.44
251.58
246.58
240.92
235.3
228.86
221.72
213.77
204.91
195.33
185.53
175.08
163.91
152
139.43
127.25
115.46
103.98
92.83
82.06
72.02
62.91
54.78
47.48
40.17
33.64
27.78
22.61
18.15
14.36
10.77
7.87
5.67
4.18
3.34
2.63
2.03
1.57
1.22
0.98
0.87
0.76
0.66
0.57
0.5
0.43
0.38
0.33
0.29
0.26
0.23
0.18
0.14
0.11
0.08
0.05
0.03
0.02
0.01
0
0
0
0
0
0
0
0
0
0
0
0
0
0
0
0
0
0
0
0
0
0
0
0
0
0
0
0
0
0
0
0
0
0
0
0
0
0
0
0
0
0
0
0
0
0
0
0
0
0
0
0
0
0
0
0
0
0
0
0
0
0
0
0
0
0
0
0
0
0
0
0
0
0
0
0
0
0
0
0
0
0
0
0
0
0
0
0
0
0
0
0
0
0
0
0
0
0
0
0
0
0
0
0
0
0
0
0
0
0
0
0
0
0
0
0
0
0
0
0
0
0
0
0
0
0
0
0
0
0
0
0
0
0
0
0
0
0
0
0
0
0
0
0
0
0
0
0
0
0
0
0
0
0
0
0
0
0
0
0
0
0
0
0
0
0
0
0
0
0
0
0
0
0
0
0
0
0
0
0
0.25
0.84
1.96
3.68
5.72
8.05
10.64
13.5
16.62
17.38
18.42
19.8
21.6
23.72
26.19
29.04
32.29
35.9
39.87
44.4
48.72
48.14
50.88
52.69
54.3
55.95
57.66
59.47
56.35
55.59
54.54
53.17
51.37
54.99
58.47
61.77
64.85
66.5
68.52
70.42
72.48
79.25
82.35
86.07
89.79
93.19
88.89
91.54
98.96
106.49
114.28
122.38
130.46
132.91
135.4
137.68
139.88
143.16
145.81
148.46
141.83
140.17
142.86
145.31
146.35
145.03
155.04
157.91
160.75
163.63
166.22
168.54
171.04
173.33
175.05
177.21
179.62
182.39
185.22
187.57
199.04
205.43
207.32
197.63
195.23
200.95
202.7
204.18
205.3
206.11
206.84
207.47
207.94
208.66
209.9
210.77
211.36
211.58
211.57
211.67
211.68
211.65
211.61
223.08
228.38
227.68
226.95
226.36
226.34
226.55
226.9
227.29
227.62
228.06
228.58
228.91
228.88
228.7
228.52
228.22
227.82
226.8
225.16
222.98
220.37
217.48
214.03
209.89
204.78
198.97
194.96
190.32
185.1
179.33
172.3
164.48
156.16
147.09
137.43
127.23
116.59
106.48
96.87
87.69
79.1
71
63.42
56.57
50.4
44.84
37.44
30.64
24.48
18.64
13.76
9.8
6.68
4.44
2.85
1.85
1.43
1.1
0.88
0.77
0.67
0.57
0.57
0.49
0.42
0.36
0.31
0.3
0.3
0.27
0.26
0.25
0.2
0.15
0.12
0.09
0.06
0.04
0.03
0.01
0
0
0
0
0
0
0
0
0
0
0
0
0
0
0
0
0
0
0
0
0
0
0
0
0
0
0
0
0
0
0
0
0
0
0
0
0
0
0
0
0
0
0
0
0
0
0
0
0
0
0
0
0
0
0
0
0
0
0
0
0
0
0
0
0
0
0
0
0
0
0
0
0
0
0
0
0
0
0
0
0
0
0
0
0
0
0
0
0
0
0
0
0
0
0
0
0
0
0
0
0
0
0
0
0
0
0
0
0
0
0
0
0
0
0
0
0
0
0
0
0
0
0
0
0
0
0
0
0
0
0
0
0
0
0
0
0
0
0
0
0
0
0
0
0
0
0
0
0
0
0
0
0
0
0
0
0
0
0
0
0
0
0
0
0
0
0
0
0
0
0
0
0
0.14
0.4
0.81
1.38
2.11
3.04
4.18
5.56
7.2
7.64
8.37
9.4
10.66
12.17
13.94
16.02
18.43
21.18
24.25
27.44
30.79
34.33
38.22
42.25
46.46
50.67
54.82
58.93
62.92
68.13
73.23
72.2
73.96
78.75
83.03
86.32
90.46
93.27
90.2
94.04
97.75
101.36
104.46
107.25
109.64
112
114.35
116.69
119.16
122.02
124.9
133.82
139.95
143.1
146.69
151.03
154.25
158.49
168.26
170.94
173.38
175.67
177.84
180.05
181.25
173.76
166.11
158.28
150.19
151.24
152.05
149.62
140.48
139.31
136.21
126.51
116.74
116.93
117.28
117.69
118.06
118.2
114.26
114.73
116.34
126.46
133.81
144.5
155.59
157.3
159.32
164.5
170.99
169.3
174.69
186.59
198.54
200.55
202.6
204.76
207.19
209.9
216.81
219.18
221.45
223.71
228.98
231.15
232.86
234.29
235.26
235.84
241.61
247.27
247.59
247.85
247.93
239.1
238.94
238.7
238.29
237.71
237.04
236.52
236.07
235.98
235.7
234.86
233.9
232.88
231.96
231.47
230.96
230.42
229.96
229.69
229.62
238.38
238.32
238.17
237.98
237.91
238.09
238.39
238.76
238.51
237.67
237.06
236.3
235.7
235.22
234.56
233.81
232.81
228.48
216.58
204.62
192.68
190.5
188.2
185.8
183.16
180.21
176.69
172.78
168.9
165.55
162.13
159.05
155.76
152.14
148.24
144.31
140.6
140.08
146.91
153.59
160.2
156.94
153.76
150.84
148.31
146.11
144.36
142.95
138.81
137.78
136.99
136.31
135.91
135.81
135.93
128.86
123.73
117
116.94
117.27
116.7
115.88
114.78
112.99
110.36
107.01
103.08
100.39
100.25
96.5
92.14
87.07
81.41
75.29
68.92
69.55
67.95
67.74
60.98
53.96
47.92
42.25
36.94
32.2
28.09
24.56
21.52
17.21
13.32
9.96
7.12
4.87
3.14
1.86
0.92
0.28
0
0
0
0
0
0
0
0
0
0
0
0
0
0
0
0
0
0
0
0
0
0
0
0
0
0
0
0
0
0
0
0
0
0
0
0
0
0
0
0
0
0
0
0
0
0
0
0
0
0
0
0
0
0
0
0
0
0
0
0
0
0
0
0
0
0
0
0
0
0
0
0
0
0
0
0
0
0
0
0
0
0
0
0
0
0
0
0
0
0
0
0
0
0
0
0
0
0
0
0
0
0
0
0
0
0
0
0
0
0
0.18
0.56
1.14
1.87
2.82
4.03
5.48
7.1
8.88
8.88
10.33
43.92
45.72
47.79
50.1
52.57
52.57
55.29
55.29
58.29
60.51
61.44
63.78
66.05
68.13
69.99
71.7
73.46
72.28
72.28
70.83
37.24
35.44
37.73
50.08
52.32
57.07
59.28
64.33
66.52
69.48
73.75
70.82
73.42
76.02
78.69
77.84
80.45
85.93
92.12
98.53
105.16
111.76
107.39
92.74
88.03
89.7
84.77
86.43
86.21
85.31
86.58
93.59
95.16
96.81
98.39
103.31
104.32
105.07
105.64
105.94
105.92
106.2
113.55
121.14
128.65
129.79
137.58
130.87
134.13
133.59
135.48
137.29
138.96
140.61
133.3
135.26
137.55
140.08
142.84
145.88
149.22
152.3
154.65
156.68
158.98
160.23
162.4
172.49
174.62
181.33
183.39
185.47
187.74
183.43
194.79
197.07
199.47
201.91
204.18
206.18
207.94
209.92
212.22
214.72
217.11
220.39
220.58
222.39
223.59
224.32
213.53
214.33
215.28
223.01
224.2
221.12
211.28
212.4
213.58
214.88
216.33
217.51
218.57
219.48
220.03
220.83
223.79
225.18
226.88
228.74
241.83
242.73
243.16
234.71
222.17
226.26
236.91
236.54
236.11
235.54
234.74
233.89
233.12
232.38
232.11
231.6
230.65
229.38
228.03
226.66
225.35
224.49
221.76
226.41
237.92
236.89
235.78
234.6
233.37
232.17
231.16
230.24
229.24
228.2
226.92
225.68
224.59
223.59
222.55
216.78
215.69
214.47
214.86
216.01
213.97
211.98
210.07
208.18
206.28
204.29
202.15
199.9
197.59
195.2
192.77
187.94
183.68
181.23
178.84
181.16
178.71
176
173.23
170.45
167.5
163.88
159.54
154.62
149.22
143.46
138.08
132.39
126.39
120.12
113.54
109.06
103.69
96.19
88.38
80.33
72.09
64.27
56.89
49.94
43.42
37.58
32.44
27.89
23.88
20.33
16.51
13.12
10.14
7.55
5.34
3.51
2.07
1.01
0.32
0
0
0
0
0
0
0
0
0
0
0
0
0
0
0
0
0
0
0
0
0
0
0
0
0
0
0
0
0
0
0
0
0
0
0
0
0
0
0
0
0
0
0
0
0
0
0
0
0
0
0
0
0
0
0
0
0
0
0
0
0
0
0
0
0
0
0
0
0
0
0
0
0
0
0
0
0
0
0
0
0
0
0
0
0
0
0
0
0
0
0
0
0
0
0
0
0
0
0
0
0
0
0
0
0
0
0
0
0
0
0
0
0
0
0
0
0
0
0
0
0
0
0
0
0
0.22
0.64
1.25
2.02
2.87
3.84
4.94
6.17
7.56
7.98
7.98
7.98
8.99
10.21
11.61
13.23
15.07
17.16
19.5
22.09
24.39
26.57
25.96
27.99
30.11
32.25
34.4
36.55
38.69
38.27
42.2
46.36
47.39
50.55
53.42
56.19
58.94
61.49
63.72
65.81
68.15
70.44
75.52
78.03
80.41
82.68
82.99
79.6
81.46
81.46
77.53
79.65
84.02
86.3
82.03
83.5
86.19
89.1
91.99
94.94
98.15
101.83
105.82
109.9
114.37
115.52
120.8
131.88
137.76
149.06
160.48
165.88
171.28
176.56
188.61
182.74
187.61
192.29
197.48
202.51
206.95
210.77
213.87
216.95
219.85
226.17
229.98
231.49
232.78
234.13
235.58
236.88
238.15
239.44
240.73
254.13
255.47
256.76
257.74
258.89
260.18
261.81
263.55
264.52
264.92
264.92
265.16
265.55
265.98
266.38
260.34
259.31
251.14
240.62
240.11
239.49
238.77
234.67
233.53
231.98
230.29
228.17
226.24
224.85
223.61
219.3
206.42
204.82
191.83
178.79
183.69
183.46
190.25
199.37
186.54
185.71
184.93
187.52
187.16
187.3
187.63
188.07
188.22
188.23
188.44
192.19
204.53
205.87
218.73
229.14
230.33
231.57
232.76
233.84
246.75
247.64
248.42
249.04
249.38
249.39
249.36
249.54
250.09
250.76
251.38
251.72
252.12
251.92
251.4
253.05
251.94
250.6
246.56
244.75
242.02
233
230.88
228.8
226.85
224.95
222.88
220.53
217.79
214.8
211.56
208.24
204.32
199.81
194.64
189.07
183.1
176
167.14
160.42
154.19
153.87
147.62
140.96
133.83
126.27
118.37
110.16
101.77
93.13
84.38
75.43
66.6
58.58
51.41
44.93
39.08
34.58
34.58
30.2
26.25
22.74
18.36
14.46
11.06
8.13
5.69
3.72
2.17
1.08
0.35
0
0
0
0
0
0
0
0
0
0
0
0
0
0
0
0
0
0
0
0
0
0
0
0
0
0
0
0
0
0
0
0
0
0
0
0
0
0
0
0
0
0
0
0
0
0
0
0
0
0
0
0
0
0
0
0
0
0
0
0
0
0
0
0
0
0
0
0
0
0
0
0
0
0
0
0
0
0
0
0
0
0
0
0
0
0
0
0
0
0
0
0
0
0
0
0
0
0
0
0
0
0
0
0
0
0
0
0
0
0
0
0
0
0
0
0
0
0
0
0
0
0
0
0
0
0
0
0
0
0
0
0
0
0
0
0
0
0
0
0
0
0
0
0
0
0
0
0
0
0
0
0
0
0
0
0
0
0
0
0
0
0
0
0
0
0
0
0.3
0.82
1.59
2.6
3.81
5.24
6.94
8.95
11.33
12.38
13.74
13.74
15.67
22.23
22.23
22.47
25.63
26.48
28.56
28.56
29.77
30.62
34.46
38.15
41.74
40.31
43.39
46.41
44.03
48.01
51.38
56.21
59.14
57.5
57.5
62.5
59.33
64.25
68.1
74.06
78.62
83.31
84.85
82.14
77.35
84.1
80.82
82.78
87.14
89.47
92.22
94.92
97.68
100.46
108.22
110.85
118.84
121.2
123.56
125.88
128.24
128.9
131.31
137.74
146.25
139.49
137.99
137.98
142.33
140.8
142.18
134.65
127.02
119.56
121.15
141.05
133.06
126.11
126.93
127.87
128.67
131.19
131.8
132.72
133.69
143.27
152.94
155.71
156.86
161
162.09
172.08
182.26
192.42
193.64
176.44
186.95
196.34
197.89
199.4
200.94
202.39
204.09
205.65
206.96
208.02
208.88
209.47
209.8
209.85
209.87
209.62
209.15
208.33
207.18
205.97
204.2
203.03
201.69
200.21
198.68
197.12
195.35
193.49
185.06
183.49
182.07
180.92
180.01
179.35
178.84
178.71
178.51
178.33
178.51
179.05
180.26
180.91
181.67
182.33
173.11
173.81
174.62
175.37
180.49
180.99
181.38
172.2
162.93
162.55
161.94
159.8
158.65
157.4
155.63
153.27
150.56
147.58
144.42
141.5
148.57
145.67
142.65
139.77
139.4
137.09
134.94
141.86
148.4
139.4
132.32
130.16
126.72
123.08
119.35
115.49
113.51
111.28
108.72
105.65
101.98
97.91
93.45
88.46
82.56
75.88
68.53
61.6
55.07
55.07
53.35
48.07
43.18
38.69
34.62
30.97
25.71
20.89
16.53
12.62
9.21
6.32
3.91
2
0.78
0.19
0.19
0.19
0.19
0.19
0.16
0.12
0.1
0.07
0.05
0.03
0.02
0.01
0
0
0
0
0
0
0
0
0
0
0
0
0
0
0
0
0
0
0
0
0
0
0
0
0
0
0
0
0
0
0
0
0
0
0
0
0
0
0
0
0
0
0
0
0
0
0
0
0
0
0
0
0
0
0
0
0
0
0
0
0
0
0
0
0
0
0
0
0
0
0
0
0
0
0
0
0
0
0
0
0
0
0
0
0
0
0
0
0
0
0
0
0
0
0
0
0
0
0
0
0
0
0
0
0
0
0
0
0
0
0
0
0
0
0
0
0
0
0
0
0
0
0
0
0
0
0
0
0
0
0
0.16
0.5
1
1.66
2.47
3.41
4.48
5.72
7.11
7.79
8.61
9.22
9.28
10.63
12.11
13.85
16.08
18.3
20.19
22.75
25.67
28.5
31.29
34.05
36.8
39.06
40
41.41
44.08
47.78
51.62
55.88
59.59
58.25
59.69
58.64
57.69
61.87
66.71
71.06
74.99
78.95
82.89
86.75
90.58
94.9
100.59
105.82
109.73
112.95
113.77
111.75
110.75
113.18
117.65
124.92
131.56
132.88
135.34
138.11
141.24
140.7
133.47
134.62
138.32
141.24
144.87
148.39
151.88
155.86
162.06
171.07
178.54
176.08
176.32
171.89
163.97
166.58
166.09
165.57
167.04
172
183.62
186.85
187.68
189.45
190.39
191.4
192.7
183.09
184.78
186.41
184.96
198.23
190.61
198.73
211.65
214.33
218.68
222.65
224.21
225.95
227.71
229.44
230.93
232.4
234.18
236.15
237.9
250.44
251.51
252.24
257.67
258.62
272.92
275.6
277.11
278.58
280.06
281.42
282.71
283.8
285.06
286.6
288.31
289.59
290.33
290.41
290.14
289.68
289.29
289.17
289.43
290.12
291.01
292.16
293.32
294.48
295.57
296.72
297.89
283.5
284.35
284.85
285.14
285.54
286.08
286.82
287.73
288.67
289.52
290.22
290.2
289.31
287.88
285.96
283.75
281.32
278.78
276.11
273.32
286.05
283.14
280.13
277.01
273.83
270.64
267.44
264.22
261.03
257.78
254.44
251.3
248.4
245.5
242.22
238.6
234.64
230.24
225.45
220.31
214.76
208.59
201.85
195.22
188
180.24
172.01
163.4
154.47
145.27
135.82
126.11
116.23
106.31
96.99
88.22
79.99
72.32
65.21
58.6
52.54
47.28
42.71
38.11
34.14
30.75
27.85
25.28
22.68
20.83
19.47
18.66
18.15
17.86
17.46
16.94
16.33
15.61
14.75
13.79
12.74
11.6
10.5
9.44
8.43
7.47
6.57
5.84
5.57
4.97
4.31
3.51
2.78
2.14
1.58
1.11
0.72
0.41
0.2
0.07
0
0
0
0
0
0
0
0
0
0
0
0
0
0
0
0
0
0
0
0
0
0
0
0
0
0
0
0
0
0
0
0
0
0
0
0
0
0
0
0
0
0
0
0
0
0
0
0
0
0
0
0
0
0
0
0
0
0
0
0
0
0
0
0
0
0
0
0
0
0
0
0
0
0
0
0
0
0
0
0
0
0
0
0
0
0
0
0
0
0
0
0
0
0
0
0
0
0
0
0
0
0
0
0
0
0
0
0
0
0
0
0
0
0
0.09
0.29
0.62
1.1
1.74
2.57
3.5
4.57
5.78
5.78
6.18
6.18
6.33
7.2
7.2
7.2
7.2
7.2
7.2
7.2
7.5
7.3
9.3
40.26
39.62
38.79
37.86
36.79
35.58
35.85
35.45
38.73
74.81
77.6
81.32
84.99
88.69
92.51
95.97
100.15
104.14
106.61
104.28
72.84
72.84
74.71
78.56
82.65
85.09
84.83
84.83
83.87
51.61
53.11
54.08
55.74
53.81
52.68
55.29
57.14
52.77
56.46
62.78
69.21
75.63
73.76
69.91
71.43
68.99
72.91
79.35
77.02
79.07
79.92
80.66
81.46
85.32
84.96
82.3
82.8
89.29
89.64
89.97
90.5
91.41
98.91
106.54
108.72
116.8
120.18
122.26
130.99
133.86
136.82
140.44
143.31
146.62
153.17
158.64
160.98
162.77
164.59
166.86
165.21
165.92
162.59
163.36
163.96
164.02
164.48
163.68
154.95
146.06
137.09
136.49
131.97
129.38
127.68
128.53
130.12
132.44
134.74
136.36
141.48
143.98
150.52
152.79
155.03
157.55
160.38
163.18
173.55
183.81
193.95
195.5
200.88
204.31
206.77
206.82
206.24
205.56
194.91
194.25
193.78
193.2
192.43
191.11
180.49
179.78
179.11
178.52
178.13
177.9
177.62
177.24
177.05
177.07
177.29
176.68
175.31
173.3
180.66
177.63
174.02
169.88
165.23
160.69
166.2
161.25
155.89
150.13
143.82
136.98
129.83
122.48
114.33
105.33
95.6
86.58
78.22
70.47
63.25
56.53
50.34
44.68
39.53
34.87
29.49
24.62
20.19
16.17
12.62
9.57
6.98
4.84
3.43
2.76
2.73
2.7
2.66
2.62
2.57
2.52
2.47
2.41
2.35
2.29
2.22
2.14
2.06
1.98
1.89
1.81
1.72
1.63
1.53
1.43
1.34
1.24
1.14
1.04
0.94
0.85
0.76
0.67
0.59
0.52
0.45
0.41
0.37
0.34
0.31
0.28
0.25
0.23
0.21
0.19
0.17
0.16
0.15
0.14
0.14
0.14
0.14
0.14
0.14
0.14
0.14
0.11
0.09
0.07
0.05
0.04
0.02
0.01
0.01
0
0
0
0
0
0
0
0
0
0
0
0
0
0
0
0
0
0
0
0
0
0
0
0
0
0
0
0
0
0
0
0
0
0
0
0
0
0
0
0
0
0
0
0
0
0
0
0
0
0
0
0
0
0
0
0
0
0
0
0
0
0
0
0
0
0
0
0
0
0
0
0
0
0
0
0
0
0
0
0
0
0
0
0
0
0
0
0
0
0
0
0
0
0
0
0
0
0
0
0
0
0
0
0
0
0
0
0
0
0
0
0
0
0
0
0
0
0
0
0
0
0
0
0
0
0
0
0
0
0
0
0
0
0
0
0
0
0
0
0
0
0
0
0
0.23
0.75
1.56
2.62
3.91
5.38
7.08
9
11.17
11.76
12.72
14.04
15.72
17.71
19.98
21.7
23.48
26.78
30.55
30.55
32.04
31.52
34.81
33.75
38.21
40.89
42.41
40.48
42.49
48.57
54.29
59.77
64.97
70.05
75.01
80.71
86.6
91.19
95.3
103.24
109.24
116.8
120.24
127.87
129.81
133.55
138.36
138.36
134.19
130.92
124.24
117.44
118.76
121.19
113.95
106.53
108.39
109.36
111.3
113.32
115.97
119.31
123.24
127.44
131.81
135.94
140.06
152.29
164.66
173.61
185.9
198.16
202.44
205.48
218.07
230.76
234.01
237.93
240.73
243.19
244.82
233.92
232.77
232.26
231.57
231.09
230.65
230.22
221.2
218.81
217.66
212.48
211
210.36
209.77
209.16
208.53
207.99
207.8
208.08
209.18
222.57
225.75
227.94
229.82
231.29
232.44
233.39
242.03
244.72
246.28
251.94
252.47
253.21
253.63
253.9
254.05
254.02
253.68
253.1
251.92
250.31
247.71
243.21
239.58
235.56
231.08
226.03
221.06
214.76
207.75
201.84
196.47
189.37
181.97
174
165.46
156.38
146.76
136.32
125.39
113.81
103.1
94.29
84.85
76.03
67.84
60.31
53.47
47.28
41.75
35.04
29.02
23.64
18.77
14.52
10.9
7.91
5.56
4.01
3.11
3.03
2.94
2.85
2.77
2.68
2.59
2.49
2.4
2.3
2.21
2.09
1.99
1.88
1.78
1.66
1.57
1.47
1.37
1.27
1.18
1.08
0.98
0.88
0.83
0.78
0.72
0.67
0.62
0.56
0.51
0.52
0.48
0.45
0.4
0.38
0.34
0.3
0.28
0.26
0.24
0.23
0.22
0.22
0.18
0.14
0.1
0.07
0.05
0.03
0.02
0.01
0
0
0
0
0
0
0
0
0
0
0
0
0
0
0
0
0
0
0
0
0
0
0
0
0
0
0
0
0
0
0
0
0
0
0
0
0
0
0
0
0
0
0
0
0
0
0
0
0
0
0
0
0
0
0
0
0
0
0
0
0
0
0
0
0
0
0
0
0
0
0
0
0
0
0
0
0
0
0
0
0
0
0
0
0
0
0
0
0
0
0
0
0
0
0
0
0
0
0
0
0
0
0
0
0
0
0
0
0
0
0
0
0
0
0
0
0
0
0
0
0
0
0
0
0
0
0
0
0
0
0
0
0
0
0
0
0
0
0
0
0
0
0.17
0.52
1.03
1.68
2.5
3.5
4.66
5.96
7.46
8.15
9.01
9.01
10.25
11.68
12.22
14.04
16.04
18.26
20.7
23.34
25.88
28.39
30.89
33.45
35.96
38.43
41
43.81
46.72
50.7
54.66
60
59.18
57.75
57.21
56.27
54.27
52.05
55.41
60.03
64.79
69.55
74.31
71.09
72.98
75.64
80.63
85.43
90.1
94.67
99.11
102.25
110.99
120.39
130.39
138.92
146.76
157.95
162.76
166.84
170.86
175.02
179.26
191.36
198.23
204.28
207.9
204.62
195.54
197.25
200.01
198.08
199.02
199.74
201.51
200.52
200.8
200.73
192.29
180.95
178.15
177.35
176.37
175.33
174.71
174.26
165.94
171.55
183.57
184.69
184.8
190.51
192.74
194.94
195.48
199.31
203.5
204.48
214.39
226.65
230.32
231.76
233.13
234.4
234.48
234.94
234.51
232.91
232.95
233.04
233.18
233.26
233.2
233.17
233.04
232.97
232.9
233.17
233.55
233.73
233.73
233.63
232.79
231.79
232.8
233.16
241.87
244.67
245.2
245.7
246.05
246.34
234.06
234.42
222.24
210.06
209.96
210.38
210.65
210.87
211.09
211.32
212.34
213.19
212.45
211.35
208.61
206.2
204.59
202.8
200.91
198.9
209.47
207.27
217.7
228.1
215.97
203.16
200.79
198.47
193.12
190.76
188.29
186.07
184.16
182.54
182.74
182.27
180.73
179.09
177.29
175.43
173.33
171.21
168.81
166.26
173.9
174.31
171.37
168.45
168.66
165.92
155.84
146.2
141.66
131.83
122.08
119.32
116.53
113.83
111.39
109.05
106.86
104.69
102.65
100.42
98.03
102.45
99.42
92
87.18
82.6
85.03
86.71
83.1
85.39
86.31
80.45
75.47
70.37
64.96
59.42
53.73
47.93
42.08
36.57
31.39
26.6
22.21
22.21
19.57
16.71
14.28
12.26
10.5
8.21
7.3
6.35
4.66
3.25
2.16
1.3
0.7
0.35
0.2
0.1
0.04
0
0
0
0
0
0
0
0
0
0
0
0
0
0
0
0
0
0
0
0
0
0
0
0
0
0
0
0
0
0
0
0
0
0
0
0
0
0
0
0
0
0
0
0
0
0
0
0
0
0
0
0
0
0
0
0
0
0
0
0
0
0
0
0
0
0
0
0
0
0
0
0
0
0
0
0
0
0
0
0
0
0
0
0
0
0
0
0
0
0
0
0
0
0
0
0
0
0
0
0
0
0
0
0
0
0
0
0
0
0
0
0
0
0
0
0
0
0
0
0
0
0
0
0
0
0
0
0
0
0
0
0
0
0
0
0
0
0.34
0.92
1.82
3.04
4.58
6.4
8.52
11.05
13.96
16.41
16.41
16.41
17.09
20.24
22.16
22.16
26.56
30.11
30.97
36.46
41.66
45.5
50.24
54.75
59.06
63.28
67.37
71.21
73.55
71.1
77.63
84.11
90.12
94.02
99.58
107.28
104.76
108.93
115.86
115.19
109.65
110.18
104.54
102.65
105.03
104.91
106.26
99.89
94.63
102.99
100.11
93.63
91.26
91.93
92.66
87.23
90.52
90.25
91.43
92.22
92.22
96.11
96.11
97.81
89.58
90.51
93.72
104.86
116.12
119.26
123.91
136.05
140.96
145.79
145.83
143.56
138.4
130.94
134.71
138.79
151.65
155.66
168.53
175.78
188.25
193.76
195.24
196.18
184.92
185.71
189.72
180.13
183.33
183.34
187.89
200.79
213.72
226.7
226.93
230.14
230.14
230.21
230.31
230.61
231.39
232.34
233.38
234.83
248.68
250.25
251.63
262.72
263.87
264.84
265.48
266
266.45
266.83
267.41
267.42
254.56
255.38
256.23
257.02
257.63
258.12
258.58
245.05
241.39
240.81
240.5
240.25
240.06
239.96
239.88
239.71
239.39
238.98
238.04
237.57
249.79
248.1
246.08
243.82
241.39
238.88
236.38
247.63
248.37
245.99
243.53
241.12
238.62
236.1
233.64
231.3
229.11
227.03
225.32
223.73
222.31
221.06
220.06
219.22
218.52
217.9
217.17
205.92
195.16
193.42
190.79
187.23
183.07
178.26
172.84
166.88
160.45
153.51
147
140.13
132.82
125
116.66
107.87
98.63
89.02
79.15
79.43
79.26
70.1
61.82
54.4
47.66
41.56
36.08
31.14
26.7
22.77
18.37
14.4
10.9
7.92
5.45
3.48
1.98
0.92
0.28
0
0
0
0
0
0
0
0
0
0
0
0
0
0
0
0
0
0
0
0
0
0
0
0
0
0
0
0
0
0
0
0
0
0
0
0
0
0
0
0
0
0
0
0
0
0
0
0
0
0
0
0
0
0
0
0
0
0
0
0
0
0
0
0
0
0
0
0
0
0
0
0
0
0
0
0
0
0
0
0
0
0
0
0
0
0
0
0
0
0
0
0
0
0
0
0
0
0
0
0
0
0
0
0
0
0
0
0
0
0
0
0
0
0
0
0
0
0
0
0
0
0
0
0
0
0
0
0
0
0
0
0
0
0
0
0
0
0
0
0
0
0
0
0
0
0
0
0
0
0
0
0
0
0
0
0
0
0
0
0
0
0
0
0
0
0
0
0
0
0
0
0
0
0
0
0
0
0
0
0
0
0
0
0
0
0
0.22
0.61
1.22
2.11
3.38
5.04
6.97
9.16
11.61
11.61
11.61
11.61
11.61
12.53
13.75
15.3
17.25
19.61
22.42
25.7
29.05
32.57
36.26
39.99
43.15
46.12
49.18
51.42
55.17
61.81
68.83
76.14
83.63
90.45
97.28
104.01
102.06
107.42
113.17
118.56
123.8
128.84
133.58
138.12
143.79
149.71
155.69
162.15
166.91
171.36
175.48
179.38
183.43
187.55
191.46
195.22
207.39
212.03
216.02
218.8
222.83
226.71
230.43
234.07
236.52
238.56
240.15
241.65
243.08
244.44
245.87
247.39
247.88
248.92
249.85
250.78
251.64
252.29
252.71
254.21
254.35
254.78
255.69
256.8
258.07
259.1
260.01
261.11
262.19
263.1
263.77
264.08
263.59
263.33
262.97
262.46
261.84
261.16
260.36
259.55
258.78
257.43
255.22
252.45
249.63
237.64
224.18
220.84
218.27
205.21
201.57
199.44
190.24
187.7
186.08
184.49
182.97
181.56
180.3
179
177.52
175.61
173.57
166.59
163.69
169.44
176.02
169.03
163.06
162.74
159.53
154.42
157.25
151.71
144.65
137
128.71
119.75
110.19
100.11
89.57
79.72
70.45
66.45
58.5
51.27
44.82
41.8
36.99
37.11
30.84
25.15
20.07
15.62
11.86
8.71
6.2
4.31
3
2.28
2.17
2.06
1.94
1.81
1.69
1.56
1.42
1.3
1.19
1.07
0.96
0.88
0.81
0.74
0.67
0.61
0.55
0.5
0.45
0.4
0.35
0.3
0.27
0.23
0.21
0.19
0.19
0.17
0.17
0.16
0.16
0.13
0.1
0.08
0.06
0.04
0.03
0.02
0.01
0
0
0
0
0
0
0
0
0
0
0
0
0
0
0
0
0
0
0
0
0
0
0
0
0
0
0
0
0
0
0
0
0
0
0
0
0
0
0
0
0
0
0
0
0
0
0
0
0
0
0
0
0
0
0
0
0
0
0
0
0
0
0
0
0
0
0
0
0
0
0
0
0
0
0
0
0
0
0
0
0
0
0
0
0
0
0
0
0
0
0
0
0
0
0
0
0
0
0
0
0
0
0
0
0
0
0
0
0
0
0
0
0
0
0
0
0
0
0
0
0
0
0
0
0
0
0
0
0
0
0
0
0
0
0
0
0
0
0
0.21
0.68
1.38
2.34
3.53
4.97
6.62
8.57
10.85
12.24
13.77
15.74
18.06
20.74
23.85
27.19
30.74
34.83
34.83
34.83
35.24
37.28
36.58
35.61
35.84
40.77
45.93
49.55
54.2
59.54
64.77
69.56
74.06
78.22
81.9
85.62
89.37
90.41
97.11
98.07
103.98
108.1
114.11
114.11
119.73
120.68
121.42
123.58
124.62
124.86
125.78
119.02
120.77
122.58
124.59
126.67
128.84
133.7
137.4
147.28
151.94
156.74
162.37
174.08
178.85
183.29
187.35
191.1
194.36
198.35
201.5
212.41
215.11
218.04
220.96
223.75
225.69
228.12
230.24
232.05
233.5
234.73
235.75
236.82
237.89
239.17
240.79
242.72
245.06
247.92
250.98
254
256.66
258.81
260.92
262.63
264.66
265.39
265.84
266.02
266.14
253.49
240.88
240.52
239.89
238.99
237.84
236.47
234.99
233.41
231.83
230.09
228.58
227.68
226.84
226.2
225.74
225.55
225.48
225.51
225.58
238.45
251.3
251.82
252.58
253.49
254.45
255.46
256.33
256.94
257.7
258.78
259.47
259.52
259.16
258.53
257.67
256.69
249.51
248.2
246.68
244.98
243.09
241.07
238.86
236.46
233.92
231.25
228.51
225.75
222.37
218.25
213.85
209.33
204.71
200.21
195.92
191.79
193.96
184.22
172.9
161.73
152.91
142
139.57
137.22
134.92
132.67
130.52
128.48
126.8
125.62
124.46
123.28
122.18
114.7
112.69
110.16
107.06
109.6
113.31
118.21
120.2
123.76
118.42
112.69
106.58
100.09
93.17
85.84
78.16
70.2
62.65
55.47
48.56
48.19
42.35
37.03
32.25
27.9
24.18
19.29
15.08
11.52
8.5
5.95
3.84
2.21
1.05
0.32
0
0
0
0
0
0
0
0
0
0
0
0
0
0
0
0
0
0
0
0
0
0
0
0
0
0
0
0
0
0
0
0
0
0
0
0
0
0
0
0
0
0
0
0
0
0
0
0
0
0
0
0
0
0
0
0
0
0
0
0
0
0
0
0
0
0
0
0
0
0
0
0
0
0
0
0
0
0
0
0
0
0
0
0
0
0
0
0
0
0
0
0
0
0
0
0
0
0
0
0
0
0
0
0
0
0
0
0
0
0
0
0
0
0
0
0
0
0
0
0
0
0
0
0
0
0
0
0
0
0
0
0
0
0
0
0
0
0
0
0
0
0
0
0
0
0
0
0
0
0
0
0
0
0
0
0
0
0
0
0
0
0
0
0
0
0
0
0
0
0
0
0
0
0
0
0
0.03
0.1
0.47
1.02
1.82
2.92
4.25
5.85
7.8
9.79
12.14
12.14
13.27
14.86
16.92
19.12
21.88
25.16
28.97
33.27
38.09
43.46
48.91
54.55
60.32
66.15
72.16
78.31
76.37
74.37
80.79
89.81
97.84
105.52
112.9
120.37
127.49
134.26
140.47
146.15
151.36
155.86
160.3
164.84
169.46
173.99
178.08
181.7
192.94
202.45
204.46
207.06
209.75
212.52
215.29
217.97
219.98
222.75
226.01
229.67
233.22
237.03
240.19
242.55
244.33
246.12
248.29
250.73
253.63
258.37
260.1
252.43
252.65
254.95
257.08
259.04
261.36
262.58
263.11
263.15
262.55
262.66
263.06
263.92
264.81
251.56
250.5
249.9
248.84
247.58
247.92
256.77
257.47
255.91
254.2
252.37
249.53
247.6
245.89
244.29
243.36
241.56
239.91
238.35
234.91
247.7
248.11
248.07
248.18
248.4
248.71
249.03
249.32
249.56
249.95
250.45
252.11
252.97
253.7
254.21
254.53
254.81
254.94
254.73
256.29
255.28
254.02
252.45
250.78
248.99
247.13
245.22
243.24
240.99
238.01
234.44
230.18
225.34
219.92
214.24
208.26
201.76
194.62
189.61
183.83
177.35
170.11
162.16
153.61
144.52
134.86
124.69
114.02
103.27
93.22
83.8
75.04
66.91
59.51
52.59
46.16
40.33
35.17
28
21.79
16.5
12.06
8.39
5.42
3.11
1.45
0.42
0
0
0
0
0
0
0
0
0
0
0
0
0
0
0
0
0
0
0
0
0
0
0
0
0
0
0
0
0
0
0
0
0
0
0
0
0
0
0
0
0
0
0
0
0
0
0
0
0
0
0
0
0
0
0
0
0
0
0
0
0
0
0
0
0
0
0
0
0
0
0
0
0
0
0
0
0
0
0
0
0
0
0
0
0
0
0
0
0
0
0
0
0
0
0
0
0
0
0
0
0
0
0
0
0
0
0
0
0
0
0
0
0
0
0
0
0
0
0
0
0
0
0
0
0
0
0
0
0
0
0
0
0
0
0
0
0
0
0
0
0
0
0
0
0
0
0
0
0
0
0
0
0
0
0
0
0
0
0
0
0
0
0
0
0
0
0
0
0
0
0
0
0
0
0
0
0
0.36
1.14
2.33
3.91
5.84
8.08
10.46
13.07
15.87
15.87
17.65
18.12
19.67
22.42
22.42
25.87
25.87
25.87
30.16
34.74
39.07
42.68
46.17
49.6
53.03
56.44
60.07
63.73
62.47
62.47
60.7
66.56
70.93
74.74
81.44
84.8
91.73
98.94
102.2
105.4
108.43
112.05
115.18
117.73
119.8
121.51
122.9
124.17
130.27
136.75
140.68
142.08
144.58
146.46
148.32
150.22
152.2
153.99
155.08
156.69
158.51
158.94
157.11
159.93
163.18
166.76
170.47
174.27
178.13
183.13
190.62
194.31
197.42
200.69
204.2
207.73
211.3
214.98
219.22
221.64
225.22
230.11
232.96
222.58
225.37
227.74
229.82
231.6
233.21
234.97
236.91
238.93
240.77
242.46
243.5
244.2
244.43
244.21
243.88
244.86
244.55
243.91
247.62
260.09
258.96
257.97
257.07
256.22
255.28
254.17
252.94
251.48
249.99
248.41
247.07
245.83
244.77
243.77
242.37
240.44
238.33
236.31
234.4
232.61
230.98
229.37
227.83
226.38
225.04
223.8
222.53
221.34
220.17
218.83
217.29
215.72
214.16
212.83
211.72
210.81
210.05
209.32
208.69
207.92
207.05
206.13
205.08
203.78
202.22
200.39
198.33
196.07
193.43
190.7
187.69
184.3
180.51
176.19
171.54
166.55
160.84
156.46
151.32
145.65
139.5
132.82
125.68
118.3
110.78
103.17
95.54
87.87
80.67
73.8
67.42
61.43
55.83
50.64
45.82
41.39
37.61
32.45
27.95
23.99
20.91
18.33
16.22
14.48
13.04
11.85
10.87
10.14
9.35
8.54
7.7
6.94
6.24
5.6
5.03
4.52
4.07
3.66
3.31
3.04
2.43
1.9
1.43
1.04
0.72
0.46
0.27
0.13
0.04
0
0
0
0
0
0
0
0
0
0
0
0
0
0
0
0
0
0
0
0
0
0
0
0
0
0
0
0
0
0
0
0
0
0
0
0
0
0
0
0
0
0
0
0
0
0
0
0
0
0
0
0
0
0
0
0
0
0
0
0
0
0
0
0
0
0
0
0
0
0
0
0
0
0
0
0
0
0
0
0
0
0
0
0
0
0
0
0
0
0
0
0
0
0
0
0
0
0
0
0
0
0
0
0
0
0
0
0
0
0
0
0
0
0
0
0
0
0
0
0
0
0
0
0
0
0
0
0
0
0
0
0
0
0
0
0
0
0
0
0
0
0
0
0
0
0
0
0
0
0
0
0
0
0.02
0.06
0.12
0.22
0.35
0.51
0.7
0.92
1.16
1.18
1.18
1.18
1.18
1.18
1.2
1.42
1.68
1.99
2.33
2.71
2.69
3.1
3.42
3.32
3.81
4.86
6.4
7.96
8.75
11.51
14.91
18.68
21.97
21.97
24.63
27.44
28.86
28.55
30.89
30.51
30.51
34.88
40.32
46.67
52.5
57.79
62.73
67.95
74.1
78.74
82.74
86.33
90.49
98.1
103.33
108.57
115.58
124.73
131.63
141.55
151.71
157.19
161.85
166.39
171.25
176.56
182.11
187.67
193.38
198.94
204.64
210.38
215.25
220.52
225.28
229.62
233.56
237.08
240.27
243.26
246.11
248.86
251.41
252.59
254.07
255.07
255.72
255.97
255.77
255.47
255.16
254.95
255.68
255.91
256.44
257.1
257.71
256.06
256.3
256.25
256.06
255.79
255.96
257.56
258.5
259.14
259.68
260.33
261.16
262.13
263.07
263.99
264.83
265.61
256.75
243.48
243.8
246.17
246.37
246.53
246.58
246.5
245.65
243.85
241.7
239.94
238.13
236.11
233.92
231.5
228.96
226.3
223.5
220.5
226.95
237.75
234.96
232.41
230.04
227.87
225.86
223.98
222.6
221.73
220.75
219.35
217.94
216.64
215.45
214.26
212.85
211.14
209.26
207.56
206.09
204.67
203.15
201.47
199.71
197.08
194.48
183.65
179.26
174.29
169.82
165.13
159.76
153.72
147.04
142.62
138.01
133.37
128.51
123.14
117.04
110.43
103.45
96.07
88.33
81.14
73.92
74.95
69.39
64.2
58.92
54.13
50.04
46.55
43.64
38.48
33.67
29.15
25
21.3
18.12
15.97
14.24
12.94
12.01
11.32
10.56
9.74
8.9
8.17
7.39
6.58
5.86
5.23
4.68
4.23
3.86
3.58
3.38
3.26
3.21
2.61
2.06
1.59
1.18
0.84
0.56
0.34
0.17
0.06
0
0
0
0
0
0
0
0
0
0
0
0
0
0
0
0
0
0
0
0
0
0
0
0
0
0
0
0
0
0
0
0
0
0
0
0
0
0
0
0
0
0
0
0
0
0
0
0
0
0
0
0
0
0
0
0
0
0
0
0
0
0
0
0
0
0
0
0
0
0
0
0
0
0
0
0
0
0
0
0
0
0
0
0
0
0
0
0
0
0
0
0
0
0
0
0
0
0
0
0
0
0
0
0
0
0
0
0
0
0
0
0
0
0
0
0
0
0
0
0
0
0.17
0.54
1.12
1.87
2.79
3.85
5.06
6.44
8.09
8.09
8.09
8.09
8.26
8.69
8.93
10
10.81
12.42
14.35
15.57
17.83
21.16
24.51
27.88
31.22
34.59
37.7
40.71
43.63
48.17
52.91
57.71
62.45
65.24
65
63.94
66.19
68.05
73.21
71.99
75.74
72.03
74.73
78.65
82.77
86.96
91.53
96.21
100.77
105.61
110.33
114.87
119.49
125.74
135.19
144.63
151.04
156.61
159.1
159.1
156.31
166.46
169.56
171.74
173.57
175.21
176.63
167.54
165.42
166.59
167.7
169.09
170.46
171.97
173.64
175.47
177.33
177.22
177.79
188.6
195.95
196.29
196.96
197.37
198.02
198.75
199.62
210.97
215.59
216.97
215.69
217.22
218
219.44
220.86
222.19
223.47
227.25
229.98
232.42
235.38
239.02
243.15
247.02
250.7
254.25
257.54
260.6
263.32
251.41
256.15
252.77
254.05
255.24
256.11
256.77
257.29
257.64
257.8
257.5
256.29
254.26
251.43
248.41
245.59
243.04
240.77
238.72
236.82
249.38
247.99
251.82
251.66
250.87
250.3
249.82
242.8
242.43
241.89
241.3
241.18
241.52
242.32
243.44
244.38
245.04
245.48
245.66
245.68
245.5
245.13
244.65
244.07
243.44
242.69
241.76
247.27
246.06
244.89
243.71
242.39
240.76
238.93
236.82
234.31
231.07
227.16
222.96
218.78
214.68
210.77
206.93
203.03
199.08
194.99
191.21
187.64
184.07
180.59
177.25
174.02
170.82
167.52
164.08
160.55
157.38
154.61
151.93
148.66
144.8
140.2
135
128.74
124.33
119.61
114.53
109.18
103.73
98.04
92.06
85.82
79.52
73.28
67.14
61.32
55.87
50.68
45.78
41.5
37.8
34.73
32.14
30.67
27.45
24.73
22.29
20.07
18.02
16.21
14.62
13.06
11.92
10.81
9.91
9.14
8.85
8.52
8.14
7.71
7.24
6.73
6.29
5.79
5.28
4.75
4.21
3.73
3.31
2.96
2.67
2.67
2.5
2.5
2.47
2.45
1.96
1.53
1.15
0.84
0.59
0.39
0.24
0.12
0.04
0
0
0
0
0
0
0
0
0
0
0
0
0
0
0
0
0
0
0
0
0
0
0
0
0
0
0
0
0
0
0
0
0
0
0
0
0
0
0
0
0
0
0
0
0
0
0
0
0
0
0
0
0
0
0
0
0
0
0
0
0
0
0
0
0
0
0
0
0
0
0
0
0
0
0
0
0
0
0
0
0
0
0
0
0
0
0
0
0
0
0
0
0
0
0
0
0
0
0
0
0
0
0
0
0
0
0
0
0
0
0
0
0
0
0
0
0
0
0
0
0
0
0
0
0
0
0
0
0
0
0
0
0
0
0
0
0
0
0
0
0
0
0
0
0.03
0.45
1.36
2.7
4.46
7
10.1
13.82
18.17
22.95
22.95
22.95
27.88
33.3
33.3
33.3
40.25
40.25
46.4
54.41
61.38
63.6
67.52
73.19
76.86
74.32
71.23
75.76
80.38
84.58
90.13
98.25
93.32
95.75
97.87
99.79
101.76
108.13
110.87
111.57
113.1
118.9
122.58
124.18
127.24
135.63
141.72
141.6
140.84
139.93
142.48
142.53
150.83
151.27
156.46
158.99
158.07
159.61
158.63
158.23
158.43
159.09
159.99
161.05
158.78
160.73
157.76
160.31
162.96
165.99
169.17
172.35
175.4
178.57
180.7
187.4
191.48
195.89
200.55
204.72
208.54
211.99
215.07
217.87
224.21
226.42
235.95
237.23
238.25
239.65
240.79
241.78
242.75
243.51
246.21
247.19
247.23
247.32
247.25
247.33
247.2
246.91
246.57
246.17
245.59
245.06
244.43
244.47
244.58
244.03
243.67
243.39
243.07
242.83
242.67
242.52
242.57
242.19
241.62
240.8
240
239.32
238.66
237.99
237.22
236.29
235.24
234.1
232.89
231.48
229.81
228.04
226.32
224.55
222.65
220.55
217.87
215
211.91
208.68
205.33
201.65
197.91
194.22
190.64
187.14
183.73
180.19
176.48
173.02
169.68
166.37
162.94
159.43
155.84
151.98
148.04
142.39
138.1
133.68
128.97
124.21
119.1
111.41
107.85
103.82
99.33
94.72
90.02
84.93
79.41
73.49
67.3
60.89
54.4
48.37
42.83
39.32
34.78
30.69
27.12
23.98
21.33
21.33
17.25
13.69
10.62
7.91
5.53
3.55
2.01
0.94
0.28
0
0
0
0
0
0
0
0
0
0
0
0
0
0
0
0
0
0
0
0
0
0
0
0
0
0
0
0
0
0
0
0
0
0
0
0
0
0
0
0
0
0
0
0
0
0
0
0
0
0
0
0
0
0
0
0
0
0
0
0
0
0
0
0
0
0
0
0
0
0
0
0
0
0
0
0
0
0
0
0
0
0
0
0
0
0
0
0
0
0
0
0
0
0
0
0
0
0
0
0
0
0
0
0
0
0
0
0
0
0
0
0
0
0
0
0
0
0
0
0
0
0
0
0
0
0
0
0
0
0
0
0
0
0
0
0
0
0
0
0
0
0
0
0
0
0
0
0
0
0
0
0
0
0
0
0
0
0
0
0
0
0
0
0
0
0
0
0
0
0
0
0
0
0
0
0.21
0.69
1.49
2.67
4.21
6.1
8.32
10.89
13.84
15.21
17.01
19.19
21.5
24.19
27.31
30.56
34.28
38.47
43.15
48.4
53.83
59.33
64.83
70.26
75.52
80.56
85.46
90.17
94.59
100.7
106.52
112.04
109.74
114.96
119.9
122.5
127.2
131.42
135.19
138.54
139.19
142.05
144.76
147.51
150.46
153.79
157.19
153.14
156.83
160.49
164.06
167.78
179.55
183.69
187.85
194.33
197.69
202.05
206.02
210.07
217.43
222.43
227.88
233.3
238.47
243.06
247.51
259.39
263.51
267.78
272.19
276.43
280.17
270.78
265.81
268.27
271.86
274.35
276.96
279.13
280.03
280.81
280.64
279.88
278.81
277.83
276.6
275.1
273.54
271.72
269.75
267.74
266.03
277.23
283.78
282.71
280.97
279.23
277.72
276.41
275.64
274.76
274.15
273.68
273.14
272.31
271.43
270.79
269.98
269.01
267.94
266.8
265.64
263.9
262.16
260.45
258.93
257.57
256.23
254.87
252.8
250.53
248.12
245.83
243.9
242.39
240.91
239.09
237.38
235.81
234.21
232.51
230.61
229.27
227.93
226.52
224.84
222.85
220.57
218.24
216.33
214.36
212.12
209.35
205.91
201.38
197.45
193.61
189.31
184.49
179.23
173.6
164.77
158.16
151.1
143.7
136.07
130.57
124.93
118.88
112.35
105.68
99.18
93
87.05
81.68
75.49
69.2
63.26
57.9
53.09
48.79
46.87
43.56
40.7
38.22
36.05
31.87
28.04
24.62
21.62
19
16.46
14.17
12.8
11.75
10.98
10.41
9.91
9.34
8.7
7.98
8.08
7.28
6.47
5.75
5.14
4.62
4.2
3.85
3.57
3.37
3.37
3.36
2.73
2.17
1.67
1.23
0.86
0.55
0.31
0.15
0.05
0
0
0
0
0
0
0
0
0
0
0
0
0
0
0
0
0
0
0
0
0
0
0
0
0
0
0
0
0
0
0
0
0
0
0
0
0
0
0
0
0
0
0
0
0
0
0
0
0
0
0
0
0
0
0
0
0
0
0
0
0
0
0
0
0
0
0
0
0
0
0
0
0
0
0
0
0
0
0
0
0
0
0
0
0
0
0
0
0
0
0
0
0
0
0
0
0
0
0
0
0
0
0
0
0
0
0
0
0
0
0
0
0
0
0
0
0
0
0
0
0
0
0
0
0
0
0.18
0.54
1.04
1.73
2.67
3.85
5.31
7.08
9.12
9.12
9.12
9.86
10.94
12.3
14.16
16.35
18.98
18.98
18.98
21.48
24.91
24.56
27.6
30.64
29.71
32.76
35.59
38.27
37.76
38.72
44.12
43.38
46.09
50.64
54.61
58.35
61.71
67.78
74.24
78.68
82.34
85.45
88.92
90.65
95.85
99.63
103.7
107.75
112.45
119.16
122.36
131.19
136.56
140.2
144.33
148.72
153.3
157.94
162.24
166.06
169.61
177.5
181.62
187.52
193.9
197.55
200.9
203.9
209.03
212.7
215.62
218.16
220.14
221.59
222.88
212.56
205.75
207.02
208.38
209.82
211.23
210.8
212.08
213.15
213.94
214.57
215.05
216.02
217.46
219.11
220.53
222.04
223.98
226.38
228.46
241.84
251.45
252.81
254.11
255.34
256.46
259.16
259.88
260.5
261.1
261.83
262.77
263.36
263.52
263.29
263.01
261.51
261.28
259.85
259.27
258.39
257.3
256.02
253.27
239.85
238.41
236.99
235.64
234.46
233.45
232.44
231.34
230.29
229.3
228.49
227.74
228.56
227.94
228.26
227.65
227.16
226.82
226.67
227.89
239.65
239.32
238.94
238.4
237.64
236.56
235.26
233.81
232.37
230.96
229.51
228.05
226.05
223.63
220.78
218.05
215.47
213.02
210.61
208.03
205.48
203.07
200.79
198.92
196.83
194.71
192.74
190.81
188.64
186.22
183.7
181.06
178.41
175.96
173.56
170.78
167.62
163.97
159.92
155.67
151.05
145.36
139.84
130.61
124.38
117.9
110.92
103.53
98.37
93.12
87.65
81.95
75.52
70.12
64.79
59.53
54.2
48.95
43.82
39.03
34.64
31.26
27.64
27.49
24.7
22.41
20.65
19.39
16.15
13.25
10.75
8.63
7.5
5.56
3.84
2.48
1.54
0.93
0.61
0.36
0.16
0.05
0
0
0
0
0
0
0
0
0
0
0
0
0
0
0
0
0
0
0
0
0
0
0
0
0
0
0
0
0
0
0
0
0
0
0
0
0
0
0
0
0
0
0
0
0
0
0
0
0
0
0
0
0
0
0
0
0
0
0
0
0
0
0
0
0
0
0
0
0
0
0
0
0
0
0
0
0
0
0
0
0
0
0
0
0
0
0
0
0
0
0
0
0
0
0
0
0
0
0
0
0
0
0
0
0
0
0
0
0
0
0
0
0
0
0
0
0
0
0
0
0
0
0
0
0
0
0
0
0
0
0
0
0
0
0
0
0
0
0
0
0
0
0
0
0
0
0
0
0
0
0
0
0
0
0
0
0
0
0
0
0
0
0
0
0
0
0
0
0
0
0
0
0
0
0
0
0.13
0.52
1.18
2.1
3.32
4.86
6.72
8.86
11.3
11.3
11.47
11.95
12.78
14
15.63
17.76
20.42
23.64
26.98
30.89
35.01
39.03
42.97
46.79
50.46
54
57.44
60.9
64.35
69.09
75.51
82.15
84.82
90.9
89.27
95.13
92.46
89.24
85.91
89.47
92.49
96.16
99.77
100.28
104.27
108.27
112.31
116.24
120.26
125.84
129.79
133.35
140.65
144.19
155.3
158.72
170.32
182.28
194.55
199.62
205.14
210.27
215.41
223.59
228.07
232.27
236.43
240.69
244.62
248.12
251.27
254.05
256.7
259.26
261.55
263.55
265.28
266.6
267.45
267.85
267.77
267.15
266.29
265.25
264.16
263.46
262.44
261.02
259.27
257.41
255.48
253.68
248.41
246.48
244.43
242.29
240.17
238.12
236.13
234.31
232.64
230.97
229.43
227.97
226.62
225
223.66
222.81
222.11
221.49
220.97
220.36
223.11
222.38
221.77
221.25
220.71
220.03
219.31
218.51
217.74
217.22
216.58
215.68
214.21
211.82
208.27
203.43
197.92
191.81
185.28
178.5
171.41
166.89
161.88
156.31
150.23
143.87
137.15
130.04
122.39
114.12
105.47
96.8
88.64
81.32
74.91
69.36
64.52
60.29
56.51
53.11
50.12
44.66
39.67
35.18
31.18
27.52
24.33
21.61
19.43
17.75
16.5
15.38
14.18
12.94
11.76
10.65
9.59
8.6
7.67
6.8
6.42
6.03
5.64
5.28
4.94
4.65
4.33
3.98
3.6
3.2
2.79
2.56
2.45
2.45
2.45
2.44
2.44
2.44
2.44
2.44
1.98
1.59
1.24
0.93
0.66
0.44
0.25
0.12
0.04
0
0
0
0
0
0
0
0
0
0
0
0
0
0
0
0
0
0
0
0
0
0
0
0
0
0
0
0
0
0
0
0
0
0
0
0
0
0
0
0
0
0
0
0
0
0
0
0
0
0
0
0
0
0
0
0
0
0
0
0
0
0
0
0
0
0
0
0
0
0
0
0
0
0
0
0
0
0
0
0
0
0
0
0
0
0
0
0
0
0
0
0
0
0
0
0
0
0
0
0
0
0
0
0
0
0
0
0
0
0
0
0
0
0
0
0
0
0
0
0
0
0
0
0
0
0
0
0
0
0
0
0
0
0
0
0
0
0
0
0
0
0
0
0
0
0
0
0
0
0
0
0
0
0
0.32
1
1.98
3.16
4.55
6.17
8.03
10.09
12.33
12.33
12.44
12.94
13.93
15.51
17.6
20.25
23.45
27.09
31.22
35.82
35.5
34.82
33.84
32.66
36.37
35.74
39.74
44.02
48.61
55.76
63.11
70.3
76.61
82.02
87.9
93.27
98.22
103.03
107.64
112.07
121.3
130.74
140.49
150.52
155.64
165.01
164.15
165.94
165.68
169.05
172.31
175.6
168.3
169.04
169.31
161.28
164.36
167.23
169.8
171
168.58
159.13
151.31
152.32
148.16
137.79
144.35
147.75
152.69
153.68
153.49
151.22
163.78
169.01
174.14
187.83
190.39
192.75
195.04
198.2
204.79
218.18
229.79
230.03
237.26
250.36
251.82
253.27
254.59
255.75
257.76
261.79
261.91
261.54
260.6
259.22
257.72
256.38
255.22
254.44
253.83
253.36
252.84
254.74
254.7
254.85
255.02
255.12
255.07
254.81
254.8
254.4
254.15
253.92
253.59
253.12
252.42
251.64
250.5
249.01
247.23
245.32
243.31
241.04
238.71
236.24
233.79
231.42
229.49
228.18
226.44
224.52
222.32
220.13
218.22
216.68
215.49
214.41
213.49
212.5
211.39
210.03
208.45
206.65
204.77
202.95
201.05
198.98
196.62
193.84
191.33
189.11
186.74
184.04
181
177.62
174
170.16
166.44
163.24
160.5
158.13
155.81
153.3
150.28
146.76
142.91
138.85
134.44
129.72
124.62
119.08
116.08
113.57
110.9
107.94
104.61
100.91
96.72
91.51
85.36
78.48
71.43
64.83
58.83
53.37
48.39
43.82
39.74
36.13
32.96
30.29
25.42
20.48
16
12.04
8.59
5.64
3.19
1.47
0.45
0.05
0
0
0
0
0
0
0
0
0
0
0
0
0
0
0
0
0
0
0
0
0
0
0
0
0
0
0
0
0
0
0
0
0
0
0
0
0
0
0
0
0
0
0
0
0
0
0
0
0
0
0
0
0
0
0
0
0
0
0
0
0
0
0
0
0
0
0
0
0
0
0
0
0
0
0
0
0
0
0
0
0
0
0
0
0
0
0
0
0
0
0
0
0
0
0
0
0
0
0
0
0
0
0
0
0
0
0
0
0
0
0
0
0
0
0
0
0
0
0
0
0
0
0
0
0
0
0
0
0
0
0
0
0
0
0
0
0
0
0
0
0
0
0
0
0
0
0
0
0
0
0
0
0
0
0
0
0.02
0.07
0.15
0.25
0.39
0.57
0.77
1.01
1.29
1.29
1.29
1.44
1.96
2.79
3.96
5.4
5.4
6.85
9.83
13.55
17.7
20.66
23.88
23.77
27.66
30.68
35.19
39.72
44.71
50.41
56.54
62.96
69.15
72.97
78.24
79.99
79.99
85.65
89.55
92.39
94.77
98.25
101.6
105.27
108.06
109.26
111.74
113.47
115.59
117.25
118.53
113.08
113.76
116.67
117.99
122.8
131.05
132.36
130.98
124.43
120.15
116.73
119.48
125.33
128.26
133.98
137.25
141.24
144.46
148.03
151.86
162.31
166.74
171.16
175.62
178.29
182.58
186.87
194.4
207.5
218.19
227.95
227.49
230.91
234.45
237.86
241.05
244.58
248.26
251.63
254.66
257.33
259.7
261.9
251.17
254.4
255.66
256.73
257.49
258.22
259.23
260.44
265.89
267.63
268.95
269.8
270.18
269.86
269.07
268.07
267.02
265.91
264.81
262.42
274.02
273.17
272.34
271.44
270.44
269.36
267.99
266.47
264.51
262.25
260.02
258.1
256.52
255.19
254.07
253.11
252.11
251.01
249.84
249.94
248.7
247.44
246.14
244.58
242.86
241.03
239.17
237.31
235.31
232.82
229.96
226.82
223.6
220.43
217.18
213.68
209.61
205.24
200.36
194.86
188.68
181.91
174.72
167.57
160.25
155.15
149.7
143.83
137.54
131.18
124.67
117.74
110.18
101.96
93.36
84.53
76.39
68.73
61.68
55.31
49.64
44.62
40.14
35.97
32.21
26.41
21.09
16.32
12.17
8.61
5.59
3.22
1.55
0.55
0.05
0.03
0.01
0
0
0
0
0
0
0
0
0
0
0
0
0
0
0
0
0
0
0
0
0
0
0
0
0
0
0
0
0
0
0
0
0
0
0
0
0
0
0
0
0
0
0
0
0
0
0
0
0
0
0
0
0
0
0
0
0
0
0
0
0
0
0
0
0
0
0
0
0
0
0
0
0
0
0
0
0
0
0
0
0
0
0
0
0
0
0
0
0
0
0
0
0
0
0
0
0
0
0
0
0
0
0
0
0
0
0
0
0
0
0
0
0
0
0
0
0
0
0
0
0
0
0
0
0
0
0
0
0
0
0
0
0
0
0
0
0
0
0
0
0
0
0
0
0
0
0
0
0
0
0
0
0
0
0
0
0
0
0
0
0
0
0
0
0
0
0
0
0
0
0
0
0
0
0
0
0
0
0
0
0
0
0
0
0
0
0
0
0
0
0
0
0
0
0.03
0.09
0.46
1.12
2.08
3.33
4.88
6.82
9.12
11.42
14.15
15.13
16.51
18.29
19.94
22.58
25.73
29.41
33.55
38.16
43.13
43.07
47.83
47.16
51.65
56.56
61.24
65.65
69.83
73.99
77.75
77.48
83.01
86.89
92.46
97.2
101.58
101.05
99.41
102.55
105.59
113.76
117.15
125.91
129.41
132.52
135.66
139.22
143.35
147.3
152.99
164.67
170.31
177.43
183.3
189.22
194.88
204.88
215.66
221.48
227.12
232.76
238.07
243.24
248.4
246.48
251.74
256.57
260.45
264.21
265.93
267.35
268.57
269.49
269.96
270.02
270.45
270.98
271.43
271.57
270.16
270.02
269.87
269.47
268.72
261.37
259.67
257.55
255.67
254.23
253.29
252.57
251.98
251.44
251.07
250.97
250.55
250.02
249.33
248.71
249.43
248.65
247.79
246.99
246.3
258.94
258.59
258.51
258.33
257.99
257.42
256.66
255.82
255.01
254.14
253.18
252.31
251.47
250.71
249.87
248.93
247.93
246.96
246.06
245.26
244.45
243.63
242.85
241.81
240.44
238.58
236.8
235.03
233.28
231.61
229.81
227.82
225.72
223.56
221.38
219.37
217.48
215.57
213.55
211.32
208.84
206.19
203.4
200.74
198.27
196.17
193.45
190.25
186.45
182.17
177.69
172.88
167.72
162.12
156.08
148.7
140.89
132.73
122.91
113.27
107.27
101.15
94.84
88.4
81.38
74.49
67.91
61.53
55.52
49.69
43.96
38.69
33.86
29.51
25.61
23.01
20.83
19.09
19.09
19.63
16.77
14.21
11.96
10
8.72
7.42
6.33
5.45
4.7
4.17
3.86
3.6
3.39
3.22
3.11
3.03
3
3
3
2.46
1.97
1.52
1.14
0.81
0.53
0.31
0.15
0.05
0
0
0
0
0
0
0
0
0
0
0
0
0
0
0
0
0
0
0
0
0
0
0
0
0
0
0
0
0
0
0
0
0
0
0
0
0
0
0
0
0
0
0
0
0
0
0
0
0
0
0
0
0
0
0
0
0
0
0
0
0
0
0
0
0
0
0
0
0
0
0
0
0
0
0
0
0
0
0
0
0
0
0
0
0
0
0
0
0
0
0
0
0
0
0
0
0
0
0
0
0
0
0
0
0
0
0
0
0
0
0
0
0
0
0
0
0
0
0
0
0
0
0
0
0
0
0
0
0
0
0
0
0
0
0
0
0
0
0.27
0.84
1.77
3.06
4.76
6.85
9.28
12.02
15.15
15.15
15.7
18.61
21.92
25.34
29.14
33.29
33.72
33.72
39.06
44.87
50.65
54.32
59.34
64.13
66.06
70.44
74.74
79.04
83.17
90.48
97.22
101.62
105.86
110.11
114.11
117.84
125.4
133.53
135.92
138.49
140.93
145.37
148.35
151.44
157.55
160.58
153.85
154.4
157.26
160.36
163.67
166.94
169.99
173.09
176.43
178.24
170.24
173.42
177.87
180.09
184.15
187.89
191.32
194.58
197
199.17
210.46
214.25
215.58
216.62
217.84
219.6
221.55
223.31
223.5
222.3
234.68
232.44
232.62
234.29
233.99
233.43
233.06
233.21
233.55
234.72
236.54
238.31
240.44
242.66
244.25
245.02
245.47
245.82
247.39
251.74
252.22
255.98
256.4
256.82
257.14
256.93
257.3
256.97
256.61
255.8
254.66
253.83
252.68
251.45
250.57
250
249.58
249.34
249.19
249.07
248.99
248.98
249.07
249.25
249.61
250.96
251.59
252.32
253.16
254.27
255.65
256.5
256.93
257.13
257
256.73
256.17
255.33
254.29
253.09
251.6
249.91
248.03
245.93
243.56
240.98
238.25
235.41
232.38
228.57
224.12
219.47
214.85
210.41
206.26
202.32
198.73
195.41
192.2
189.16
186.3
183.52
180.68
177.89
175.21
172.6
170.07
167.58
165.23
163.45
162.05
160.93
159.92
158.6
156.86
154.71
152.11
148.81
144.95
139.67
133.94
127.85
121.58
115.07
108.26
101.1
97.01
92.61
87.85
82.69
77.22
71.45
65.53
59.6
53.71
47.86
42.04
36.85
32.23
29.03
26.32
24.07
22.21
20.72
19.65
19
15.34
12.11
9.29
6.88
4.86
3.22
1.91
0.95
0.32
0
0
0
0
0
0
0
0
0
0
0
0
0
0
0
0
0
0
0
0
0
0
0
0
0
0
0
0
0
0
0
0
0
0
0
0
0
0
0
0
0
0
0
0
0
0
0
0
0
0
0
0
0
0
0
0
0
0
0
0
0
0
0
0
0
0
0
0
0
0
0
0
0
0
0
0
0
0
0
0
0
0
0
0
0
0
0
0
0
0
0
0
0
0
0
0
0
0
0
0
0
0
0
0
0
0
0
0
0
0
0
0
0
0
0
0
0
0
0
0
0
0
0
0
0
0
0
0
0
0
0
0
0
0
0
0
0
0
0
0
0
0
0.43
1.18
2.22
3.77
5.75
8
10.55
13.26
16.09
16.09
16.09
17.69
19.6
21.76
24.21
26.97
30
33.39
33.39
36.51
40.35
44.06
47.62
50.55
53
55.36
57.29
59.47
61.86
67.44
73.43
78.04
82.62
87.32
91.73
96.15
100.69
105.15
113.23
114.21
115.5
116.15
119.97
124.17
128.71
133.35
138.28
142.97
147.63
144.95
148.66
152.81
156.78
160.39
163.5
166.89
167.75
170.78
168.39
175.59
171.34
175.9
179.2
183.11
186.97
190.48
194.03
197.63
200.92
211.3
215.24
218.76
222.31
225.82
229.62
232.72
237.92
240.73
248.46
250.14
261.46
264.44
254.14
247.79
246.8
247.21
247.37
246.19
233.02
224.59
218.79
218.49
218.14
218.01
218.43
218.99
219.58
220
220.86
222.49
224.62
226.55
239.32
247
248.9
249.22
249.51
251.16
265.06
273.92
279.62
279.38
278.96
278.28
277.19
275.98
274.75
273.54
272.07
270.22
268.18
266.39
264.98
263.76
262.53
261.36
260.42
259.05
257.25
255.58
253.97
252.53
251.14
249.76
248.5
247.34
246.24
245.28
244.34
243.37
242.26
240.87
239.23
237.61
236.1
234.76
232.99
231.15
229.33
227.44
225.72
223.81
221.75
219.58
217.21
214.62
211.9
208.88
205.92
202.96
200.16
197.64
195.3
192.96
190.48
187.84
185.4
183.11
180.41
177.41
173.95
170.29
166.48
160.31
155.85
151.06
143.2
135.11
129.19
122.91
116.11
108.75
103.07
97.07
90.98
84.52
77.77
70.67
63.86
57.92
52.01
46.28
40.66
37.55
32.81
28.53
