start_date: 1960-10-01 24:00
start_date: 2013-09-30 24:00
data_date: 1960-10-01 24:00
timestep: 1 DAY
units: cfs
scale: 1.000000
#Series Slot: ReferenceDemands.Keno to Seiad [1 cfs]
17
16.71
16.37
15.99
15.56
15.1
14.58
14.05
13.53
13
12.47
11.96
11.44
10.93
10.42
9.91
10.01
9.56
9.33
8.78
8.24
7.68
7.16
6.68
6.23
5.81
5.43
5.07
4.63
4.32
4.02
3.74
3.36
3.12
2.78
2.45
2.42
2.28
2.11
1.89
1.83
1.78
1.64
1.6
1.46
1.33
1.2
1.1
1.11
1.01
0.98
4.29
4.29
4.17
4.17
4.2
7.51
7.4
7.39
7.45
7.39
7.32
7.36
7.28
7.3
7.32
7.34
7.33
7.29
7.28
7.2
3.77
3.77
3.77
3.77
3.74
0.36
0.35
0.29
0.23
0.18
0.13
0.1
0.07
0.04
0.02
0.01
0
0
0
0
0
0.01
0.01
0
0
0
0
0
0
0
0
0
0
0
0
0.01
0.02
0.04
0.06
0.09
0.12
0.16
0.21
0.25
0.29
0.29
0.29
0.34
0.34
0.4
1.37
1.37
1.45
1.45
1.45
1.44
1.51
1.49
1.58
1.61
1.71
3.2
3.34
3.49
3.66
3.66
3.86
4.02
4.02
3.96
3.26
3.55
3.77
4.03
4.36
4.72
4.71
4.71
4.98
5.33
5.48
4.36
4.18
3.98
3.8
4.27
4.06
3.85
3.85
3.85
4.09
3.98
4.24
3.98
4.25
3.89
4.15
4.15
4.27
4.57
5.06
5.52
6.33
7.18
8.02
8.45
9.36
10.32
11.32
12.37
12.94
13.82
14.33
15.37
15.48
16.5
17.18
18.18
18.7
19.04
19.3
19.49
19.72
19.58
18.7
18.58
18.77
18.91
18.97
18.97
18.94
18.83
18.86
17.82
17.91
18.06
18.26
18.47
17.49
17.26
17.42
17.68
16.68
16.55
17.7
18.34
18.68
19.07
19.51
20
20.51
21.1
21.56
23.03
23.79
24.23
24.65
25.04
26.28
27.03
27.31
26
27.21
28.02
26.87
26.58
26.44
26.23
25.48
25.25
25.01
24.79
24.6
24.27
24.08
23.86
23.66
23.5
23.73
23.72
23.86
25.57
26.05
26.46
28.27
29
29.6
30.25
31.4
30.11
30.69
31.26
31.81
32.59
33.14
33.69
34.21
34.68
35.09
35.39
35.53
35.51
35.42
35.28
35.08
34.11
33.73
33.3
32.84
34.29
33.82
33.34
32.82
32.24
31.63
30.99
30.34
29.69
29.06
28.51
28.05
27.71
27.42
27.17
26.97
27.55
27.49
27.5
26.04
25.88
25.98
26.09
26.24
26.43
26.63
26.85
27.09
27.34
27.54
27.66
27.73
27.72
27.65
27.51
27.29
26.99
26.65
26.23
27.24
26.95
26.44
25.9
25.34
24.73
24.11
23.46
22.76
22.03
21.36
20.77
20.21
19.71
19.24
18.79
18.4
18.09
17.82
17.62
17.49
17.34
17.16
16.16
15.19
14.26
14.18
14.13
14.1
14.1
14.08
14.05
14.02
14.01
14.04
14.09
14.11
14.09
14.02
13.92
13.79
13.69
13.61
14.36
15.11
15.85
15.75
15.67
14.87
14.7
14.58
14.4
14.17
13.86
13.5
13.13
12.76
12.34
12.04
11.75
11.46
11.16
10.82
10.34
9.59
8.86
8.43
7.97
8.23
7.85
7.23
6.83
6.46
6.14
5.84
5.56
5.27
5.01
4.54
4.15
3.76
3.39
3.03
2.81
2.85
2.88
2.6
2.35
2.11
1.87
1.84
1.62
1.4
1.2
1.01
0.81
0.64
0.49
0.48
0.39
0.32
0.24
0.18
0.14
0.1
0.07
0.05
0.03
0.01
0
0
0
0
0
0
0
0
0
0
0
0
0
0
0
0
0
0
0
0
0
0
0
0
0
0
0
0
0
0
0
0
0
0
0
0
0
0
0
0
0
0
0
0
0
0
0
0
0
0
0
0
0
0
0
0
0
0
0
0
0
0
0
0
0
0
0
0
0
0
0
0
0
0
0
0
0
0
0
0
0
0
0
0
0
0
0
0
0
0
0
0
0
0
0
0
0.03
0.09
0.19
0.3
0.45
0.62
0.82
1.05
1.31
1.56
1.83
2.14
2.5
2.91
3.36
3.86
4.41
4.99
5.64
6.35
7.07
7.65
8.37
9.11
9.87
10.63
11.4
12.19
12.99
13.82
14.66
15.46
16.23
16.95
17.22
17.91
18.57
19.2
19.77
20.29
20.55
21.18
20.37
20.67
20.8
21.11
21.13
21.34
21.49
21.63
21.74
21.86
21.61
21.74
21.02
19.83
19.87
20.15
20.18
20.18
20.38
20.3
21.43
21.48
21.71
21.44
21.77
21.28
21.46
21.63
21.82
21.99
22.53
22.59
24.11
25.66
25.99
26.08
26.38
26.81
27.3
27.81
28.36
28.81
29.18
29.81
30.08
30.91
31.06
31.22
31.42
31.6
31.74
31.94
31.94
31.87
31.78
31.66
30.68
30.45
30.17
29.92
29.71
29.54
29.44
29.37
29.33
29.33
29.36
29.39
29.37
29.38
29.43
29.53
29.65
29.81
29.36
29.56
30.68
30.93
31.2
31.47
31.74
32
32.21
32.37
32.49
32.55
32.36
32.33
32.29
32.2
32.04
31.4
31.1
30.73
30.93
30.48
30
29.47
28.9
28.27
27.59
25.84
24.1
22.4
21.61
21.06
20.78
20.36
20
19.71
19.51
19.8
19.79
19.88
20.02
20.17
20.32
20.53
20.8
21.11
21.45
22.87
24.3
25.73
26.28
26.61
26.9
27.13
27.27
27.32
27.29
27.18
26.98
26.72
26.43
26.12
25.77
25.36
24.9
24.4
23.87
23.3
22.7
22.05
21.4
20.73
20.08
19.46
18.9
18.4
17.95
17.55
16.83
15.73
15.38
15.06
14.76
14.49
14.14
13.89
13.62
13.36
13.12
12.34
11.57
10.82
10.08
9.39
8.81
8.39
8.15
11.09
11.2
11.73
11.51
11.31
11.14
10.96
10.93
10.82
10.75
10.69
10.62
11.11
11.6
12.06
12.51
12.88
13.12
13.17
13.03
9.62
9.45
9.27
9.09
8.58
8.35
7.82
7.29
6.75
6.47
6.09
5.58
5.34
4.86
4.61
4.37
4.12
3.71
3.46
3.21
3.04
2.68
2.34
2.15
2.26
2.08
2.18
2.26
2.33
2.11
2
2.03
1.78
1.78
1.56
1.36
1.17
1.17
1.02
0.89
0.77
0.77
0.77
0.62
0.49
0.37
0.27
0.19
0.12
0.07
0.03
0.01
0
0
0
0
0
0
0
0
0
0
0
0
0
0
0
0
0
0
0
0
0
0
0
0
0
0
0
0
0
0
0
0
0
0
0
0
0
0
0
0.01
0.03
0.05
0.08
0.11
0.15
0.2
0.25
0.3
0.3
0.38
0.38
0.49
0.49
0.49
0.63
0.63
0.81
1.27
1.47
1.66
1.72
1.89
2.08
2.28
2.24
2.45
2.55
2.78
3.07
3.29
3.59
3.81
4.15
4.5
4.74
5.12
5.01
4.94
4.84
4.7
4.67
4.9
5.12
5.31
5.75
5.95
6.27
6.47
6.69
6.93
6.62
6.3
5.97
5.85
6.09
6.21
6.77
7.01
6.92
7.55
7.49
7.07
7.24
6.81
7.04
7.32
7.42
6.94
7.23
6.69
7.25
7.73
8.42
8.18
8.42
8.44
8.72
9
9.92
10.15
11.07
11.97
12.38
13.41
13.8
14.1
14.38
15.42
14.62
15.59
16.17
16.45
16.89
17.7
17.98
18.73
19.24
19.79
20.4
21.05
21.75
22.5
23.18
23.88
24.6
25.38
26.41
27.27
29.16
30.07
30.78
31.83
32.49
33.07
33.62
33.99
34.14
34.2
34.17
34.06
33.88
33.64
33.33
32.94
32.5
31.98
31.39
30.72
30.04
29.37
28.73
28.14
27.59
27.12
26.66
26.28
25.81
25.48
25.33
25.19
25.08
24.97
23.6
23.27
23.13
23.08
23.08
23.16
23.3
23.5
23.72
23.7
23.7
23.84
24.05
24.27
24.65
24.92
25.05
25.22
25.4
25.63
27.2
27.75
28.11
28.35
28.54
28.64
28.66
28.58
28.43
28.48
28.47
28.63
28.36
28.05
27.7
27.33
26.95
26.52
26.07
25.59
25.09
24.61
24.2
23.86
23.57
23.35
23.19
23.09
23.04
23.04
23.05
23.09
23.15
23.28
23.46
23.68
23.92
24.17
24.42
24.69
24.95
25.14
25.26
25.35
24.17
24.23
24.26
24.27
24.25
24.21
24.13
24.01
23.85
23.61
23.3
22.93
22.52
21.77
21.28
20.16
19.6
19.05
18.51
17.96
18.64
18.04
17.45
16.86
16.31
15.81
15.32
14.87
14.45
14.1
13.82
13.59
13.4
13.56
13.48
13.99
13.42
12.68
12.7
12.73
12.77
12.8
12.15
11.84
11.79
11.63
11.53
11.36
11.24
11.09
10.92
10.72
10.5
9.77
9.5
8.94
9.12
9.53
9.19
8.82
8.46
8.1
8.43
8.42
8
7.78
7.2
6.88
6.32
6.03
5.5
4.98
4.6
4.83
4.57
4.62
4.26
3.84
3.65
3.28
2.93
2.79
2.46
2.31
2.83
2.52
2.52
2.5
4.28
4.16
4.3
4.42
4.41
4.29
4.18
4.06
4.15
4.23
4.14
4.23
4.31
4.19
4.24
4.1
3.42
3.45
3.46
3.3
1.52
1.37
1.24
1.11
0.99
0.89
0.79
0.69
0.61
0.53
0.42
0.33
0.25
0.18
0.12
0.08
0.04
0.02
0.01
0
0
0
0
0
0.01
0.01
0
0
0
0
0
0
0
0
0
0
0
0
0
0
0
0
0
0
0
0
0
0
0
0
0
0
0
0
0
0
0
0
0
0
0
0
0
0
0
0
0
0
0
0
0
0
0
0
0
0
0
0
0
0
0
0
0.01
0.02
0.04
0.07
0.1
0.14
0.18
0.23
0.3
0.37
0.47
0.59
0.74
0.92
1.01
1.25
1.53
1.53
1.78
2.09
2.41
2.76
3.14
3.56
4.01
3.98
4.5
5.07
5.65
6.28
6.94
7.57
8.19
8.81
9.55
10.18
10.8
11.73
12.42
13.08
13.74
14.41
15.08
15.75
16.42
17.59
18.19
18.76
19.06
19.5
19.88
20.29
20.68
21.08
21.46
21.82
22.19
21.26
21.66
22.08
22.37
22.76
23.12
23.43
23.75
24.08
24.44
24.86
25.56
26.11
26.73
26.65
27.26
27.87
28.5
29.14
29.75
31.61
32.14
32.64
33.21
32.36
32.76
33.12
33.39
33.62
33.78
33.88
33.83
33.77
32.01
32.51
30.73
29.63
28.22
27.2
26.62
26.01
25.37
24.71
23.97
24.64
24.09
23.57
23.13
22.73
22.36
21.97
21.65
21.28
22.58
22.34
23.74
24.49
25.57
26.24
26.52
26.89
27.32
27.79
27.87
28.3
28.73
29.2
29.65
30.1
30.56
31.07
29.8
30.37
30.98
31.57
32.09
32.55
32.96
33.33
33.62
33.83
33.95
33.99
34.47
34.4
34.29
34.1
33.87
33.57
33.2
32.78
34.16
33.64
33.04
32.26
31.57
30.86
30.18
29.5
28.83
28.21
27.66
27.21
26.87
26.64
26.47
26.37
26.33
26.32
26.38
26.43
26.47
26.52
26.61
26.86
27
27.16
27.3
27.46
27.62
27.76
27
27.02
26.96
26.82
26.61
26.36
26.06
25.76
25.43
25.15
24.89
24.64
24.37
24.08
23.77
23.43
23.05
22.62
22.18
21.72
22.1
21.62
21.13
20.63
20.14
19.64
19.17
18.69
18.2
17.67
17.16
16.67
16.21
15.78
15.38
15.01
14.68
14.39
14.13
13.9
13.72
13.58
13.49
13.43
13.39
13.36
13.32
13.29
13.27
13.26
13.23
13.16
13.05
12.92
12.77
12.62
11.96
11.31
11.03
10.8
10.52
10.2
9.85
9.45
9.02
8.57
8.12
7.66
7.02
6.39
5.88
5.29
4.9
4.51
4.12
3.72
3.81
3.87
3.54
3.14
2.77
2.42
2.09
1.79
1.54
1.3
1.1
0.91
0.91
0.91
0.81
0.81
0.64
0.5
0.37
0.27
0.19
0.12
0.07
0.04
0.01
0
0
0
0
0
0
0
0
0
0
0
0
0
0
0
0
0
0
0
0
0
0
0
0
0
0
0
0
0
0
0
0
0
0
0
0
0
0
0
0
0
0
0
0
0
0
0
0
0
0.01
0.01
0.02
0.03
0.05
0.06
0.08
0.11
0.12
0.13
0.15
0.17
0.2
0.24
0.28
0.32
0.37
0.42
0.49
0.55
0.62
0.69
0.77
0.85
0.94
1.04
1.15
1.27
1.42
1.4
1.58
1.78
1.99
2.21
2.36
2.53
2.73
2.95
3.19
3.44
3.71
4
4.24
4.57
4.9
5.23
5.55
5.87
6.18
6.66
6.94
7.22
7.5
7.76
8.1
8.42
8.66
8.93
9.18
9.42
9.65
9.85
9.57
9.72
9.89
10.05
9.83
9.36
9.45
9.62
9.55
9.3
8.94
9.18
9.44
9.68
10
9.56
9.92
9.36
8.8
9.16
10.01
10.16
10.66
11.19
12.15
13.36
14.03
13.58
14.43
15.46
16.6
17.18
17.79
18.41
19.03
20.39
20.94
22.42
23.91
24.47
25.04
25.79
26.03
26.36
26.66
26.99
27.34
28.74
29.12
28.49
28.81
29.15
29.44
29.74
29.99
30.16
29.14
29.25
29.3
29.32
29.34
29.4
29.57
29.59
29.57
29.44
29.25
28.95
28.53
29.08
28.67
28.2
27.71
27.19
25.51
25.07
25.67
25.01
24.67
24.39
24.15
23.9
23.69
23.57
23.5
23.56
23.69
23.93
24.31
24.76
23.56
23.95
24.36
24.8
26.43
26.9
27.58
28.41
28.98
29.52
30.02
30.52
30.96
31.28
31.53
31.67
31.72
31.68
31.53
31.31
32.69
32.46
32.23
32
31.74
31.41
31
30.53
30.03
29.5
28.97
28.42
26.68
24.99
24.56
24.2
23.93
23.73
23.61
23.56
23.53
23.41
22.49
22.39
22.28
22.19
22.12
22.06
20.8
19.55
19.52
19.57
20.75
21.89
20.67
19.42
19.35
19.24
19.08
18.85
18.62
18.46
19.05
18.77
17.51
17.21
16.9
16.58
17.45
18.27
17.85
17.32
16.84
16.37
17.01
17.61
16.97
16.32
15.65
15.04
14.44
13.89
13.39
12.95
13.53
13.18
12.87
12.59
12.35
12.18
12.07
12.02
12.03
12.08
12.17
12.3
12.34
12.52
12.71
12.87
13.02
13.16
13.26
13.33
13.39
13.41
13.4
13.38
13.36
13.3
13.2
13.06
12.89
12.7
12.5
12.28
12.16
11.92
11.71
11.51
11.29
11.09
10.89
10.68
10.46
10.22
9.61
9.33
9.04
8.72
8.14
7.84
7.53
7
6.48
5.97
5.58
5.1
4.65
4.32
3.85
3.39
3.05
2.72
2.39
2.01
2.01
1.74
1.43
1.16
1.28
1.12
0.97
1.04
1.1
1.15
1.07
1.1
1.08
0.94
0.94
0.94
0.82
0.72
0.63
0.63
0.63
0.58
0.58
0.58
0.46
0.36
0.28
0.2
0.15
0.1
0.06
0.03
0.01
0
0
0
0
0
0
0
0
0
0
0
0
0
0
0
0
0
0
0
0
0
0
0
0
0
0
0
0
0
0
0
0
0
0
0
0
0
0
0
0
0
0
0
0
0
0
0
0
0
0
0
0
0
0
0
0
0
0
0
0
0
0
0
0
0
0
0
0
0
0.02
0.04
0.07
0.1
0.14
0.19
0.25
0.32
0.38
0.38
0.38
0.51
0.63
0.63
0.86
1.03
1.33
1.7
2.08
2.49
2.94
3.42
3.96
4.55
5.15
5.78
6.42
7.1
7.83
8.66
9.52
10.3
11.13
12.12
12.91
12.74
13.47
13.88
14.03
14.67
15.31
15.94
16.53
17.07
17.6
18.12
18.65
19.17
19.72
20.27
20.82
21.35
21.85
22.33
22.82
24.37
24.91
25.74
26.86
27.46
27.92
28.45
28.94
29.47
29.99
30.53
31.07
31.6
32.07
32.48
32.86
33.25
33.65
34.04
34.4
34.71
35
35.22
35.38
35.47
35.62
35.65
35.67
34.47
34.41
32.67
30.89
30.58
30.23
28.94
28.53
28.04
27.41
26.43
25.84
25.25
24.29
23.75
23.26
22.85
22.5
22.19
21.89
22.7
22.47
23.9
25.36
25.34
25.41
26.45
26.6
26.81
27.16
27.86
28.21
28.56
29.25
29.56
29.87
30.08
30.36
30.64
30.93
31.3
31.58
31.82
32.04
31.39
31.55
31.72
31.87
31.78
31.82
31.76
31.64
31.5
31.34
31.17
30.96
30.77
30.48
30.16
29.82
29.46
29.08
28.7
28.31
28.76
28.34
27.88
27.46
26.94
26.67
26.5
26.41
26.38
26.42
26.5
26.65
26.86
27.11
27.38
27.67
27.98
28.09
28.37
28.64
28.91
29.18
29.44
29.68
30.23
30.34
29.64
29.62
29.54
29.37
29.1
28.75
28.34
27.86
27.31
26.7
26.04
25.55
24.89
24.23
23.59
22.92
22.3
21.65
21
20.32
20.5
19.92
19.33
18.01
17.4
16.99
16.64
16.36
16.16
16.02
15.94
15.91
15.89
15.88
15.84
15.84
15.79
15.77
15.77
15.82
15.76
15.74
15.77
16.55
16.69
16.66
16.58
16.46
16.28
16.08
15.85
15.59
15.33
15.05
14.79
14.51
13.68
13.21
12.94
12.48
12.23
11.97
11.68
11.38
11.05
10.73
10.42
10.11
9.82
9.53
9.23
8.93
8.31
7.99
7.68
7.37
7.55
7.19
6.63
6.27
5.72
5.38
4.88
4.56
4.62
4.19
3.76
3.36
2.98
2.75
3.68
3.48
3.61
3.44
3.15
2.88
2.8
2.8
2.8
2.85
2.85
2.67
2.76
6.06
5.54
5.54
5.54
5.54
5.54
5.39
4.11
4.04
7.3
7.22
7.26
7.29
7.21
7.22
7.29
7.29
7.34
7.38
7.32
3.88
3.9
3.91
3.92
3.93
3.94
3.96
3.97
3.92
0.52
0.49
0.45
0.42
0.4
1.16
0.97
0.77
0.57
0.37
0.18
0.15
0.13
0.1
0.08
0.06
0.05
0.03
0.02
0.02
0.01
0.01
0
0
0
0
0
0
0
0
0.01
0.02
0.04
0.06
0.09
0.12
0.15
0.19
0.23
0.28
0.28
0.34
0.34
0.41
0.48
0.56
0.64
0.74
0.84
0.93
1.03
1.04
1.15
1.26
1.4
1.54
1.65
1.82
2
2.18
2.43
2.63
2.9
3.13
3.06
2.98
3.14
3.05
3.19
3.54
3.44
3.57
3.69
4.03
3.87
4.17
5.34
5.3
5.59
5.88
6.16
6.46
6.74
6.5
6.97
7.17
7.48
7.48
7.79
7.71
8.31
8.14
8.52
8.66
9.29
9.46
8.81
9.33
9.51
9.42
8.89
8.35
7.8
7.74
7.8
8.02
8.19
8.93
8.38
8.79
8.77
9.49
9.63
9.46
9.61
9.98
10.37
10.74
11.1
11.74
12.83
13.98
15.19
16.47
17.26
16.84
17.5
16.91
18.49
19.33
20.42
21.38
22.33
23.59
24.55
25.27
25.97
26.68
27.42
28.11
28.78
29.41
29.99
30.46
30.84
32.53
32.61
32.45
30.87
30.84
30.76
30.6
30.49
30.38
30.25
30.09
29.9
29.7
29.53
29.42
29.29
29.13
28.94
28.78
28.66
28.47
28.56
28.56
30.13
30.2
30.23
30.34
30.35
30.32
30.33
30.39
30.5
30.62
30.69
30.72
30.82
30.99
31.22
31.49
31.52
31.94
32.31
34.23
34.57
34.81
35.12
35.44
35.78
36.13
36.42
36.63
36.78
36.87
36.93
36.91
36.79
36.58
36.3
35.94
35.78
35.28
34.73
34.17
33.59
32.99
32.34
31.65
30.97
30.29
29.71
29.2
28.78
28.43
28.16
27.97
27.87
27.84
27.87
27.97
28.13
28.35
28.63
28.95
29.3
29.68
30.09
30.53
30.94
31.33
31.63
31.83
31.93
31.95
31.88
31.71
31.46
31.13
30.71
30.21
29.66
29.06
28.4
27.68
26.93
26.15
25.34
24.53
23.69
22.85
22.05
21.33
19.83
19.26
18.76
18.33
17.06
16.76
16.5
16.3
16.14
16
15.9
15.86
15.81
15.71
15.25
14.38
14.37
14
13.97
13.92
14.67
14.55
14.39
14.21
14.94
14.75
14.59
14.41
14.21
14.01
13.8
13.56
13.33
12.53
12.1
12.73
12.53
12.7
12.51
12.31
11.55
11.34
11.11
10.86
10.57
10.26
9.92
9.58
9.24
8.9
8.55
8.15
7.75
8.06
8.35
7.99
7.61
7
6.61
6.23
6.41
6.05
5.71
5.38
5.09
4.8
4.53
4.27
4.02
3.76
3.49
3.28
3.07
2.79
2.52
2.27
2.04
2.05
1.83
1.64
1.46
1.29
1.14
0.99
0.85
0.71
0.59
0.47
0.36
0.26
0.19
0.13
0.08
0.05
0.03
0.01
0.01
0
0
0
0
0
0
0
0
0
0
0
0
0
0
0
0
0
0
0
0
0
0
0
0
0
0
0
0
0
0
0
0
0
0
0
0
0
0
0
0
0
0
0
0
0
0
0
0
0
0
0
0.01
0.02
0.04
0.07
0.12
0.17
0.24
0.31
0.4
0.4
0.4
0.52
1.9
2.06
2.24
2.44
2.67
2.85
3.04
3.26
3.49
3.54
3.79
3.86
4.15
4.43
4.73
5.04
5.22
5.22
5.33
5.66
4.43
4.5
4.83
5.17
5.52
5.94
6.38
6.82
7.26
7.2
7.62
8.21
8.6
8.98
9.37
9.76
10.29
11.03
11.82
12.29
13.08
13.81
14.28
14.72
15.13
15.53
15.89
16.22
16.56
17.58
17.91
18.25
18.62
18.99
19.37
19.77
20.17
20.63
20.94
20.64
21
21.35
21.69
22.06
22.46
22.89
23.37
23.89
24.42
24.78
25.35
25.91
26.45
27.01
27.54
28.01
27.65
28.07
28.33
29.28
29.52
29.72
29.92
30.11
29.95
29.83
29.92
29.97
29.95
30.18
30.21
30.26
30.3
30.25
30.17
30.06
30.73
30.62
30.64
30.44
30.37
28.85
28.01
27.89
28.07
28.14
27.94
27.73
27.55
27.28
26.98
26.65
26.3
26.07
25.9
25.05
25.01
25.01
25.05
25.28
25.45
27.15
28.2
28.56
28.97
29.45
29.96
30.48
31.02
31.58
32.16
32.76
33.23
33.75
34.2
35.38
35.78
36.16
36.52
36.77
36.93
36.98
36.93
36.79
36.55
36.21
35.81
35.36
34.87
34.34
33.77
33.21
32.79
32.26
31.73
31.2
30.64
30.06
29.15
27.31
25.64
25.25
24.93
24.68
24.51
24.28
22.81
22.78
22.34
22.34
22.34
22.29
22.19
21.89
21.7
21.15
20.55
19.25
19.45
20.5
21.55
21.37
21.19
20.88
20.67
20.6
21.81
21.62
21.88
21.73
21.58
21.43
21.3
21.34
21.28
21.56
21.88
22.9
22.7
22.58
22.26
21.89
20.93
20.6
20.14
19.63
19.1
18.44
17.71
17.19
16.7
16.24
15.82
15.43
15.06
14.72
14.4
14.1
13.84
13.66
13.56
13.51
14.02
14.01
14
14
14
14.12
14.3
14.27
13.58
12.88
12.78
12.35
12.22
12.09
11.95
11.82
11.1
10.91
10.68
10.45
10.22
9.98
9.75
9.54
9.32
8.96
8.52
7.86
8.25
8.25
8.01
8.07
7.47
7.18
6.63
6.1
6.13
5.79
5.46
4.93
4.6
4.28
3.79
3.47
3.01
2.69
2.62
2.92
2.67
2.67
2.42
2.07
2.07
1.88
3.81
3.86
3.95
3.74
3.54
3.66
4.92
4.83
4.83
4.76
4.83
4.83
4.73
4.44
4.3
4.39
4.36
4.43
4.5
4.46
2.54
2.48
2.39
2.41
2.42
2.3
0.86
0.76
0.76
0.67
0.6
0.6
0.54
0.54
0.54
0.45
0.37
0.29
0.22
0.16
0.11
0.06
0.03
0.01
0.11
0.09
0.06
0.04
0.03
0.02
0.01
0.01
0
0
0
0
0
0
0
0
0
0
0
0
0
0
0
0
0
0
0
0
0
0
0
0
0
0
0
0
0
0
0
0
0
0
0
0
0
0
0
0
0
0
0
0
0
0
0
0
0
0
0
0
0
0
0.01
0.02
0.04
0.06
0.1
0.16
0.25
0.37
0.51
0.69
0.91
1.17
1.45
1.77
2.12
2.51
2.95
3.43
3.93
4.47
5.05
5.66
6.3
6.28
6.61
7.3
7.98
8.67
9.01
9.69
10.35
10.99
10.91
11.48
12.09
12.7
13.29
13.85
14.43
14.99
15.52
15.89
15.23
16.18
17.03
17.55
18.08
18.63
19.54
20.15
20.78
21.42
22.81
23.57
24.27
24.95
25.66
26.38
27.09
27.8
28.13
28.02
28.62
29.67
30.49
31.24
31.93
32.55
33.11
33.61
34.07
34.48
34.85
35.19
35.56
35.72
36.05
36.31
36.51
36.65
37.11
38.1
39.36
39.17
37.13
35.91
35.73
35.56
34.96
33
32.78
31.96
31.74
30.29
29.88
29.34
28.8
28.27
26.28
24.33
23.98
23.67
23.38
23.13
24.69
25.13
24.9
24.55
24.76
26.34
26.21
26.7
26.58
27.7
27.75
28.16
28.38
28.68
30.51
32.16
32.49
32.83
33.13
33.39
33.62
34.13
34.28
34.55
34.66
34.72
34.72
34.66
34.58
34.31
34.11
33.86
33.52
33.13
32.7
32.43
31.9
31.36
30.89
30.48
30.15
29.89
29.69
29.51
29.38
29.32
29.32
29.39
29.52
29.82
30.05
30.32
30.63
30.96
31.28
31.58
31.87
32.15
32.38
32.6
32.8
32.91
32.94
32.91
32.8
32.62
32.38
32.05
31.64
31.15
30.59
29.97
29.31
28.62
27.93
27.24
26.55
25.85
25.11
24.3
23.43
22.62
21.86
21.16
20.53
19.76
19.25
18.62
17.68
17.36
17.1
16.87
16.66
16.47
16.3
16.16
16.04
15.95
15.9
15.92
15.77
15.8
15.82
15.81
15.75
15.1
14.82
14.14
14.49
14.41
14.19
13.99
13.48
12.62
11.78
11.48
11.22
10.96
10.7
10.44
10.38
10.12
9.86
9.61
9.4
9.96
9.93
10.47
10.32
10.02
9.83
9.61
9.72
9.72
10.15
10.02
9.82
9.62
9.4
9.16
8.91
8.65
8.38
8.1
7.6
7.28
6.95
6.62
6.28
5.79
5.45
5.11
4.74
4.82
4.45
4.11
3.78
3.45
3.14
2.84
2.55
2.28
2.02
1.76
1.72
1.48
1.26
1.06
0.88
0.88
0.74
0.63
0.54
0.46
0.39
0.32
0.26
0.2
0.15
0.1
0.07
0.04
0.02
0.01
0
0
0
0
0
0
0
0
0
0
0
0
0
0
0.01
0.02
0.03
0.05
0.07
0.1
0.13
0.16
0.16
0.16
0.16
0.16
0.16
0.16
0.16
0.16
0.16
0.17
0.2
0.26
1.94
1.96
2.01
2.03
2.08
2.14
2.11
2.16
2.24
2.33
2.42
2.51
2.61
2.7
2.82
2.82
2.88
3.02
3.16
3.09
1.61
1.8
1.96
2.11
2.23
2.37
2.59
2.76
2.95
3.14
3.05
2.96
3.13
3.36
3.72
4.07
4.38
4.23
4.06
4.47
4.28
4.48
4.24
4.46
4.27
4.56
4.87
5.18
5.48
5.79
6.39
7.01
7.37
7.68
7.88
8.22
8.57
9.32
10.1
10.5
11.32
11.74
12.59
13.05
13.91
14.26
14.57
14.85
15.12
15.37
15.62
15.8
16.07
16.31
16.09
16.29
16.46
16.58
16.65
16.67
16.24
16.22
16.19
16.17
16.19
16.26
16.42
16.41
16.55
16.83
17.09
17.42
17.66
17.91
18.58
18.81
19.06
19.36
19.75
20.12
21.13
21.69
22.36
22.65
23.07
23.64
24.14
24.83
25.41
25.88
26.38
26.78
27.34
27.94
28.61
29.35
30.11
30.82
31.41
32.02
32.39
32.74
32.96
33.5
33.82
33.81
33.82
33.75
32.2
31.82
31.51
30.01
29.58
29.11
28.58
27.42
26.78
26.21
25.74
25.29
24.91
24.58
24.3
24.07
23.91
23.94
22.43
22.61
24.31
24.85
25.15
26.95
27.55
28.17
28.75
29.88
30.42
29.12
27.75
28.03
28.4
28.54
28.66
28.77
28.81
28.76
30.18
29.94
29.58
29.11
28.75
28.11
27.42
26.7
25.99
25.29
24.6
25.71
26.86
26.39
25.85
25.54
25.24
24.98
24.77
24.65
24.62
24.63
24.72
24.87
25.1
25.37
25.68
26.04
26.42
26.8
27.2
27.6
27.96
28.24
28.44
28.56
28.63
28.64
28.57
28.4
28.14
27.82
27.43
27
26.48
25.9
25.27
24.57
23.82
23.02
22.2
21.35
20.49
19.57
18.81
18.11
17.45
16.86
16.31
15.83
15.41
15.04
14.73
14.45
14.26
14.13
14.07
14.06
14.12
14.22
14.34
14.48
14.66
14.97
15.17
15.34
15.49
15.6
15.71
15.81
15.9
15.97
16.02
16.06
16.07
16.07
16.05
16
15.92
15.81
15.68
15.52
15.32
15.07
14.8
14.52
13.8
13.54
12.74
12.47
11.68
10.89
10.11
9.75
9.05
8.62
11.12
10.64
10.15
9.68
9.23
8.8
8.39
7.94
7.37
6.81
6.71
6.17
6.17
5.71
5.71
5.71
5.82
8.56
8.59
8.31
5.15
4.98
4.77
4.62
4.4
4.18
3.97
3.82
3.82
3.82
3.82
3.83
3.83
3.76
3.76
3.76
3.66
0.51
0.4
0.39
0.29
0.19
0.14
0.08
3.35
3.37
3.37
3.39
3.4
3.4
3.4
6.04
6.09
6.14
6.18
6.21
6.24
6.26
6.28
6.26
6.27
6.27
6.27
6.24
2.97
2.95
2.96
2.94
2.93
2.94
2.94
0.28
0.24
0.19
1.09
0.94
0.79
0.64
0.5
0.35
0.2
0.06
0.04
0.03
0.02
0.01
0.01
0
0
0
0
0
0
0.01
0.02
0.03
0.05
0.07
0.1
0.13
0.16
0.21
0.25
0.29
0.34
0.39
0.45
0.51
0.58
0.65
0.65
0.71
0.8
0.89
0.88
0.95
1.03
1.01
1.05
1.11
1.08
1.03
1.06
1.03
1.05
1.11
1.13
1.19
1.24
1.33
1.48
1.6
1.72
1.86
1.86
1.76
1.67
1.67
1.94
2.08
2.08
2.47
6
6.43
6.84
7.24
7.15
7.03
6.91
6.75
6.91
7.37
10.97
11.43
12.14
12.86
13.6
14.36
14.81
15.35
16.16
15.77
13.03
13.22
12.73
13.1
13.95
14.8
15.67
16.53
17.06
16.93
13.98
14.16
13.91
14.03
14.24
13.47
13.55
13.77
13.97
14.99
15.19
15.65
16.78
17.07
17.43
16.58
16.83
17.33
17.88
18.78
17.93
18.46
19.42
19.99
20
21.42
22
22.47
22.98
23.49
23.98
24.42
24.85
25.25
25.54
26.97
27.25
27.31
25.91
25.9
27.33
27.38
27.44
27.5
26.55
26.66
26.77
26.79
26.72
26.61
26.49
26.33
26.12
25.81
25.63
25.57
25.56
25.54
26.92
26.88
26.75
26.58
26.36
26.1
27.29
26.94
26.56
26.23
26
24.57
24.18
24.1
24.07
24.19
24.24
24.26
24.26
24.27
24.32
24.44
24.67
24.97
25.35
25.77
26.24
26.75
27.31
27.88
28.42
30.16
30.89
31.39
31.85
32.24
32.59
32.65
32.93
33.16
33.32
33.38
33.33
33.21
33
32.76
32.48
32.15
31.78
31.39
30.99
30.57
30.11
29.6
29.09
28.63
28.23
28.14
26.5
26.27
26.11
26.01
26
26.04
26.12
26.24
26.38
26.53
26.68
26.78
26.86
26.92
27
26.96
27.03
27.04
27
26.04
27.22
26.98
26.7
26.36
25.95
25.36
24.84
24.25
23.61
22.96
22.33
21.74
21.17
20.62
20.07
19.62
19.03
18.45
17.86
18.15
17.61
17.11
16.64
16.2
15.8
15.51
15.1
14.87
13.99
13.12
12.96
12.81
12.67
12.54
12.44
12.37
12.32
12.3
12.31
12.32
12.35
12.38
12.4
12.4
12.38
12.29
12.33
12.22
12.76
12.76
12.49
12.19
11.48
10.97
10.52
10.05
9.51
9.04
8.55
8.05
7.53
6.99
6.43
5.85
5.28
4.81
4.22
3.63
3.09
3.09
2.65
2.25
2.25
2.05
1.77
1.53
1.37
1.13
0.91
0.71
0.53
0.38
0.25
0.15
0.08
0.02
0
0
0
0
0
0
0
0
0
0
0
0
0
0
0
0
0
0
0
0
0
0
0
0
0
0
0
0
0
0
0
0
0
0
0
0
0
0
0
0
0
0
0
0
0
0
0
0
0
0
0
0
0
0
0
0
0
0
0
0
0
0
0
0
0
0
0
0
0
0
0
0
0
0
0
0
0
0
0
0
0
0
0
0
0
0.01
0.03
0.06
0.09
0.13
0.19
0.25
0.36
0.49
0.49
0.49
0.54
0.65
0.75
1.03
2.74
2.99
3.25
3.55
3.9
4.05
4.03
4.43
4.4
4.84
5.3
5.76
6.18
6.57
7.1
7.65
8.18
8.06
7.96
7.68
6.39
6.54
6.96
7.35
7.7
8.24
8.95
9.24
9.24
9.49
9.73
9.48
9.77
10.09
10.32
10.63
10.91
10.91
10.91
11.1
11.61
12.17
12.42
12.67
12.96
13.3
13.63
13.98
15.07
15.48
15.59
16.49
16.97
17.44
18.02
18.52
19.04
20.44
21.87
23.15
23.73
24.34
25.02
25.65
24.67
25.26
25.85
26.44
26.94
27.33
27.98
28.31
28.53
28.12
28.18
28.45
28.75
27.35
27.65
27.88
28.01
28.04
27.96
27.88
29.38
29.25
29.16
29.08
29.08
29.18
29.3
29.41
29.51
30.17
30.17
28.55
28.19
28.19
27.71
27.45
27.29
27.22
27.22
27.26
27.31
27.38
27.4
27.44
27.49
27.54
27.63
27.77
27.96
28.2
28.64
30.49
31.04
32.91
33.5
33.91
34.25
34.55
34.85
35.12
35.36
35.57
35.74
35.81
35.77
35.63
35.4
35.08
34.69
34.22
33.7
33.12
32.51
31.9
31.29
30.7
30.14
29.56
28.94
28.4
27.92
27.48
27.14
26.81
26.68
26.66
26.74
26.9
27.12
27.39
27.71
28.04
28.38
28.71
29.05
29.35
29.62
29.92
30.21
30.43
29.12
29.07
29.03
28.96
28.6
28.25
27.8
27.29
26.74
26.15
25.56
25
24.47
23.93
23.39
22.86
22.32
21.75
21.16
19.67
19.67
19.27
18.83
18.48
18.31
18.08
17.91
17.78
17.68
17.59
17.49
17.33
17.14
16.91
16.69
16.48
16.31
16.19
16.11
16.97
17.82
16.93
16.01
15.88
15.73
15.56
15.38
15.16
14.93
14.7
14.49
14.29
14.11
13.98
13.16
12.94
12.11
11.66
11.42
10.79
10.49
11.01
11.5
11.04
10.68
10.29
9.91
9.53
9.15
8.74
8.32
7.9
7.47
7.03
7.03
6.65
6.85
6.58
5.97
5.88
5.33
4.81
4.45
4.11
3.74
3.36
2.97
2.61
2.4
2.11
1.95
1.8
1.54
1.34
1.4
1.18
1.1
1.1
1.1
1
1.08
1.15
1.08
1.13
1.1
1.1
1.12
1.13
1.09
1.15
1.1
1.04
1.09
1.08
1.05
1.07
0.96
0.85
0.85
0.82
0.75
0.67
0.62
0.57
0.54
0.52
0.49
0.48
0.39
0.3
0.23
0.16
0.1
0.06
0.03
0.01
0
0
0
0
0
0
0
0
0
0
0
0
0
0
0
0
0
0
0
0
0
0
0
0
0
0
0
0
0
0
0
0
0
0
0
0
0
0
0
0
0
0
0
0
0
0
0
0.01
0.03
0.05
0.07
0.1
0.14
0.19
0.25
0.28
0.28
0.29
0.34
0.34
0.34
0.34
0.45
0.45
0.49
0.64
0.77
0.94
1.12
1.24
1.3
1.27
1.23
1.37
1.52
1.71
1.96
2.17
2.42
2.74
3.07
3.07
2.97
3.34
3.68
3.94
4.24
4.52
4.52
4.9
4.95
4.95
5.58
6.07
6.57
7.08
7.58
8.14
8.64
9.13
9.63
10.44
11.26
11.72
11.33
11.82
12.32
12.81
13.41
13.91
14.83
15.9
16.36
16.78
17.19
17.57
17.96
18.32
18.13
18.51
18.92
19.4
19.92
20.46
21.88
22.31
22.88
23.47
24.24
24.8
25.36
25.95
26.56
27.17
27.78
28.4
28.63
29.19
30.35
29.74
30.29
30.81
31.32
31.81
32.23
32.59
32.71
32.86
32.94
32.96
32.9
32.75
31.06
30.82
30.52
30.19
30.2
29.87
29.44
30.17
29.65
29.05
28.39
27.68
27
26.52
26.1
25.64
25.24
24.9
24.64
24.46
25.82
25.76
25.75
25.8
25.9
26.08
26.34
26.69
27.11
27.61
28.16
28.76
29.35
29.91
30.48
31.05
31.62
32.18
32.69
33.09
33.44
33.71
33.82
33.96
34.01
33.96
33.81
33.55
33.28
32.13
31.31
29.55
29.1
28.65
28.17
27.67
27.12
26.55
26.04
25.62
25.24
24.92
24.76
24.57
24.46
24.44
24.49
24.62
24.75
25.74
26.4
27.98
28.25
28.53
28.79
29.05
29.3
29.52
29.68
29.8
29.88
29.92
29.92
29.84
29.67
29.41
29.01
28.61
28.17
27.67
27.12
26.52
25.87
25.21
24.52
23.83
23.16
22.53
21.93
21.33
20.74
20.16
19.61
19.08
18.6
18.2
17.92
17.61
17.31
17.05
16.85
16.7
15.75
14.94
14.91
14.06
13.73
13.4
13.35
13.3
13.24
13.18
13.11
13.05
12.98
12.87
12.75
12.62
12.51
12.32
12.17
11.76
12.4
12.93
12.66
13.24
13.28
13.31
13.03
12.76
12.51
12.27
11.75
11.07
10.34
9.64
9.09
8.71
8.4
10.64
10.32
9.9
9.54
9.19
8.85
8.52
8.2
7.88
7.35
6.83
6.32
5.81
5.65
5.6
5.6
5.6
5.45
5.15
4.86
2
1.66
1.66
1.42
1.16
0.93
0.68
0.46
0.23
0.24
0.24
0.24
0.28
0.23
0.23
0.23
0.23
0.27
2.88
2.83
2.83
2.83
2.83
2.83
3.07
3.05
3.05
3.03
3.03
3.07
5.69
5.69
5.65
5.69
5.69
5.69
5.69
5.68
3.07
3.02
3.02
3.02
3.02
2.97
2.73
2.73
2.77
2.81
2.84
2.82
0.22
0.23
0.24
0.22
0.23
0.97
0.85
0.73
0.61
0.5
0.39
0.41
0.4
0.39
0.38
0.42
2.17
2.19
2.23
2.27
2.33
2.39
2.47
2.47
2.55
2.63
2.62
2.6
2.64
2.71
2.75
2.81
2.91
3.01
3.11
3.17
1.49
1.55
1.6
1.61
1.62
1.65
1.56
1.67
1.57
1.48
1.6
1.69
1.62
1.64
3.06
3.1
3.06
2.96
2.86
2.75
2.64
2.67
4.35
4.42
4.37
4.26
4.26
4.32
5
5.13
5.01
5.12
5.32
5.52
4.37
4.61
4.91
5.29
5.69
6.1
6.52
6.82
5.52
5.81
6.33
6.73
6.73
6.55
5.87
5.95
5.95
5.76
6.14
6.54
9.47
9.11
9.54
9.99
9.59
9.82
10.31
10.72
11.18
11.72
12.14
12.68
13.63
14.58
14.94
15.7
16.72
17.79
17.2
16.83
14.32
15.51
15.88
16.31
17.63
18.37
18.88
19.46
19.96
20.43
20.96
21.55
22.15
22.76
23.95
24.51
25.02
25.47
26.98
28.15
28.91
29.26
29.45
28.97
29.24
29.44
29.61
29.78
29.97
30.21
30.44
30.65
30.84
31.06
31.33
31.64
32.01
32.44
32.86
33.25
33.62
33.95
34.42
35.4
35.55
35.71
35.84
35.87
35.83
35.69
35.49
35.28
35.09
34.14
33.85
33.52
32.54
32.11
31.72
31.36
31.03
30.77
30.6
30.5
30.46
30.41
30.37
30.44
30.55
30.7
30.9
31.11
31.29
32.23
32.4
32.57
33.32
33.11
33.34
33.56
33.74
33.86
33.96
33.99
33.95
32.43
32.37
32.26
32.15
32.01
31.83
31.6
31.34
31.03
30.62
30.32
30.04
30.12
29.7
29.28
28.87
28.44
27.99
27.23
26.91
28.12
27.88
27.66
27.46
27.29
27.17
27.09
27.05
27.05
27.25
27.33
27.43
27.55
27.7
27.85
27.99
28.15
28.34
28.87
28.99
29.04
29.03
28.99
28.93
28.82
28.65
28.43
28.15
27.82
27.42
26.97
26.46
25.91
25.32
24.72
24.11
23.47
22.81
22.13
21.47
20.89
20.39
19.94
19.52
19.16
18.86
18.62
18.43
18.3
18.21
18.17
18.19
18.23
18.3
18.38
18.47
18.58
18.71
18.84
18.96
19
18.99
18.95
18.87
18.77
18.62
18.44
18.24
18.03
17.81
17.59
17.35
17.08
16.81
16.54
16.26
15.97
15.66
15.33
14.99
14.67
13.8
13.02
12.65
11.82
11.36
10.96
10.55
10.12
9.69
9.24
8.49
7.76
7.34
6.82
6.4
6
5.62
5.26
4.92
4.6
4.83
4.77
4.51
4.72
4.57
4.17
3.97
3.76
3.42
3.22
3.34
3.44
3.27
3.2
3.03
2.85
2.67
2.48
2.28
2.08
1.87
1.88
1.67
1.47
1.28
1.28
1.11
0.96
0.96
0.84
0.73
0.62
0.51
0.4
0.31
0.23
0.16
0.11
0.06
0.03
0.01
0
0
0
0
0
0
0
0
0
0
0
0
0
0
0
0
0
0
0
0
0
0
0
0
0
0
0
0
0
0
0
0
0
0
0
0
0
0
0
0
0
0
0
0
0
0
0
0
0
0
0
0
0
0
0
0
0
0
0.01
0.02
0.05
0.08
0.12
0.16
0.22
0.29
0.35
0.42
0.42
0.42
0.42
0.51
0.56
0.57
0.68
0.76
0.76
0.92
1.09
1.27
1.25
1.31
1.51
1.47
1.56
1.49
1.57
1.51
1.79
4.53
4.85
5.11
5.41
5.78
6.08
6.43
6.86
7.08
7.29
7.1
7.59
7.5
7.79
8.31
8.7
9.28
9.74
10.37
10.09
7.95
8.3
8.64
9
9.32
9.65
9.98
10.11
9.9
9.51
10.2
10.53
11.37
11.71
12.09
12.48
12.86
13.22
13.5
14.47
14.96
15.42
15.9
16.34
16.9
17.44
17.96
18.68
19.81
21.16
21.87
22.5
23.14
23.77
24.4
25.02
25.67
26.35
27.13
27.83
28.43
29.02
29.6
30.21
30.68
31.18
31.73
32.31
32.9
33.48
34.03
34.57
35.05
35.48
35.82
36.07
36.2
36.23
36.19
36.13
36.06
35.88
35.62
35.32
34.61
34.18
33.68
33.11
32.44
30.51
29.71
28.85
28
27.23
26.58
26.02
24.77
24.33
22.69
22.45
22.24
22.13
22.07
22.08
22.53
22.7
22.92
23.21
21.98
23.6
22.96
23.04
23.63
24.19
24.71
25.18
26.27
26.7
28.36
28.63
28.83
28.96
29.12
29.23
29.26
29.22
29.11
28.93
30.28
29.97
30.73
30.78
30.29
29.77
29.21
28.61
28.15
27.58
27.01
26.43
25.9
25.4
24.9
24.43
23.79
23.44
23.15
22.91
22.72
22.58
22.43
22.3
22.2
22.12
22
22.05
22.15
22.28
22.42
22.59
22.77
22.96
23.13
23.29
23.64
23.74
23.83
23.91
23.97
23.99
23.9
23.79
23.75
23.66
23.61
23.38
23.08
22.72
22.34
21.91
21.44
20.93
20.39
19.83
19.25
18.64
18
17.31
16.63
15.98
15.46
14.98
14.42
13.44
12.45
12.02
11.63
10.75
10.36
10.06
9.79
9.55
9.33
9.12
8.93
8.3
8.17
8.08
7.99
7.78
7.7
7.62
7.1
7.03
7.28
6.76
6.64
6.64
6.49
6.32
8.71
8.53
8.37
8.21
8.08
8.08
7.91
7.73
7.28
7
6.77
6.66
6.66
6.66
6.41
6.57
6.3
6.42
6.23
5.98
3.16
2.9
2.63
2.33
2.02
2.02
1.72
1.45
1.45
1.4
1.18
0.85
0.85
0.85
0.85
0.7
0.56
0.44
0.33
0.24
0.16
0.09
0.04
0.01
0
0
0
0
0
0
0
0
0
0
0
0
0
0
0
0
0
0
0
0
0
0
0
0
0
0
0
0
0
0
0
0
0
0
0
0
0
0
0
0
0
0
0
0
0
0
0
0
0
0
0
0
0
0
0
0
0
0
0
0
0
0
0
0
0
0
0
0
0
0
0
0
0
0
0
0
0
0
0
0
0
0
0.02
0.05
0.1
0.18
0.27
0.37
0.51
0.67
0.85
1.03
1.24
1.47
1.47
1.74
2.03
2.38
2.56
2.56
2.8
3.29
3.81
4.32
4.82
5.33
5.25
5.14
5.68
6.21
6.73
7.25
7.79
8.31
8.31
8.81
9.31
9.41
10.06
10.91
11.54
11.45
11.79
12.14
12.16
12.51
13.44
14.41
14.76
15.14
15.14
15.56
15.97
16.44
17.7
18.25
18.84
19.83
20.47
21.15
21.86
23.1
23.88
24.71
25.94
25.01
25.45
26.35
27.2
28.01
29.21
30
30.78
31.53
32.26
32.95
33.55
34.07
34.53
34.92
35.21
35.42
35.57
35.63
35.58
37.34
37.72
37.38
37.2
37.01
35.25
34.96
34.64
34.27
33.81
33.27
32.74
32.23
31.77
31.31
30.9
30.51
30.16
29.82
29.5
29.17
28.85
28.8
27.95
27.53
28.89
28.73
28.63
28.57
28.59
28.7
28.84
28.99
29.15
29.37
29.6
29.84
30.1
30.39
30.74
31.12
31.47
31.77
32.73
32.93
33.27
33.64
34
34.36
32.81
32.03
32.36
32.47
32.72
32.87
33.04
33.16
33.25
33.28
33.25
33.14
32.77
32.49
32.28
30.81
28.97
28.61
26.86
24.97
26.27
26.78
26.12
25.62
24.97
24.38
23.74
23.17
21.36
19.59
19.07
18.33
17.32
16.83
16.52
17.83
19.15
17.66
18.9
19.39
19.51
19.64
19.84
20.08
20.31
20.53
20.77
20.98
22.44
23.89
24.1
24.55
25.56
25.91
25.97
25.97
25.9
27.11
26.91
27.46
27.11
25.67
24.94
24.43
23.88
23.3
22.7
22.07
21.39
20.69
19.96
19.24
18.52
17.84
17.2
16.59
16.04
14.82
14.39
14.1
13.79
14.56
14.61
14.44
14.33
14.26
14.22
14.21
14.23
14.3
14.4
14.51
14.61
14.67
14.72
14.75
14.74
15.41
15.33
15.22
14.95
14.77
14.58
14.36
14.12
13.61
13.26
12.97
12.66
12.34
12
11.67
11.34
11.02
10.7
10.37
10.06
9.76
9.46
9.18
8.69
8.09
7.74
7.48
7.21
7.16
6.94
6.63
6.33
6.01
5.68
5.34
5
4.69
4.4
4.12
3.85
3.57
3.31
3.03
3.09
3.12
2.9
2.59
2.31
2.05
1.82
1.61
1.41
1.24
1.1
0.97
0.85
0.72
0.59
0.47
0.36
0.27
0.18
0.11
0.05
0.02
0
0
0
0
0
0
0
0
0
0
0
0
0
0
0
0
0
0
0
0
0
0
0
0
0
0
0
0
0
0
0
0
0
0
0
0
0
0
0
0
0
0
0
0
0
0
0
0
0
0.01
0.02
0.04
0.06
0.09
0.13
0.18
0.24
0.3
0.3
0.3
0.3
0.39
1.13
1.23
1.23
1.32
1.44
1.44
1.59
1.73
1.87
2
2.03
2
2.11
2.21
2.15
2.24
2.39
2.6
2.83
2.99
2.52
2.7
2.99
3.19
3.37
3.37
3.22
3.08
3.28
3.52
3.71
4.07
4.47
4.9
5.49
5.95
6.43
6.87
7.32
7.79
8.28
8.33
8.67
9.26
9.84
10.78
11.76
12.76
13.44
14.11
14.94
15.66
16.22
16.79
17.38
17.96
18.55
19.12
19.66
19.91
20.35
21.22
21.78
22.1
21.43
21.17
20.92
20.98
21.09
21.05
21.11
21.15
21.15
20.84
19.66
19.39
19.36
19.32
19.27
19.37
18.85
18.89
18.95
19.03
20.13
20.82
20.09
20.14
20.32
20.19
20.38
20.87
21.43
22.33
24.06
24.84
25.33
25.82
26.37
27.08
28.2
28.79
27.53
28.03
26.71
27.04
28.69
29.2
29.46
30.16
30.37
30.28
29.85
29.47
29.2
28.99
28.84
28.68
28.45
28.18
27.83
27.41
28.83
28.53
30.05
28.51
28.26
28.29
28.37
28.5
28.68
28.9
29.42
29.85
30.16
30.45
30.74
31.05
31.39
31.78
32.23
32.74
33.25
33.7
34.08
35.78
36.21
36.33
36.38
36.36
36.31
36.2
36.02
35.78
35.5
35.17
34.8
34.38
33.94
33.44
32.9
32.36
31.81
31.25
30.71
30.23
29.82
29.47
29.21
29.01
28.85
28.73
28.66
28.64
28.65
28.71
28.78
28.86
28.94
29.01
28.64
28.07
28.1
28.13
28.1
28.01
27.83
27.6
27.29
26.91
26.46
25.98
25.49
24.97
24.4
23.78
23.13
22.46
21.78
21.1
20.85
20.76
19.36
18.56
17.82
16.76
16.08
15.57
15.1
14.68
13.74
13.4
13.08
12.82
11.87
10.98
10.85
10.77
10.72
10.68
10.65
10.65
11.35
11.46
11.57
12.05
12.19
12.2
12.21
12.18
12.71
12.66
12.59
12.51
13.15
13.77
13.65
13.51
13.35
13.17
12.5
11.81
11.1
10.88
10.63
10.35
9.65
9.33
8.98
8.55
8.19
7.8
7.17
6.73
6.26
5.78
5.36
4.94
4.51
4.08
4.14
4.21
4.28
3.85
3.43
3.02
3.02
2.65
2.31
2.07
1.79
1.53
1.53
1.33
1.16
1.02
0.83
0.65
0.51
0.38
0.27
0.18
0.11
0.05
0.02
0
0
0
0
0
0
0
0
0
0
0
0
0
0
0
0
0
0
0
0
0
0
0
0
0
0
0
0
0
0
0
0
0.01
0.02
0.03
0.05
0.07
0.1
0.13
0.16
0.16
0.16
0.19
0.19
0.22
0.23
0.27
0.33
0.37
0.42
0.48
0.54
0.6
0.65
0.7
0.75
0.73
0.7
0.72
0.76
0.76
0.78
0.76
0.76
0.8
2.25
2.29
2.33
2.39
2.33
2.39
2.43
2.37
2.44
2.54
2.65
2.84
3.05
3.15
3.25
3.43
3.6
3.81
4.05
3.97
2.51
2.64
2.55
2.45
2.78
2.66
2.56
2.96
3.65
3.67
3.95
4.11
4.39
4.74
5.07
5.42
5.77
6.16
6.52
6.52
6.52
6.67
7.35
8.12
8.47
9.15
9.82
10.02
9.88
9.71
9.94
10.37
9.89
10.04
9.54
9.47
9.71
9.89
10.08
10.88
11.67
12.1
12.24
12.3
12.17
12.36
12.57
12.86
12.17
12.82
12.99
13.06
13.94
13.54
14.11
14.59
14.79
15.04
15.13
15.32
15.65
16.01
16.38
16.76
17.43
17.79
18.16
18.24
19.54
20.22
20.73
21.28
21.8
22.64
23.44
23.87
24.26
24.61
25.12
25.54
25.83
26.07
26.06
26
26.1
26.2
26.27
26.6
26.61
26.57
26.43
26.2
25.96
26.03
25.82
25.59
25.35
25.07
24.76
24.42
24.08
23.78
23.73
23.73
23.58
23.43
23.28
22.85
22.76
22.69
22.7
22.82
22.98
21.82
22.01
22.23
22.51
21.41
21.46
20.4
20.8
20
19.34
19.65
19.94
20.24
20.55
19.67
19.9
20.15
20.36
20.53
20.64
22.06
22.13
22.14
22.09
23.43
23.59
24.84
24.6
25.52
26.27
26.01
25.75
25.34
25.03
26.23
26
25.76
25.51
25.28
25.11
24.95
24.83
24.73
24.66
24.63
24.64
24.69
24.77
24.86
24.96
25.03
25.1
25.26
25.29
25.27
25.2
25.1
24.97
24.81
23.56
23.28
23.46
23.11
22.08
21.65
21.19
20.71
20.03
19.11
18.54
18.02
17.51
17.01
15.8
14.62
13.47
12.94
11.96
10.9
11.27
10.82
10.53
9.63
9.91
9.57
9.27
8.99
8.91
9.07
8.87
8.66
8.45
8.24
8.77
9.31
9.85
9.82
10.29
10.88
11.12
11.2
10.67
11.28
11.41
11.54
11.67
11.79
11.91
12.04
12.15
12.26
12.36
12.46
12.55
12.63
12.69
12.72
12.73
12.72
12.67
12.59
12.47
12.31
12.11
11.89
11.65
11.4
11.15
10.87
10.58
10.28
9.96
9.62
9.26
8.88
8.48
8.06
7.61
7.15
6.69
6.32
5.95
5.58
5.22
4.85
4.48
4.11
3.72
3.35
2.98
2.64
2.31
2.02
1.76
1.53
1.33
1.15
1.01
0.89
0.79
0.63
0.48
0.35
0.24
0.16
0.09
0.05
0.02
0.01
0
0
0
0
0
0
0
0
0
0
0
0
0
0
0
0
0
0
0
0
0
0
0
0
0
0
0
0
0
0
0
0
0
0
0
0
0
0
0
0
0
0
0
0
0
0
0
0
0
0
0
0
0
0
0
0
0
0
0
0
0
0
0
0
0
0
0
0
0
0
0
0
0.01
0.02
0.04
0.07
0.1
0.15
0.21
0.28
0.35
0.35
0.44
0.44
0.57
0.71
0.89
1.11
1.34
1.6
1.81
2.06
2.32
2.57
2.85
3.01
2.98
3.18
3.13
3.33
3.68
4.12
4.16
4.63
4.98
5.33
5.65
5.72
5.8
6.11
6.5
6.86
7.2
7.54
7.86
8.31
8.96
8.94
9.31
9.75
10.05
10.27
10.14
10.43
10.76
11.08
11.4
11.95
11.63
11.81
12.08
12.37
12.69
12.08
12.28
11.64
12.05
12.9
13.36
13.72
14.09
14.53
14.53
14.91
15.28
15.68
14.86
14.57
14.57
14.88
15.3
15.85
16.41
17.94
18.7
20.28
20.81
21.33
22.15
22.8
23.45
24.12
25.9
26.56
27.2
26.91
28.7
29.9
31.6
32.23
32.57
32.69
32.73
32.68
32.54
32.39
32.23
32.03
31.72
31.32
30.85
30.34
29.78
29.18
28.54
28.76
28.16
27.61
27.14
26.52
26.21
26
25.88
25.83
25.8
25.76
25.75
25.79
25.91
26.08
26.34
26.65
27.03
27.44
27.87
28.31
28.72
29.11
29.49
30.04
30.34
30.58
30.7
30.9
31.08
31.25
31.38
31.41
31.42
31.38
31.28
31.11
30.88
30.61
30.34
30.07
29.79
29.49
29.15
28.77
28.38
27.98
27.65
27.22
26.84
26.51
26.27
26.11
25.96
25.84
25.75
25.71
25.73
25.8
25.87
25.95
26.04
25.55
25.65
25.76
25.88
25.99
26.1
24.91
24.93
24.87
24.77
24.6
24.42
24.21
23.97
23.4
22.01
20.61
20.23
19.82
18.97
19.09
18.64
18.17
17.69
17.21
16.74
17.56
17.15
16.77
16.39
16.04
15.69
15.39
15.1
15.09
15.86
16.63
16.4
16.21
16.48
16.38
16.3
15.42
15.08
15.1
15.14
15.17
15.2
15.23
15.26
15.28
15.29
15.27
15.22
15.21
15.07
15.02
14.93
14.81
14.65
14.45
13.75
13.75
13.77
13.42
13.07
12.21
11.36
10.52
9.68
8.86
8.05
7.26
6.83
9.99
9.48
8.93
8.23
7.73
7.36
6.88
6.75
6.77
6.29
5.99
5.7
5.9
6.08
6.25
6.41
6.55
6.68
6.79
6.55
2.63
2.51
2.36
2.36
2.23
2.03
1.96
2.04
2.09
2.09
1.92
1.74
1.57
1.4
1.24
1.08
0.94
0.81
0.7
0.6
0.6
0.6
0.57
0.57
0.52
0.43
0.34
0.26
0.19
0.13
0.08
0.05
0.02
0.01
0
0
0
0
0
0
0
0
0
0
0
0
0
0
0
0
0
0
0
0
0.01
0.02
0.04
0.06
0.08
0.11
0.15
0.19
0.19
0.2
0.25
0.31
0.36
0.4
0.46
0.51
0.57
0.64
0.71
0.78
0.85
0.92
0.99
1.06
1.12
1.09
1.15
1.72
1.72
1.8
1.99
2.03
2.08
2.14
2.2
2.26
2.32
2.36
2.42
2.47
2.4
2.32
2.23
2.14
2.05
2.29
4.07
3.73
4.02
4.24
4
4.25
4.5
4.7
4.78
4.67
4.99
5.08
5.42
5.78
6.28
6.78
7.21
7.73
7.74
7.5
5.64
5.94
6.22
6.37
6.97
7.24
7.32
7.67
8.13
8.8
8.37
8.77
8.99
9.21
9.43
9.66
9.97
10.15
10.93
11.74
12.59
12.17
11.59
11.98
12.36
12.35
12.96
13.38
13.84
14.27
15.38
15.95
16.46
16.99
17.54
18.13
18.73
18.04
18.64
19.25
19.87
21.21
22.75
23.44
24
24.93
25.42
25.86
26.25
26.68
27.08
27.43
27.77
28.09
28.38
28.42
27.94
29.59
29.89
30.16
29.17
29.3
29.35
29.37
29.38
29.38
29.41
29.52
29.66
29.78
29.87
29.94
29.89
29.88
29.62
28.51
29.05
28.76
28.35
27.89
28.66
27.04
25.45
24.76
24.46
24.15
23.81
23.4
22.95
21.3
19.71
18.12
17.82
17.55
17.55
18.6
18.53
18.54
18.65
18.85
19.08
20.6
22.17
22.88
23.22
23.58
23.97
24.4
24.84
26.46
28.07
29.75
30.27
30.73
31.19
31.67
32.14
32.55
32.92
33.24
33.55
33.77
33.9
33.95
33.99
34.02
33.99
33.92
33.85
33.77
33.64
33.43
33.18
32.89
32.54
32.13
31.46
30.92
30.5
30.07
29.62
29.26
28.96
28.74
28.56
28.4
28.3
28.22
28.15
28.12
28.12
28.17
28.25
28.36
28.49
28.64
29.05
29.33
29.48
29.64
29.79
29.88
29.92
29.92
29.88
29.78
29.62
29.39
29.15
28.85
28.48
28.07
27.65
27.21
26.73
26.21
25.68
25.14
24.58
24
22.52
21.91
21.27
20.63
19.98
19.39
18.86
17.69
17.26
16.89
16.58
16.31
16.04
15.79
15.6
15.46
15.35
15.28
15.24
15.25
16.19
16.3
16.46
16.64
16.82
16.97
17.1
17.87
17.94
17.97
17.98
17.13
16.97
16.53
16.4
16.24
16.05
15.79
15.49
15.14
14.76
14.35
13.92
13.48
12.6
12.11
11.71
11.32
10.94
10.55
10.15
10.59
10
9.98
9.59
9.2
8.82
8.17
7.56
7.22
6.87
6.52
6.17
5.82
5.9
5.6
5.19
4.77
4.34
3.9
3.48
3.05
2.95
2.57
2.21
1.89
1.58
1.58
1.58
1.34
1.13
0.94
0.75
0.59
0.44
0.31
0.21
0.14
0.08
0.04
0.01
0
0
0
0
0
0
0
0
0
0
0
0
0
0
0
0
0
0
0
0
0
0
0
0
0
0
0
0
0
0.01
0.02
0.04
0.05
0.07
0.09
0.12
0.15
0.15
0.17
0.2
0.22
0.25
0.25
0.25
0.25
0.31
0.31
0.31
0.3
0.31
0.37
1.6
1.65
1.7
1.74
1.78
1.82
1.9
1.95
2.01
2.07
2.12
2.12
2.21
2.24
2.19
2.29
2.29
2.29
2.35
2.3
1.13
1.24
2.53
2.67
2.8
2.73
2.9
3.04
3.17
3.32
3.48
3.75
3.66
3.83
4.14
4.36
4.71
5.07
5.36
5.73
6.02
5.86
4.86
5.01
5.01
5.33
5.46
5.64
5.63
5.82
6
6.16
6.61
6.41
6.38
6.49
6.67
6.52
6.53
6.73
6.43
6.61
6.88
7.15
7.6
7.97
8.3
8.63
9.18
9.56
9.93
10.31
10.7
11.58
12.22
12.72
13.09
13.8
13.41
12.84
13.78
15.42
15.93
16.45
16.15
15.46
15.91
16.35
16.77
17.14
17.57
18.02
18.45
18.83
19.17
19.51
19.92
20.34
21.66
22.95
23.19
22.58
22.67
22.73
23.49
24.61
24.67
23.68
22.51
21.8
21.91
21.99
22.04
21.74
21.7
21.62
21.52
21.37
21.21
21.03
20.86
20.69
20.32
20.02
19.85
19.62
19.22
19.84
20.58
20.8
20.09
19.36
18.66
18.37
17.89
17.44
17.01
16.65
16.39
16.23
16.16
16.2
16.5
16.78
17.13
17.63
18.23
18.91
19.68
20.54
21.51
22.51
23.51
24.45
25.32
26.19
27.04
27.84
28.56
29.23
29.82
30.33
30.77
31.13
31.34
31.4
31.34
31.23
31.06
30.87
30.58
30.25
29.87
29.46
29.03
28.57
28.05
27.52
26.99
26.44
25.91
25.39
24.88
24.45
24.12
23.87
23.7
23.59
23.52
23.48
23.49
23.57
23.72
23.9
24.12
24.4
24.75
25.1
25.43
25.76
26.06
26.34
26.61
26.81
26.91
26.92
26.86
26.74
26.56
26.3
25.98
25.59
25.14
24.67
24.13
23.51
22.84
22.18
21.54
20.89
20.25
19.6
18.97
18.36
17.83
17.36
16.95
16.57
16.23
15.92
15.66
15.44
15.25
15.09
14.98
14.93
14.88
14.82
14.75
14
13.26
13.19
13.09
12.97
12.59
12.19
11.99
11.78
11.58
10.84
10.65
10.34
9.81
9.06
8.75
8.47
8.23
8
7.78
8.27
8.76
8.58
8.44
8.32
8.43
8.53
8.43
8.34
8.23
8.64
8.1
8.03
8.16
8.47
8.32
8.1
7.86
7.6
7.32
7.03
6.73
6.42
6.1
5.78
5.46
5.01
4.57
4.12
3.69
3.28
3.28
2.91
2.65
2.33
2.04
1.77
1.51
1.28
1.07
0.87
0.74
3.55
3.45
3.36
3.21
3.23
3.24
3.29
3.34
3.34
3.34
3.4
5.69
5.69
5.73
5.73
5.73
5.73
5.72
5.77
5.71
2.74
2.69
2.63
2.63
2.65
5.07
5.04
5.01
5.01
5.01
4.96
2.59
2.59
2.55
2.59
2.62
2.65
2.67
2.65
2.67
2.68
2.68
2.7
1.52
1.41
1.29
1.18
1.06
0.95
0.84
0.72
0.59
0.46
0.35
0.34
0.34
0.36
0.38
0.36
0.35
0.33
0.32
0.37
0.95
1
1.05
1.09
1.13
1.17
1.21
1.26
1.32
1.39
1.43
1.47
1.51
1.55
1.5
1.5
1.5
1.55
1.55
1.59
1
1.05
0.99
0.93
0.99
2.52
2.58
2.65
2.66
2.73
2.66
2.59
2.63
2.7
3.12
3.27
3.42
3.52
3.67
3.58
3.61
3.69
3.88
3.88
3.76
2.35
2.49
2.63
2.75
2.91
3.22
3.51
3.75
3.97
3.94
4.2
4.49
4.34
4.44
4.44
4.41
4.68
4.49
4.49
4.8
5.24
5.26
5.64
6.13
6.52
6.59
6.29
6.71
7.06
6.68
7.07
7.5
8.41
9.09
10.05
11.04
11.59
12.63
13.7
14.51
15.06
15.91
16.45
17.02
17.63
18.56
19.88
20.45
21.06
22.41
22.97
23.5
24.02
24.54
25.05
25.53
26.03
26.51
26.98
27.42
27.85
28.33
28.62
29.04
29.38
29.74
30.1
30.49
30.85
31.21
31.56
31.86
32.1
32.28
32.47
32.66
32.82
32.89
33.02
33.13
33.17
33.04
33.15
33.05
32.97
32.85
32.67
32.44
31.94
31.21
31.01
30.82
30.7
30.62
30.51
30.37
28.7
28.56
28.01
27.75
27.51
26.01
25.77
24.77
24.26
22.72
22.58
22.18
21.89
21.39
20.96
20.88
20.76
20.62
20.51
20.45
21.96
22.05
22.49
22.67
22.9
24.55
24.87
26
26.65
28.35
28.68
29.27
30
31.12
31.59
31.66
31.71
31.71
31.66
31.53
31.3
30.98
30.6
30.13
29.63
29.07
28.47
27.83
27.13
26.44
25.7
25.01
24.37
23.8
23.3
22.89
22.57
22.33
22.16
22.06
22.06
22.12
22.24
22.41
22.61
22.85
23.12
23.41
23.74
24.08
23.59
23.95
24.28
24.58
24.81
24.97
24.83
24.84
24.75
24.6
24.37
24.08
23.65
23.3
22.9
22.44
21.95
21.44
20.89
20.29
20.27
18.93
17.6
16.83
16.08
15.34
14.83
14.12
13.45
12.85
12.31
11.8
11.45
10.99
10.57
10.18
9.83
9.44
9.16
8.42
8.46
8.97
9.5
9.46
9.44
9.44
9.47
9.53
9.59
9.65
9.69
9.72
9.73
9.66
9.17
8.67
8.36
8.32
7.82
8.27
8.19
7.68
7.15
7.04
6.91
6.77
6.59
6.37
6.12
5.71
5.41
5.09
4.76
4.51
4.69
4.86
4.83
4.56
4.64
4.27
3.88
3.92
3.94
3.55
3.15
2.77
2.43
2.12
1.84
1.7
1.47
1.26
1.07
0.9
0.71
0.55
0.41
0.29
0.19
0.12
0.07
0.03
0.01
0
0
0
0
0
0
0
0
0
0
0
0
0
0
0
0
0
0
0
0
0
0
0
0
0
0
0
0
0
0
0
0
0
0
0
0
0
0
0
0
0
0
0
0
0
0
0
0
0
0
0
0
0
0
0
0.01
0.02
0.04
0.06
0.08
0.12
0.15
0.2
0.25
0.25
0.25
0.28
0.28
0.28
0.28
0.28
0.3
0.38
0.45
0.5
0.64
0.63
0.74
0.72
0.78
0.88
0.98
1.03
1.14
1.31
1.39
1.63
1.63
1.87
2.2
2.2
2.18
2.1
2.03
1.98
2.22
4.43
4.69
5.08
5.39
5.66
5.58
5.48
5.32
5.16
5.08
5.26
5.26
5.49
5.65
5.65
5.65
6.19
6.51
7.06
9.18
7.55
7.76
7.99
8.24
8.53
9.18
9.73
10.45
11.18
11.91
12.2
12.95
13.22
13.48
14.21
14.95
15.16
15.36
15.57
13.3
13.2
13.44
13.65
13.65
13.28
13.4
12.86
12.93
13.07
13.24
12.77
12.55
12.81
13.1
13.38
13.69
14.1
14.81
15.33
16.43
17.3
17.87
18.51
19.38
20.64
21.47
23.19
24.15
25
25.81
27.24
28.44
29.17
29.85
30.34
30.94
31.43
31.79
32.04
32.19
32.27
32.24
32.09
31.83
30.88
30.35
29.71
28.61
27.92
27.26
26.61
25.92
25.18
24.49
24.02
23.43
22.86
22.35
21.91
21.54
21.23
20.99
20.85
20.81
21.4
21.49
21.64
22.25
22.48
22.72
22.99
23.32
23.69
24.04
24.02
24.3
24.58
24.85
25.13
25.42
25.71
25.98
26.2
26.34
25.92
26.08
26.15
26.23
26.27
26.23
26.15
25.99
25.79
25.56
25.66
25.43
25.16
24.88
24.59
24.27
23.91
23.54
23.21
22.9
23.15
22.82
22.62
22.41
22.22
22.09
21.99
21.19
21.18
21.23
21.29
21.37
21.48
21.6
21.66
20.59
19.53
19.36
19.25
19.24
19.22
19.19
19.1
17.98
17.45
17.21
17.06
17.66
17.5
17.29
17.03
16.74
16.42
16.07
15.77
16.59
17.39
17.29
17.08
16.76
16.42
16.07
15.69
16.3
16.31
15.97
15.5
14.51
13.98
13.48
13.02
12.6
12.22
11.88
11.55
11.24
10.96
10.73
10.52
10.31
10.12
9.94
9.8
9.37
8.89
8.83
8.79
9.28
9.3
9.31
9.32
9.32
9.3
9.26
9.2
9.12
9.03
8.49
8.15
8.02
7.9
7.78
7.64
7.8
8.01
7.83
7.34
6.85
6.53
6.05
5.8
5.32
4.85
4.57
4.13
3.71
3.28
3.28
3.09
2.71
2.38
2.01
1.66
1.4
1.08
0.76
0.82
1.87
1.7
1.7
1.46
1.55
1.62
1.5
1.55
1.57
1.6
1.63
1.65
1.66
1.61
1.61
1.61
1.52
1.52
1.52
1.47
0.42
0.42
0.42
0.42
0.33
0.26
0.2
0.14
0.1
0.07
0.04
0.02
0.01
0
0
0
0
0
0
0
0
0
0
0
0
0
0
0
0
0
0
0
0
0
0
0
0
0
0
0
0
0
0
0
0
0
0
0
0
0
0
0
0
0
0
0
0
0
0.01
0.03
0.05
0.07
0.1
0.13
0.18
0.22
0.22
0.22
0.28
0.6
0.6
0.6
0.61
0.71
0.71
0.72
0.87
1.02
1.18
1.35
1.51
1.7
1.9
2.1
2.3
2.52
2.81
3.11
3.36
3.38
3.75
4.16
4.15
4.05
4.05
4.54
4.39
4.75
5.1
4.92
5.3
5.66
6
6.34
6.7
6.43
6.77
7.11
7.45
7.79
7.42
7.5
8.11
8.79
8.79
8.29
8.37
8.66
8.14
8.95
8.75
8.54
8.82
9.13
9.46
10.41
10.74
11.04
11.33
11.25
12.1
12.6
12.98
13.31
14.31
15.31
15.87
16.06
17.08
17.33
17.73
18.16
18.46
18.39
18.64
18.9
19.18
19.48
19.81
20.5
20.99
20.78
21.14
21.57
22.06
22.58
23.47
24.04
24.61
25.15
26
26.87
27.39
28.27
28.77
29.22
29.64
30.02
30.32
30.57
30.74
31.4
31.46
31.38
31.2
30.97
30.69
29.82
29.37
28.95
28.47
27.83
27.21
26.56
25.89
25.29
24.76
24.29
23.92
23.63
23.44
23.37
23.36
23.43
23.59
23.82
24.1
25
25.48
25.94
26.47
27.15
27.82
28.55
29.35
30.1
30.79
31.44
32.03
32.61
33.09
33.46
33.79
34.04
34.21
34.3
34.3
34.19
34.02
33.79
33.31
32.75
32.32
31.54
31.01
30.47
29.91
29.32
28.72
28.06
26.26
25.7
25.2
24.79
24.45
24.19
24.01
22.53
22.51
22.54
22.81
23.15
23.3
23.77
23.96
24.16
24.38
24.64
24.89
25.16
26.59
26.84
27.03
27.14
27.2
27.18
27.1
28.35
28.13
27.89
27.6
27.24
26.3
24.84
24.36
23.84
23.27
22.67
22.06
21.45
20.81
20.15
19.48
18.83
18.2
17.61
17.04
16.52
15.85
15.37
14.92
14.55
14.77
14.77
14.33
14.14
13.99
13.89
13.81
13.76
13.72
13.69
13.67
13.68
13.66
13.62
13.58
13.52
13.63
13.57
13.48
13.35
12.6
13.16
12.61
12.28
11.83
11.58
11.2
10.61
9.86
9.61
8.88
8.15
7.77
7.51
7.25
7.01
6.76
6.21
5.96
5.35
5.35
5.18
5.55
5.49
5.19
4.68
4.6
6.18
6.18
5.69
5.69
5.69
5.35
4.93
4.63
4.24
3.83
3.89
3.51
3.66
3.66
3.43
3.06
2.72
2.86
7.03
6.72
5
5.13
8.81
8.81
8.81
8.81
8.94
12.99
12.96
13.07
14.55
14.65
14.59
14.67
14.61
14.61
14.59
14.49
10.33
10.4
10.44
10.37
6.73
6.77
6.8
6.82
6.72
2.55
2.56
2.45
0.79
0.69
0.6
0.51
0.43
0.43
0.43
0.38
0.38
0.31
0.24
0.18
0.13
0.09
0.06
0.04
0.11
0.09
0.07
0.05
0.04
0.03
0.02
0.01
0.01
0
0
0
0
0
0
0
0
0
0
0
0
0
0
0
0
0
0
0
0
0
0
0
0
0
0
0
0
0
0
0
0
0
0.01
0.02
0.04
0.06
0.08
0.12
0.15
0.2
0.25
0.3
0.36
0.36
0.44
0.44
0.46
0.46
0.6
0.78
0.98
1.21
1.45
1.7
1.96
2.23
2.51
2.79
3.09
3.4
3.74
4.12
4.53
4.53
4.95
4.95
4.93
4.93
5.51
6.38
6.97
7.58
8.22
8.89
9.56
10.28
11.04
11.85
12.66
13.49
14.29
15.05
15.75
16.93
17.62
18.74
19.93
21.12
21.6
21.57
22.03
22.33
22.74
23.05
23.46
23.79
24.05
24.28
24.52
24.74
24.98
25.24
25.55
25.87
26.22
26.69
27.1
27.43
27.9
28.56
29.01
29.59
30.03
30.51
30.9
31.35
31.82
31.12
31.54
31.94
32.3
32.65
32.99
33.29
33.54
33.71
33.86
34.08
34.11
33.94
33.82
32.1
31.49
29.76
29.5
29.21
28.89
29.7
29.35
28.86
28.57
28.29
27.99
27.75
27.56
27.42
27.28
27.17
27.16
27.37
27.56
29.39
30.13
32.03
32.43
32.8
33.23
33.7
34.21
34.86
35.35
35.82
36.3
36.77
37.2
37.62
38.03
38.45
38.84
39.19
39.48
39.7
39.82
39.83
39.81
39.75
39.6
39.37
39.11
38.81
38.5
38.2
37.84
37.23
36.75
36.23
35.68
35.08
33.01
30.94
30.25
29.12
27.59
26.42
25.53
25.21
24.98
24.83
24.71
24.64
24.56
24.44
24.33
24.45
24.44
24.5
24.58
24.7
26.3
27.92
27.77
28.47
29.57
30.43
31.03
31.07
30.98
30.81
30.54
30.2
29.81
29.4
29.01
28.59
28.12
27.23
26.68
26.07
25.38
24.64
23.4
21.79
20.25
18.64
17.69
16.92
17.16
15.78
15.15
14.72
14.36
14.06
13.78
13.53
13.32
13.51
13.36
13.25
13.23
13.25
14.13
15
15.86
16.71
16.94
17.02
16.15
16.94
17.03
16.98
16.91
16.82
16.71
16.59
16.46
16.2
16.04
15.85
15.62
15.38
15.12
14.87
14.61
14.37
13.52
12.89
12.07
11.83
11.8
11.43
11.03
10.74
10.44
10.12
9.79
9.58
9.24
8.91
8.57
7.92
7.55
7.16
6.77
6.28
6.28
6.24
6.4
5.97
5.33
5.02
4.72
4.31
3.89
3.49
3.08
2.69
2.33
1.98
1.66
1.66
1.4
1.17
0.96
0.85
0.85
0.68
0.53
0.4
0.29
0.2
0.13
0.07
0.03
0.01
0
0
0
0
0
0
0
0
0
0
0
0
0
0
0
0
0
0
0
0
0
0
0
0
0
0
0
0
0
0
0.01
0.02
0.04
0.06
0.09
0.12
0.16
0.19
0.19
0.19
0.19
0.19
0.25
1.95
1.95
2.02
2.16
2.24
2.32
2.32
2.36
2.34
2.32
2.3
2.28
2.25
2.22
2.22
2.32
4.01
4.13
4.26
4.36
2.81
2.81
2.75
2.6
2.52
2.44
2.44
2.4
2.4
2.43
2.43
2.44
2.44
2.43
2.83
3.15
1.93
4.49
4.85
5.2
5.56
6.08
6.62
7.18
7.18
7.18
7.18
7.53
7.85
7.82
8.22
8.76
9.37
10.2
10.39
10.62
10.85
8.89
9.16
9.46
9.77
10.09
10.03
10.37
11.3
12.26
13.26
13.92
14.64
15.7
16.18
16.73
17.21
17.51
18.01
18.48
17.79
18.15
18.49
18.82
19.07
19.45
20.2
20.33
20.47
20.48
20.68
20.87
21.05
21.2
21.55
21.7
21.88
22.01
22.15
22.28
23.57
23.77
23.98
24.14
23.06
22.68
22.67
22.53
22.39
22.56
22.74
22.97
23.22
23.48
23.69
23.86
23.98
24.1
24.22
24.39
24.51
24.62
24.73
24.85
26.28
26.88
27.08
27.61
28.08
28.29
28.21
28.06
27.87
27.66
27.5
27.46
27.51
27.63
27.79
26.38
26.56
26.75
26.95
27.13
27.3
27.48
27.69
27.07
27.42
27.88
28.42
29
29.61
30.23
30.8
31.29
31.69
32.03
32.26
33.99
34.08
34.12
34.12
34.1
34.06
33.95
33.75
34.35
33.93
33.4
32.78
32.1
31.36
30.58
29.77
28.97
28.17
27.36
26.66
26.05
25.54
25.1
24.75
24.45
24.21
24.06
24
24.05
24.19
24.4
24.69
25.08
25.3
25.82
26.4
27
27.63
28.27
28.88
29.43
29.88
30.26
30.55
30.75
30.89
30.94
30.9
30.78
30.59
30.32
29.99
29.58
29.35
28.81
28.22
27.54
26.81
26.05
25.26
24.47
23.76
23.12
22.56
22.08
21.65
21.28
20.96
20.68
20.45
20.28
20.12
19.98
19.86
19.76
19.69
19.65
19.64
19.66
19.69
19.72
19.49
19.07
18.09
17.72
16.69
16.3
15.97
14.93
14.56
13.7
12.97
11.96
10.95
10.66
10.39
10.16
9.95
9.71
9.45
9.16
9.09
9.16
9.74
9.69
10.24
10.14
9.94
10.42
10.21
10.45
10.55
10.92
10.92
10.22
9.8
9.32
8.84
8.39
7.97
7.54
7.17
6.82
6.24
5.89
5.56
5.03
4.72
4.45
4.19
3.96
3.75
3.58
3.78
3.78
3.5
3.43
3.36
3.28
3.2
3.17
3.07
2.97
3.1
3
2.89
2.89
2.8
2.6
2.4
2.2
2.02
1.82
1.68
1.71
1.75
1.58
1.42
1.35
1.27
1.18
1.09
1
0.91
0.82
0.73
0.74
0.63
0.63
0.63
0.63
0.61
0.61
0.56
0.51
0.47
0.47
0.46
0.37
0.29
0.22
0.17
0.12
0.08
0.05
0.02
0.01
0
0
0
0
0
0
0
0
0
0
0
0
0
0
0
0
0
0
0
0
0
0
0
0
0
0
0
0
0
0
0
0
0
0
0
0
0
0.01
0.02
0.04
0.06
0.09
0.14
0.19
0.25
0.31
0.31
0.31
0.36
1.94
2
2.07
2.14
2.23
2.32
2.41
2.48
2.6
2.72
2.85
2.99
3.13
3.29
3.44
3.61
3.72
3.77
3.98
4.17
2.6
2.83
2.76
2.68
2.6
2.51
2.41
2.77
3.09
3.42
3.3
3.51
3.85
4.21
4
4.39
4.9
5.52
6.02
6.49
7.22
7.69
8.46
9.28
10.13
10.13
11.02
11.53
12.07
12.63
13.69
14.43
15.03
15.62
16.79
17.37
17.93
18.54
19.16
19.84
20.57
21.31
22.08
22.81
23.53
25.09
25.76
26.41
27.05
27.69
28.32
28.98
29.7
29.77
30.53
31.29
32.03
32.73
33.4
34.03
34.58
35.08
35.57
36.04
36.52
37.05
37.61
38.14
38.62
39
39.27
39.4
39.42
39.98
39.77
39.46
39.01
37.02
36.56
36.03
35.5
34.93
34.32
33.51
32.87
32.17
31.43
30.72
30.04
29.44
28.76
27.58
27.01
26.67
26.49
26.41
26.49
28.12
28.25
28.48
28.81
29.24
29.72
30.49
31.08
31.72
32.39
33.03
33.65
34.25
35
36.05
36.91
37.61
38.23
36.66
37.06
37.53
37.89
38.14
38.25
38.2
38.01
37.69
37.27
36.82
36.26
35.66
34.57
33.91
33.2
31.43
30.18
29.28
27.24
27.24
26.42
25.54
24.77
24.1
23.51
23.06
22.76
22.59
22.49
22.43
22.53
22.71
23.38
23.63
23.95
25.64
26.45
26.94
28.58
30.32
30.87
31.38
31.84
32.23
32.59
32.89
33.13
33.33
33.49
33.57
33.52
33.39
33.2
32.96
32.65
32.28
31.84
31.31
30.72
30.02
29.35
28.64
27.9
27.15
26.39
25.59
24.75
23.87
22.97
22.13
21.34
20.63
19.97
19.38
18.85
18.37
17.94
17.59
17.3
17.15
17.01
16.94
16.93
16.98
17.05
17.16
17.33
17.57
17.83
18.1
18.34
18.56
18.73
18.85
18.96
19.05
19.14
19.19
19.2
19.16
19.04
18.88
18.68
18.44
18.16
17.84
17.46
17.01
16.53
16
15.45
14.88
14.3
13.59
12.97
12.33
11.66
10.98
10.1
9.41
8.74
8.06
7.29
6.63
6.02
5.44
4.9
4.39
3.91
3.42
2.98
2.58
2.19
1.97
1.65
1.46
1.28
1.13
1.2
1.1
1.01
0.93
0.96
0.9
0.82
0.74
0.66
0.6
0.55
0.55
0.53
0.52
0.52
0.52
0.52
0.43
0.35
0.28
0.21
0.15
0.1
0.07
0.04
0.01
0
0
0
0
0
0
0
0
0
0
0
0
0
0
0
0
0
0
0
0
0
0
0
0
0
0
0
0
0
0
0
0
0
0
0
0
0
0
0
0
0
0
0
0
0
0
0
0
0
0
0
0
0
0
0
0
0
0
0
0
0
0
0
0
0.02
0.03
0.05
0.08
0.11
0.15
0.2
0.26
0.3
0.35
0.41
0.49
0.59
0.72
0.72
0.88
1.06
1.24
1.48
1.65
1.84
2.04
2.06
2.32
2.61
2.92
3.24
3.58
3.97
4.38
4.81
5.26
5.71
6.14
6.73
6.93
7.4
7.91
8.39
8.95
9.51
10.09
10.88
11.43
11.97
12.52
13.11
13.6
14.22
14.83
15.39
15.93
16.49
17.06
17.59
18.37
18.83
19.23
18.52
17.78
18.14
17.35
17
16.72
16.82
15.92
15.62
14.96
14.99
15.02
15.09
14.99
14.96
14.58
14.55
14.55
14.63
14.81
16.14
17.41
17.65
17.65
17.77
17.2
17.64
19.09
19.95
20.05
20.61
21.18
21.17
21.11
21.84
22.94
23.72
24.45
25.1
25.61
26
26.47
26.84
28.53
28.41
29.48
29.73
29.87
29.37
30.53
30.14
28.63
27.51
26.6
25.36
23.51
22.8
21.76
21.2
21.22
20.85
20.45
20.08
19.76
19.45
19.82
19.65
19.55
20.04
20.06
20.36
21.79
23.19
24.82
25.9
27.55
28.08
28.98
29.43
29.39
29.8
30.22
30.66
31.07
32.68
33.03
33.38
33.73
34.1
34.48
34.84
35.16
35.67
35.91
36.13
36.31
36.41
36.43
36.37
36.28
36.16
36
35.78
35.54
35.28
34.97
34.62
34.23
33.78
33.3
32.8
32.27
31.72
31.21
30.29
29.86
29.5
29.21
28.99
28.83
28.7
28.63
28.64
28.69
28.77
28.9
29.06
29.24
29.44
29.64
29.83
30.05
30.3
30.54
31.19
31.35
31.44
31.48
31.46
31.36
31.18
30.92
30.58
30.17
29.71
29.2
28.66
28.09
27.46
26.79
26.11
25.38
24.57
23.75
22.94
22.16
21.43
20.73
20.07
19.47
18.94
18.5
18.13
17.81
17.55
17.3
17.08
16.9
16.79
16.73
16.73
16.79
16.9
17.03
16.46
16.57
16.67
16.76
16.85
16.93
16.97
16.98
16.93
16.85
16.73
16.62
16.51
16.38
16.21
15.99
15.72
15.41
15.07
14.72
15.04
14.67
14.29
13.89
13.47
13.02
12.57
12.11
11.3
10.51
9.92
9.43
8.68
8.15
7.44
6.96
6.32
5.86
5.29
4.73
4.2
3.67
3.17
2.69
2.36
2.06
1.75
1.46
1.53
1.59
1.46
1.22
1.24
1.04
1.04
0.84
0.84
0.69
0.68
0.68
0.68
0.68
0.68
0.68
0.55
0.43
0.33
0.25
0.17
0.11
0.07
0.03
0.01
0
0
0
0
0
0
0
0
0
0
0
0
0
0
0
0
0
0
0
0
0
0
0
0
0
0
0
0
0
0
0
0
0
0
0
0
0
0
0
0
0
0
0
0
0
0
0
0
0
0
0
0
0
0
0
0
0
0
0
0
0
0
0
0
0
0
0
0
0
0
0
0
0
0
0
0.01
0.03
0.07
0.11
0.17
0.24
0.32
0.41
0.51
0.55
0.68
0.68
0.83
1
1
1.06
1.06
1.06
1.31
1.34
1.56
1.88
1.99
2.13
2.51
2.84
2.76
3.14
3.55
3.51
3.87
4.06
4.04
4.62
5.43
6.24
7.16
8.13
8.9
9.94
10.82
11.61
12.61
13.56
14.26
15.02
16.17
16.87
17.53
18.72
18.23
18.7
18.57
17.82
17.48
17.56
17.89
18.2
18.5
18.68
18.76
18.93
19.11
19.32
19.51
19.72
19.98
20.26
19.07
17.88
19.37
20.24
21.8
23.37
24.47
25.05
25.32
25.54
25.72
25.91
26.19
26.37
25.18
25.31
24.95
25.25
25.55
25.62
25.62
27.37
27.65
27.89
28.12
28.31
26.74
26.62
26.83
27.02
27.22
27.46
27.68
27.83
29.29
29.36
29.89
29.66
28.97
28.86
30.25
29.84
29.38
28.88
28.34
27.83
29.09
28.97
28.57
28.23
27.94
26.91
26.62
26.48
26.42
26.43
26.52
26.69
27.31
27.53
27.78
28.09
28.46
28.93
29.45
29.99
30.52
31.05
31.55
32.03
32.46
33.62
34.05
34.36
34.6
34.75
34.85
34.86
34.8
34.69
34.6
34.48
34.31
34.06
33.76
33.43
33.06
32.63
32.16
31.66
31.14
29.32
27.5
25.79
25.27
24.83
24.45
24.14
23.9
23.72
23.51
23.3
23.1
22.93
22.76
22.56
22.28
22.1
22
21.95
21.93
23.23
24.52
25.71
25.76
25.77
25.75
25.74
25.72
25.68
25.65
25.62
25.54
25.41
25.29
25.2
25.21
25.15
24.99
24.79
24.53
23.23
21.94
21.42
20.99
20.61
20.09
19.52
18.89
18.22
17.52
16.73
16.05
15.21
14.37
13.73
13.09
12.45
11.84
11.26
10.73
11.24
11.76
11.5
11.17
10.8
10.57
10.39
10.25
10.15
10.1
10.15
10.12
10.31
10.5
9.96
9.45
8.95
8.45
8.41
10.59
10.08
9.99
9.88
9.74
9.58
9.42
9.24
9.07
8.88
8.68
8.47
8.26
8.04
7.83
8.12
8.41
8.7
8.97
8.78
6.36
6.62
6.44
6.27
6.1
5.93
5.74
5.54
5.31
4.96
4.72
4.38
4.14
3.97
3.8
3.62
3.42
3.21
2.99
2.77
2.54
2.3
2.07
1.83
1.6
1.4
1.21
1.05
0.91
0.91
0.8
0.8
0.72
0.57
0.44
0.33
0.24
0.16
0.1
0.06
0.03
0.01
0
0
0
0
0
0
0
0
0
0
0
0
0
0
0
0
0
0
0
0
0
0
0
0
0
0
0
0
0
0
0
0
0
0
0
0
0
0
0
0
0
0
0
0
0
0
0
0
0
0
0
0
0
0
0
0
0
0
0
0
0
0
0
0
0
0
0
0
0
0
0
0
0.01
0.03
0.07
0.13
0.22
0.35
0.51
0.7
0.9
1.12
1.38
1.63
1.91
2.23
2.23
2.66
3.14
3.68
4.29
4.94
5.65
6.41
7.19
8
8.81
9.63
10.45
11.3
12.2
12.9
12.64
13.62
14.58
15.51
16.78
17.64
18.44
19.19
19.87
19.21
19.82
20.37
20.41
20.89
21.34
20.67
21.07
21.46
21.82
22.39
23.9
24.23
24.55
24.92
25.3
25.69
26.12
26.57
27.06
28.85
29.34
29.85
30.85
31.36
31.87
33.44
33.84
34.18
34.43
34.59
34.71
34.77
34.02
33.94
32.29
30.62
30.3
30.03
29.8
29.41
27.59
26.38
24.92
23.46
22.47
21.97
21.52
21.08
20.69
20.32
19.99
19.72
20.22
19.98
21.31
22.67
22.65
22.56
22.4
22.42
22.89
23.74
24.88
26.05
26.79
27.1
27.45
27.83
28.27
28.76
29.25
29.71
30.21
30.76
31.31
31.45
32.03
32.63
33.2
33.75
35.27
35.78
36.21
36.62
36.97
37.28
37.53
37.75
37.89
37.96
36.46
36.46
34.64
34.29
34.08
34.22
33.88
33.47
33.03
32.55
32.03
31.49
30.99
29.01
28.51
28
27.53
27.1
26.77
26.53
27.9
27.8
28.87
29.09
29.12
29.14
29.2
29.3
29.44
29.6
29.79
29.93
29.87
29.87
29.9
29.62
29.62
29.56
29.42
29.21
28.92
28.46
28.71
28.29
27.66
27.23
26.78
26.3
25.79
25.24
24.68
24.15
23.78
24.79
24.26
24.04
23.48
22.91
22.34
21.78
21.22
20.78
20.26
19.79
19.56
19.19
18.87
18.58
18.34
17.57
16.48
15.61
15.5
15.44
15.41
15.41
15.46
15.53
15.61
15.71
15.8
15.89
15.97
16
16
15.93
15.82
15.65
15.44
15.8
16.48
16.95
16.67
16.37
15.43
15.11
14.75
14.18
13.82
13.41
13
12.55
12.08
11.6
11.1
10.6
9.83
9.34
8.94
8.52
8.08
7.62
7.13
6.61
6.71
6.15
5.61
5.25
4.68
4.16
3.67
3.22
2.81
2.44
2.1
1.79
1.79
1.55
1.25
0.97
0.74
0.53
0.37
0.23
0.14
0.07
0.02
0
0
0
0
0
0
0
0
0
0
0
0
0
0
0
0
0
0
0
0
0
0
0
0
0
0
0
0
0
0
0
0
0
0
0
0
0
0
0
0
0
0
0
0
0
0
0
0
0
0
0
0
0
0
0
0
0
0
0
0.01
0.02
0.05
0.08
0.11
0.16
0.2
0.25
0.3
0.35
0.4
0.46
0.52
0.58
0.65
0.68
0.76
0.85
0.96
1.08
1.21
1.35
1.49
1.64
1.81
1.99
2.2
2.37
2.55
2.74
2.96
2.9
2.84
2.78
2.71
2.68
2.98
7.04
7.34
7.64
7.85
8.06
7.89
8.07
8.29
8.49
8.64
8.84
9.03
9.22
9.39
9.85
10.21
10.28
10.79
10.96
10.58
6.99
7.18
7.37
7.65
7.94
8.62
8.94
9.21
9.53
9.91
10.11
10.51
10.9
11.11
11.48
11.97
12.75
13.12
13.85
14.75
15.08
15.4
15.71
15.78
15.85
15.18
15.53
15.01
15.08
14.99
15.35
15.66
15.99
16.52
16.87
16.03
15.95
16.22
16.54
16.86
17.23
17.62
17.93
17.8
18.34
19.6
19.7
19.91
19.1
19.75
20.02
18.89
18.77
18.99
19
20.43
21.08
21.4
21.68
21.98
22.25
22.49
22.81
23.85
23.54
23.95
24.5
25.79
27.44
27.69
27.99
29.51
29.98
30.04
30.28
30.33
30.36
30.35
30.26
30.1
29.9
29.69
29.45
29.15
28.19
27.45
26.96
26.48
26.04
24.78
24
23.11
22.08
21
20.71
20.58
20.61
20.67
20.8
21
21.27
21.58
21.93
22.26
23.92
24.68
25.2
25.74
25.85
25.5
26.48
25.85
25.38
26.7
27.21
27.48
27.56
27.6
27.58
27.47
27.27
26.99
26.66
26.35
25.99
25.54
25.02
24.45
24.26
25.37
24.71
25.8
26.82
26.21
25.67
25.21
24.81
24.46
24.2
24.03
23.94
23.29
23.34
23.41
23.52
23.69
23.91
22.74
23.05
23.39
23.11
23.45
23.86
24.17
24.44
24.68
24.89
25.05
25.1
25.07
24.95
25.39
25.12
24.79
23.38
22.98
24.15
25.12
24.6
24.05
24.1
23.49
22.86
22.23
21.6
20.94
20.27
19.61
19.01
18.48
18.02
17.63
17.31
17.05
17.86
17.69
15.93
15.81
15.73
15.71
15.74
15.82
15.95
16.09
16.24
16.42
16.61
16.79
16.96
17.1
17.2
17.27
17.28
17.24
17.16
17.03
16.89
16.7
16.48
16.21
15.9
15.52
15.1
14.18
13.27
12.65
12.06
11.54
11
10.45
9.89
9.35
8.83
8.34
7.87
7.39
6.71
6.05
5.49
5.04
4.6
4.06
3.56
3.7
3.82
3.64
3.44
3.16
2.89
2.64
2.39
2.14
1.88
1.6
1.35
1.11
1.11
1.11
1.04
0.89
0.76
0.76
0.76
0.63
0.51
0.4
0.3
0.21
0.14
0.09
0.04
0.01
0
0
0
0
0
0
0
0
0
0
0
0
0
0
0
0
0
0
0
0
0
0
0
0
0
0
0
0
0
0
0
0
0
0
0
0
0
0
0
0
0
0
0
0
0
0
0
0
0
0
0
0.01
0.02
0.03
0.05
0.08
0.12
0.16
0.21
0.27
0.27
0.32
0.36
0.36
0.36
0.36
0.48
0.58
0.66
0.66
0.79
0.99
1.44
1.66
1.89
2.13
2.33
2.52
2.74
2.97
3.16
3.46
3.72
3.98
4.05
4.34
4.68
5.05
5.48
6
6.42
6.81
6.87
6.63
6.9
7.33
7.82
8.32
8.81
9.28
9.79
10.27
10.85
11.5
12.37
13.06
13.62
14.19
14.68
15.21
15.71
16.19
16.74
17.84
18.46
18.91
19.34
18.6
17.85
18.08
18.07
17.24
17.55
17.9
18.09
17.11
17.45
17.78
18.21
18.59
19
19.46
19.95
20.48
21.01
21.61
22.27
23.62
23.62
24.55
25.8
27.79
28.62
29.42
30.37
30.98
31.75
32.5
33.21
33.9
34.55
35.14
35.62
36
36.3
36.47
36.49
36.39
37.18
36.97
36.74
36.5
36.21
35.8
35.42
36.5
36.04
35.55
35.06
34.59
34.17
33.81
33.48
33.21
32.94
32.73
32.6
33.07
34.03
34.09
34.13
33.18
32.5
32.03
31.86
32.06
32.3
32.5
32.52
32.77
32.92
33
33.08
31.35
31.3
31.39
31.55
31.71
29.97
29.89
28.13
28.91
29.43
29.24
28.62
27.77
27.2
26.65
26.25
25.58
24.98
24.44
23.88
25.11
24.68
24.14
23.55
22.96
24.31
24
25.45
25.37
25.35
25.97
26.7
27.34
27.72
28.17
28.69
29.25
29.82
30.39
31.01
31.65
32.33
32.98
33.6
34.19
34.68
35.07
35.36
35.54
35.62
35.39
35.26
35.02
34.44
34.03
33.55
33.02
32.44
31.79
31.07
30.29
29.46
28.58
27.69
26.78
25.92
25.1
24.35
23.67
23.07
22.73
22.31
21.97
21.95
21.74
21.56
21.41
21.3
21.23
21.22
20.11
20.21
20.34
20.49
20.65
20.8
20.96
21.1
21.23
21.33
21.42
21.42
21.39
21.33
21.25
21.15
21.04
20.91
20.76
20.56
20.56
20.26
19.91
19.53
19.15
18.74
18.3
17.81
17.26
16.67
16.06
15.45
14.85
14.25
13.64
13.02
12.39
11.74
11.09
10.15
10.46
9.91
9.39
8.9
8.44
8
7.32
6.68
6.09
5.55
5.05
4.8
4.54
4.29
4.04
3.8
3.57
3.35
3.14
3.3
3.12
2.94
2.76
2.56
2.35
2.13
2.18
2.21
2.22
2.22
2.22
1.98
1.77
1.57
1.39
1.23
1.08
0.96
0.84
0.69
0.55
0.43
0.32
0.23
0.15
0.09
0.04
0.01
0
0
0
0
0
0
0
0
0
0
0
0
0
0
0
0
0
0
0
0
0
0
0
0
0
0
0
0
0
0
0
0
0
0
0
0
0
0
0
0
0
0
0
0
0
0
0
0
0
0
0
0
0
0
0
0
0
0
0
0
0
0
0
0
0
0
0
0
0
0
0
0
0
0
0
0
0
0
0
0
0
0
0
0
0
0
0.01
0.02
0.05
0.08
0.13
0.22
0.34
0.51
0.7
0.7
0.77
0.77
0.77
0.97
1.27
2.48
2.85
3.23
3.23
3.23
3.23
3.74
4.44
5.02
5.6
6.15
6.69
6.52
6.94
7.62
7.73
8.18
8.91
9.45
9.92
8.72
9.16
9.64
10.5
11.4
12.3
12.55
12.72
12.18
11.55
11.79
12.1
13.1
13.52
13.83
14.63
15.3
15.71
16.13
16.53
17.71
18.09
18.45
18.71
17.82
17.26
17.84
18.26
19.53
21
21.63
22.2
22.76
22.66
23.26
23.88
24.41
24.94
25.43
25.92
26.4
25.2
24.26
24.74
26.34
27.62
27.43
26.56
26.54
26.36
26.37
25.55
24
23.61
23.47
22.34
20.69
19.02
18.73
18.62
19.07
20.59
21.84
21.75
21.69
21.57
21.88
22.91
23.05
23.25
23.23
24
25.48
26.39
26.38
27.31
28.69
30.03
29.98
29.76
29.03
28.92
28.86
28.82
28.78
28.82
28.91
29.04
29.17
29.26
29.34
29.43
29.56
29.73
29.94
30.18
30.46
30.71
31.1
31.46
31.77
32.03
32.21
32.37
32.5
32.59
32.67
32.75
32.85
32.99
33.1
33.16
33.16
33.13
33.04
32.91
32.75
32.61
32.32
31.99
31.67
31.34
31
30.66
30.31
29.91
29.43
28.89
27.19
25.47
24.85
24.29
23.8
22.32
21.94
21.61
21.32
21.08
20.91
20.8
20.67
20.56
20.49
20.46
20.45
20.53
20.67
20.87
22.21
23.56
23.84
24.07
24.26
25.45
25.57
25.66
25.71
25.73
25.72
25.69
25.66
24.42
24.36
24.25
24.09
23.86
23.58
23.24
22.85
22.41
21.95
21.47
21
20.51
20
19.48
18.94
18.38
17.8
16.97
15.77
16.33
15.67
14.99
14.24
13.33
12.64
12.1
11.15
10.56
9.69
9.28
8.89
8.51
8.18
7.89
7.64
7.43
7.25
7.32
7.78
7.66
7.55
7.44
7.43
7.6
7.56
7.38
7.63
7.52
7.81
7.65
7.45
7.23
6.96
6.65
6.3
5.9
5.49
5.05
4.59
4.16
3.75
3.37
3.01
2.68
2.38
2.11
1.86
1.65
1.34
1.06
0.81
0.6
0.42
0.27
0.16
0.08
0.03
0
0
0
0
0
0
0
0
0
0
0
0
0
0
0
0
0
0
0
0
0
0
0
0
0
0
0
0
0
0
0
0
0
0
0
0
0
0
0
0
0
0
0
0
0
0
0
0
0
0
0
0
0
0
0
0
0
0
0
0
0
0
0
0
0
0
0
0
0
0
0
0
0
0
0
0
0
0
0
0
0.01
0.02
0.03
0.06
0.08
0.13
0.2
0.3
0.43
0.54
0.69
0.87
1.08
1.33
1.56
1.82
2.11
2.11
2.46
2.85
3.24
3.63
3.91
4.29
4.78
5.29
5.81
6.32
6.82
7.36
7.9
8.43
8.95
9.46
10.01
10.56
11.02
11.73
12.23
12.73
13.27
13.87
14.61
14.22
14.67
15.26
15.71
16.2
16.85
17.53
18.18
18.83
19.44
20.03
20.6
21.15
21.8
22.52
23.12
23.72
24.19
23.18
22.42
22.97
23.48
23.79
24.24
24.66
24.9
25.12
25.39
25.69
24.35
23
22.65
23.09
23.5
23.87
24.2
24.53
24.94
26.78
27.83
29.13
28.9
28.98
29.44
28.58
28.63
27.33
27.54
27.65
29.38
31.06
31.68
31.55
31.41
31.27
31.13
30.98
30.81
30.61
30.87
30.56
30.8
30.72
30.22
30.99
30.81
31.99
31.64
31.4
31.24
31.15
31.15
31.14
31.14
31.19
31.29
31.45
31.65
31.89
32.2
32.6
33.08
33.61
34.2
34.88
35.59
36.29
36.96
37.61
38.21
38.8
39.35
39.9
40.42
40.84
41.15
41.37
41.48
41.53
41.52
41.44
41.27
41.06
40.3
39.94
39.52
39.05
38.54
37.83
37.24
36.6
35.95
35.26
34.61
34.04
33.54
33.14
32.62
32.37
32.2
32.08
32.05
32.06
32.61
32.72
32.86
33.04
33.27
33.68
33.96
34.26
34.57
34.9
35.2
35.45
35.63
35.71
35.92
35.85
35.7
35.46
35.14
34.72
34.23
33.68
33.07
32.42
31.7
30.91
30.06
29.18
28.26
27.32
26.36
25.4
24.49
23.68
22.93
22.18
21.57
21.03
20.58
20.2
19.9
19.68
19.53
19.43
19.39
19.44
19.56
19.75
19.99
20.26
20.54
20.83
21.08
20.2
20.23
20.44
20.53
20.56
20.53
20.45
20.32
20.12
19.86
19.57
19.27
18.94
18.57
18.16
17.7
17.17
16.73
16.28
15.83
16.46
16.09
15.57
15.03
14.49
13.95
13.4
12.86
12.34
11.68
11.14
10.65
10.12
9.57
9.01
8.45
7.93
7.29
6.64
6.01
5.39
4.81
4.27
3.78
3.32
2.9
2.51
2.14
1.81
1.65
1.38
1.08
0.82
0.6
0.42
0.27
0.15
0.08
0.04
0.01
0
0
0
0
0
0
0
0
0
0
0
0
0
0
0
0
0
0
0
0
0
0
0
0
0
0
0
0
0
0
0
0
0
0
0
0
0
0
0
0
0
0
0
0
0
0
0
0
0
0
0
0
0
0
0.01
0.01
0.03
0.05
0.09
0.12
0.17
0.23
0.29
0.29
0.29
0.29
0.29
0.36
1.86
1.94
2.02
2.1
2.18
2.27
2.37
2.47
2.59
2.66
2.78
2.91
3.05
3.19
3.35
3.51
3.68
3.87
4.08
4.22
2.94
3.11
3.31
3.53
3.76
3.95
3.85
3.73
3.91
3.84
4.08
6.12
6.28
6.08
5.86
5.71
5.87
5.67
5.62
5.42
5.66
9.12
8.84
9.04
8.72
8.45
8.53
8.69
8.9
9.42
9.67
10.51
10.84
11.53
12.22
12.92
12.99
13.74
14.35
15.13
15.38
11.88
11.9
11.4
11.4
12.2
12.8
13.45
12.93
12.8
13.01
10.84
11.07
10.99
11.19
10.75
11.33
11.6
11.87
12.15
12.51
13.39
13.38
13.63
13.63
13.99
13.31
13.61
14.61
14.53
13.67
13.96
14.22
14.79
14.67
14.51
14.71
15.01
14.43
14.71
14.99
15.3
16.75
17.99
19.5
19.88
21.5
20.91
21.59
22.99
24.74
25.33
25.89
26.41
27.3
28.81
29.19
29.42
30.46
30.59
30.66
30.56
30.49
29.48
29.21
28.94
28.49
29.15
28.62
28.02
26.27
24.52
23.91
23.2
21.55
21.19
19.62
19.42
19.27
19.2
19.18
19.29
19.36
20.38
20.06
20.31
20.72
21.1
21.52
21.98
23.55
25.12
25.55
26.05
27.54
26.28
26.28
25.4
24.99
24.73
24.85
24.99
25.09
25.08
24.16
23.96
23.77
23.57
22.47
22.17
21.89
21.57
21.04
20.75
20.47
21.67
22.83
23.52
23.69
23.66
23.19
22.7
22.19
21.76
22.85
22.62
22.34
22.11
22.8
22.7
22.63
22.6
22.85
22.91
22.94
22.96
23.04
23.14
23.26
23.42
23.6
23.79
24.01
24.2
24.34
24.48
24.64
24.76
24.84
24.86
24.85
24.77
24.63
24.44
24.24
24.02
23.75
23.45
23.14
22.79
22.4
21.98
21.55
21.13
20.7
19.47
18.95
18.4
17.84
17.27
16.69
16.15
15.67
15.23
14.83
14.48
14.16
13.84
13.55
13.28
13.04
12.82
12.58
12.33
12.08
12.65
12.49
12.37
12.28
12.23
11.88
11.85
11.81
11.75
11.68
11.59
11.5
11.41
11.32
11.23
11.14
11.05
10.99
10.91
10.81
10.65
10.44
10.19
9.9
9.57
9.53
9.14
8.83
8.5
8.15
7.78
7.38
6.97
6.53
6.06
5.58
5.07
4.54
4.05
3.6
3.19
2.81
2.48
2.18
1.91
1.69
1.48
1.2
0.96
0.74
0.55
0.39
0.25
0.14
0.07
0.02
0
0
0
0
0
0
0
0
0
0
0
0
0
0
0
0
0
0
0
0
0
0
0
0
0
0
0
0
0
0
0
0
0
0
0
0
0
0
0.01
0.02
0.03
0.04
0.06
0.08
0.1
0.12
0.12
0.12
0.12
0.12
0.12
0.12
0.12
0.13
0.13
0.17
0.17
0.17
0.21
0.21
0.22
0.27
1.86
1.91
1.89
1.86
1.94
3
3.09
3.1
3.2
3.31
3.44
3.57
3.73
3.86
4.03
4.03
4.1
4.1
4.07
4.01
2.51
2.68
2.68
2.96
6.1
5.36
5.54
5.52
5.81
6.1
6.18
6.04
5.88
6.14
6.18
6.18
6.57
7.1
7.48
7.76
8.25
8.6
9.21
9.55
6.95
7.27
7.66
8.3
8.55
8.81
8.99
9.7
10.43
10.75
10.53
10.53
10.85
11.17
11.67
11.38
11.6
11.9
12.21
12.52
12.84
13.15
13.47
13.81
13.17
13.31
13.9
14.18
14.43
14.67
14.67
15.39
15.59
15.75
15.13
15.13
15.42
15.53
14.62
14.81
15.06
15.32
15.6
15.91
17.24
17.79
18.22
18.69
19.2
19.74
21.28
22.07
22.53
22.99
24.2
25.64
25.97
26.36
26.7
26.9
26.7
26.08
24.83
24.98
25.08
23.72
22.88
22.75
22.54
22.29
22
21.76
21.55
21.37
21.21
21.06
20.91
20.79
21.72
21.67
21.94
22.57
23.78
23.56
23.33
24.51
25.16
25.08
25.08
25.11
25.15
25.19
25.22
25.24
25.23
25.25
25.32
25.43
25.6
25.8
25.35
25.05
23.84
23.91
24.25
24.63
25.01
25.38
25.71
26.04
26.4
26.8
27.19
27.54
27.89
28.18
28.38
28.5
28.51
28.46
27.66
27.8
29.13
29.15
28.88
28.56
28.21
27.82
27.41
26.97
26.47
25.89
25.32
23.65
22.01
21.63
21.32
21.12
21
20.97
22.39
22.77
22.9
23.08
23.3
23.54
23.77
24
24.24
24.48
23.85
24.19
24.53
26
27.46
27.66
27.79
27.81
27.74
27.58
27.32
26.97
26.56
25.99
25.47
24.93
24.39
23.83
23.27
22.69
22.99
22.31
21.58
20.83
20.07
19.35
18.66
18.04
17.48
16.99
16.36
15.29
14.24
14.08
13.87
13.7
13.55
13.45
13.38
13.34
13.34
13.39
13.5
13.62
13.76
13.9
14.05
14.19
14.33
14.44
14.75
15.54
16.35
16.39
16.4
16.38
16.34
16.25
16.12
15.96
15.76
15.53
15.25
14.96
14.65
13.81
13.39
13.01
12.6
12.18
11.35
10.52
9.71
8.92
8.47
8.03
7.29
6.74
6.31
5.89
5.48
5.09
4.72
4.37
4.03
4.2
3.92
3.59
3.27
2.97
3.07
3.16
3.25
3.34
3.01
2.69
2.69
2.54
2.29
2.15
1.93
1.82
1.62
1.42
1.34
4.16
4.01
3.97
4.5
4.39
4.35
4.35
4.76
4.68
4.69
4.7
4.7
4.7
4.7
4.61
4.61
4.51
4.54
4.6
4.55
1.61
1.65
1.59
0.98
1
0.95
0.86
0.37
0.37
0.36
0.35
0.35
0.35
0.35
0.35
0.35
0.35
0.32
0.26
0.21
0.16
0.12
0.09
0.06
0.13
0.12
0.12
0.11
0.12
0.12
0.13
0.12
0.14
0.16
0.19
0.19
0.19
0.23
0.35
0.35
0.35
0.35
0.35
0.42
0.47
0.46
0.45
0.51
2.18
2.22
2.29
2.4
2.37
2.35
2.43
2.43
2.54
3.03
3.03
3.14
3.26
3.38
3.42
3.47
3.45
3.57
3.71
3.76
2.22
2.3
2.34
2.39
2.39
2.48
2.56
2.56
2.67
2.27
2.41
2.57
2.75
2.94
3.22
3.45
3.8
4.09
4.39
4.74
4.69
4.98
4.84
5.33
5.98
6.25
6.75
7.42
7.87
8.41
8.88
9.36
9.83
10.3
10.77
11.23
11.29
11.64
12.04
12.4
13.17
13.61
14.5
14.77
14.59
15.06
15.35
15.64
15.95
16.28
16.61
16.91
17.21
17.45
17.67
17.55
17.11
17.38
17.64
16.79
17.14
17.49
17.86
18.22
19.03
19
19.33
19.81
20.33
20.79
21.35
21.97
22.61
23.3
24.03
25.06
26.95
27.86
28.75
30.78
29.81
30.59
31.36
30.09
30.81
31.97
32.59
33.01
33.33
33.26
32.67
32.71
32.68
31.98
31.85
31.62
31.25
30.37
29.78
29.1
29.83
27.81
26.84
28.13
27.41
26.75
26.17
25.69
25.26
25.27
25.29
24.98
24.72
25.13
24.96
24.92
24.9
25.35
25.5
25.68
26.27
27.87
28.46
28.85
29.28
29.69
30.06
28.68
27.29
27.54
28.19
28.49
28.81
29.12
29.4
29.67
29.9
30.07
30.23
30.45
30.62
30.72
30.72
30.63
30.49
30.32
30.11
31.58
32.7
32.46
32.19
31.89
31.54
31.16
30.65
30.25
29.86
29.42
28
27.37
26.93
26.62
26.39
26.27
26.2
26.21
26.27
26.38
26.85
27.02
27.2
27.42
27.65
27.9
28.27
28.49
28.68
28.93
28.64
28.86
28.97
28.96
27.96
27.75
27.42
26.8
26.32
25.78
25.18
24.53
23.84
23.11
22.35
21.57
20.81
20.06
19.33
18.6
19.36
18.45
17.05
16.43
16.79
15.54
14.41
14.25
13.91
13.08
12.95
12.89
12.87
12.88
12.94
13.02
13.09
13.19
13.29
13.39
13.49
13.92
14.75
14
14
14.76
15.44
15.39
14.65
15.14
14.28
13.66
13.42
13.18
12.91
12.62
12.33
12.02
11.71
11.43
11.16
10.9
10.65
11.25
11.06
10.88
10.71
10.55
11.09
10.91
10.91
11.13
10.47
10.26
10.2
9.98
9.77
9.56
8.98
8.39
8.13
7.89
7.59
7
6.41
5.83
5.44
4.91
4.5
3.98
3.98
3.49
3.64
3.34
2.92
2.58
2.19
1.81
1.84
1.84
1.62
1.36
1.07
1.15
1.23
1.3
1.2
1.23
1.14
1.18
1.21
1.24
1.1
0.95
0.8
0.75
0.75
0.75
0.72
0.72
0.62
0.52
0.52
0.45
0.37
0.29
0.23
0.17
0.12
0.08
0.05
0.02
0.01
0
0
0
0
0
0
0
0
0
0
0
0
0
0
0
0
0
0
0
0
0
0
0
0
0
0
0
0.01
0.01
0.03
0.04
0.07
0.09
0.12
0.16
0.2
0.24
0.24
0.24
0.29
0.31
0.37
0.37
0.37
0.37
0.37
0.37
0.45
0.92
1
1.07
1.05
1.02
1
1.06
1.02
0.99
1.08
1.21
2.56
2.62
2.56
2.61
2.8
2.99
3.15
3.33
3.36
3.12
3.29
3.48
3.79
4.11
4.44
4.64
4.64
5.01
5.32
5.59
4.6
4.94
4.94
4.88
4.7
4.53
4.85
4.98
4.86
5.1
7.99
7.71
7.53
7.65
7.32
7.02
7.19
6.8
6.41
6.52
6.29
6.01
6.66
7.34
7.74
8.45
8.71
9.16
9.93
10.27
7.96
8.85
9.67
10.19
11.18
12.2
12.79
13.81
14.87
15.42
16.33
17.27
17.71
17.58
18.07
17.33
16.59
16.77
17.03
17.15
17.03
17.13
17.05
16.08
16.02
15.94
15.6
15.01
13.96
13.82
13.51
12.42
11.33
11.63
11.07
12.07
12.67
12.03
10.99
10.07
10.19
10.29
10.61
11.81
11.98
11.08
11.87
12.63
13.85
14.16
13.37
14.43
14.43
14.49
15.37
15.56
16.14
17.02
18.16
19.28
19.5
19.47
19.33
19.16
18.05
19.06
18.9
18.71
18.59
18.47
19.63
19.75
20.95
20.89
20.94
21.01
21.09
21.21
21.41
21.67
22.02
22.43
22.87
23.34
24.86
25.34
25.83
26.36
26.82
27.28
27.65
27.97
28.22
28.8
28.94
29.03
28.88
28.88
28.82
28.67
28.46
28.18
27.84
27.39
26.97
26.52
26.03
25.52
24.98
24.43
23.94
23.5
23.12
22.81
22.55
22.35
22.41
22.31
22.23
22.2
22.2
22.24
22.33
22.52
22.69
22.88
23.1
23.33
23.57
23.8
24.02
24.23
24.39
24.49
24.55
24.59
24.6
24.56
24.48
24.36
24.2
24.01
23.76
22.51
22.16
21.76
21.31
20.82
20.3
19.75
19.16
18.54
17.93
17.36
16.77
16.2
15.64
15.11
14.59
14.04
13.58
13.16
12.42
13.02
12.72
12.47
11.81
11.65
11.52
11.4
11.29
11.21
10.58
10.48
10.39
10.29
10.17
9.56
9.46
9.44
9.35
9.25
9.51
9.39
9.26
9.12
9.44
9.28
8.67
8.09
7.93
7.78
7.78
7.62
7.45
7.28
6.77
7.07
6.57
6.3
5.79
5.37
4.87
4.39
4.1
3.62
3.15
2.81
2.97
3.95
3.59
3.33
3.33
3.09
2.78
2.57
2.57
2.28
2.28
2.04
2.07
2
2
2.09
1.9
1.9
1.9
1.79
1.63
0.65
0.62
0.56
0.63
0.55
0.56
0.47
0.5
0.53
0.56
0.57
0.54
0.54
0.54
0.44
0.44
0.44
0.44
0.44
0.44
0.44
0.42
0.33
0.26
0.2
0.15
0.1
0.07
0.04
0.01
0
0
0
0
0
0
0
0.01
0
0
0
0
0
0
0
0
0
0
0
0
0
0
0
0
0
0
0
0
0
0
0
0
0
0
0
0
0
0
0
0
0
0
0
0
0
0
0
0
0
0
0
0
0
0
0
0
0
0
0
0
0
0
0.01
0.03
0.05
0.08
0.12
0.18
0.26
0.36
0.47
0.6
0.75
0.91
1.11
1.3
1.51
1.74
2.01
2.3
2.43
2.78
3.15
3.54
3.94
4.37
4.75
4.68
5.11
5.54
5.97
6.41
6.42
6.39
6.89
6.98
7.05
7.56
8.15
8.72
9.47
10.02
10.59
11.2
11.82
12.42
13.04
14.11
14.7
15.34
15.98
16.61
17.67
18.75
19.3
20.28
21.25
21.75
22.16
22.3
22.5
22.94
23.3
23.59
23.83
24.08
24.38
24.72
25.03
25.32
25.6
25.91
26.28
26.72
27.21
27.7
28.24
28.79
29.44
30.39
31.28
31.93
32.61
33.33
34.08
34.83
35.55
36.19
36.82
37.43
38.02
38.34
38.79
39.14
39.43
39.63
39.72
39.78
39.69
39.53
39.29
39.01
38.73
38.46
38.14
37.76
37.33
36.92
36.5
36.06
35.64
35.43
35
34.55
34.06
33.65
33.33
33.05
32.83
32.68
32.63
32.65
32.63
32.71
32.86
33.08
33.37
33.7
34.06
34.44
34.79
35.13
35.52
35.98
36.5
37
37.46
37.95
38.41
38.84
39.21
39.47
39.7
39.74
39.67
39.56
39.4
39.19
38.89
38.54
38.17
37.8
37.37
36.88
36.2
35.59
33.56
32.77
32.01
31.24
30.25
28.28
27.68
27.18
26.78
26.39
26.01
25.63
25.35
25.13
24.95
24.78
24.62
23.1
23.19
23.23
24.71
24.93
25.11
25.24
25.57
27.02
27.17
27.29
27.33
27.37
27.41
27.45
27.44
27.38
27.27
27.15
27.02
28.27
28.05
27.76
27.42
27.03
26.6
26.22
25.8
25.29
24.77
24.21
23.66
23.11
22.53
21.93
21.29
20.7
20.16
19.64
19.14
18.7
18.29
17.92
17.27
16.62
16.37
16.16
15.99
15.85
15.72
15.62
15.52
15.44
15.37
15.36
15.37
15.36
15.33
15.28
15.23
15.14
15.04
14.91
15.1
14.75
13.94
13.69
13.48
14.18
13.93
13.65
13.36
13.06
12.76
12.44
12.12
11.73
11.42
10.68
10.09
9.76
9.45
9.12
8.77
9
9
8.74
8.77
7.25
7.01
6.8
6.35
6.07
5.86
5.65
5.2
5.06
4.85
4.85
4.7
4.32
3.92
3.77
4.8
4.67
4.67
4.52
3.91
3.91
3.7
3.56
3.5
3.38
3.2
3.01
3.07
2.88
2.69
2.72
2.75
2.76
2.77
2.56
1.19
1
1
0.84
0.8
0.8
0.69
0.5
0.5
0.4
0.32
0.25
0.18
0.13
0.09
0.05
0.16
0.12
0.1
0.07
0.05
0.04
0.02
0.02
0.01
0
0
0
0
0
0
0
0
0
0
0.01
0.02
0.03
0.05
0.08
0.11
0.15
0.19
0.24
0.29
0.35
0.42
0.42
0.42
0.42
0.42
0.42
0.42
0.53
2.31
2.42
2.54
2.65
2.75
2.76
2.73
2.75
2.93
2.88
2.83
2.87
2.94
3.18
3.18
3.44
4.97
4.97
5.1
5.34
6.61
6.88
7.17
7.29
7.6
8.01
8.35
8.75
9
9.51
10.04
10.37
10.8
11.15
11.76
12.01
11.17
11.9
12.54
12.99
10.78
11.27
11.77
12.49
13.07
13.66
14.39
15.04
15.69
16.31
16.9
17.59
17.02
17.57
18.1
18.74
18.06
17.33
17.7
16.9
17.19
16.31
15.63
15.81
17.02
17.16
17.28
17.37
17.5
17.64
17.82
18.01
19.33
19.58
19.83
19.57
20.92
22.2
22.42
23.78
23.55
24.91
26.04
26.16
25.37
25.64
25.95
25.99
26.3
25.84
26.15
26.47
26.83
27.15
27.46
28.28
28.66
29.1
29.47
29.83
30.66
31.02
31.36
31.75
31.93
32.07
32.11
32.33
32.2
32.75
32.51
32.23
30.55
29.75
29.32
28.95
28.61
28.33
28.08
27.87
27.68
27.54
27.48
27.52
27.67
27.89
28.2
28.6
29.09
29.63
30.15
30.65
32.52
33.5
34.1
34.65
35.17
35.62
36.02
36.38
35.59
35.84
36.02
36.05
35.94
35.71
35.41
35.05
34.62
34.15
33.7
33.26
32.81
32.33
31.8
31.23
30.62
30.04
29.47
28.91
29.47
28.94
28.43
28.04
27.78
27.64
27.56
27.53
27.56
27.66
27.8
27.86
28.07
27.8
27.81
28.16
28.54
28.88
29.18
29.48
29.78
30.07
30.36
30.58
30.73
30.8
30.79
30.74
30.61
30.38
30.07
29.79
29.3
29.29
28.96
28.28
27.56
26.84
26.1
25.32
24.52
23.26
22.41
21.53
20.63
19.8
19.03
18.3
17.65
17.08
16.6
16.18
15.84
15.57
15.37
15.22
15.13
15.08
15.1
15.18
15.29
15.86
16.06
16.3
16.59
16.87
17.11
17.31
17.44
17.53
17.59
17.63
17.64
17.61
17.56
17.49
16.62
16.12
15.94
15.73
15.51
15.27
15
14.69
14.34
13.97
13.61
12.7
12.4
12.11
11.81
11.5
11.18
10.86
10.07
9.29
9.47
9.48
9.12
8.67
8.29
7.87
7.45
7.03
6.63
6.09
5.65
5.82
5.39
4.96
4.53
4.09
3.66
3.22
3.24
3.26
3.09
2.7
2.35
2.09
1.79
1.53
1.3
1.09
0.9
0.86
0.73
0.57
0.44
0.33
0.23
0.15
0.08
0.04
0.02
0.01
0
0
0
0
0
0
0
0
0
0
0
0
0
0
0
0
0
0
0
0
0
0
0
0
0
0
0
0
0
0
0
0
0
0
0
0
0
0
0
0
0
0
0
0
0
0
0
0
0
0
0
0
0
0
0
0
0
0
0
0
0
0
0
0
0
0
0
0
0
0
0
0
0
0
0
0
0
0
0
0
0
0
0
0
0.01
0.03
0.07
0.12
0.19
0.28
0.39
0.53
0.66
0.81
1.01
1.21
1.47
1.78
2.05
2.44
2.87
3.35
3.87
4.28
4.27
4.85
4.83
5.52
6.23
6.14
6.85
7.55
8.26
8.98
9.64
9.88
10.48
11.01
11.61
11.71
12.08
12.07
12.48
12.65
13.46
13.82
14.76
15.02
15.28
16.29
15.49
14.65
14.34
14.44
14.89
15.78
16.27
16.82
17.4
18.38
19.08
20.17
20.89
22.02
23.01
23.91
24.87
25.81
26.66
27.55
29.42
31.32
32.75
33.78
34.52
35.32
36.17
35.22
35.52
36.35
37.18
37.95
38.59
39.15
39.65
40.03
40.29
40.48
40.72
40.01
40.19
40.3
40.31
40.23
40.05
39.73
39.27
40.48
40.33
39.58
38.74
37.89
37.05
36.22
35.36
34.6
33.97
33.44
32.96
33.46
33.09
32.76
32.49
32.28
32.12
32.07
32.14
32.34
32.64
32.94
32.78
33.21
33.74
34.3
34.92
35.46
35.87
36.22
36.5
36.8
37.11
37.45
35.75
35.98
35.36
34.7
34.74
34.32
33
32.81
33.09
32.75
32.28
30.8
30.15
29.49
28.88
28.24
27.59
26.88
26.13
25.35
26.66
26.09
26.4
26.76
26.43
26.55
27.56
27.53
27.59
27.73
27.93
29.16
29.53
29.98
30.47
31
31.53
32.07
32.64
33.21
33.72
34.15
34.48
34.71
34.84
34.86
34.77
34.6
34.35
34.02
33.6
33.11
32.56
31.93
31.23
30.5
29.76
29
28.19
27.33
26.45
25.55
24.73
24
23.35
22.66
22.06
21.67
21.32
21.04
20.83
20.67
20.55
20.48
20.45
20.46
20.53
20.63
19.62
19.83
20.07
20.33
20.54
20.69
20.79
20.95
21.05
20.97
20.87
20.72
20.57
20.41
20.24
20.05
19.49
19.25
18.94
18.57
19.3
18.82
18.3
17.77
17.23
16.69
16.14
15.61
15.09
14.56
14.02
13.46
12.86
12.25
11.6
10.68
10.12
9.41
8.71
8.05
7.42
6.82
6.24
5.76
5.3
4.86
4.44
4.02
3.59
3.19
2.81
2.45
2.11
1.79
1.51
1.51
1.51
1.34
1.21
1.09
0.98
0.89
0.81
0.66
0.53
0.4
0.29
0.21
0.14
0.08
0.04
0.01
0
0
0
0
0
0
0
0
0
0
0
0
0
0
0
0
0
0
0
0
0
0
0
0
0
0
0
0
0
0
0
0
0
0
0
0
0
0
0
0
0
0
0
0
0
0
0
0
0
0
0
0
0
0
0
0
0
0
0
0
0
0
0
0
0
0
0
0
0
0
0
0
0
0
0
0.01
0.01
0.03
0.05
0.07
0.1
0.14
0.18
0.23
0.26
0.3
0.35
0.43
0.53
0.65
0.75
0.75
0.91
1.09
1.09
1.18
1.17
1.32
1.35
1.54
1.55
1.79
1.98
2.26
2.61
2.99
3.39
3.45
3.35
3.83
4.39
5.1
5.67
6.26
7.08
7.84
8.72
9.44
10.3
11.03
11.97
12.71
13.49
14.17
14.81
14.73
15.32
16.23
17.3
17.37
17.8
18.2
18.2
18.61
18.97
19.29
19.6
19.89
20.17
20.45
20.73
20.99
21.31
20.53
20.93
20.59
19.54
19.94
20.58
21.4
21.82
22.21
22.99
23.36
23.78
24.25
24.7
25.2
25.67
26.08
26.49
26.89
27.24
28.72
29.03
29.03
30.67
30.69
30.83
31.2
31.59
31.98
32.15
32.53
32.86
33.12
33.35
33.31
33.49
33.68
33.82
33.92
33.98
33.98
33.97
35.64
35.63
35.73
35.41
35.06
34.67
34.25
34.03
33.57
33.11
32.71
32.4
32.37
31.81
31.67
31.59
31.57
31.59
30.83
30.94
31.16
31.46
31.86
32.34
32.89
33.5
34.15
34.8
35.46
36.12
36.74
37.33
37.88
38.7
39.07
39.36
39.56
39.72
40.65
40.66
40.54
40.37
40.09
39.7
38.01
37.43
36.77
36.07
35.32
34.52
33.67
32.78
31.86
31.02
30.28
29.6
29.01
28.49
28.05
27.72
27.5
27.34
27.27
27.29
28.56
28.68
28.87
29.11
29.43
29.8
30.23
30.69
31.18
31.63
32.04
32.4
32.71
32.96
33.09
33.09
32.96
32.77
32.5
32.18
31.83
31.45
31.04
30.58
30.06
29.5
27.79
27.13
26.41
25.64
24.83
24
23.17
22.33
21.57
20.93
20.4
19.9
19.43
19
18.59
18.18
17.8
17.45
17.12
16.82
17.66
17.46
17.34
17.28
17.27
17.29
17.33
17.31
17.34
17.32
17.25
17.16
17.09
17.01
16.94
16.88
16.83
16.78
16.74
16.68
16.61
16.51
16.35
16.15
15.89
15.58
15.25
14.96
14.55
14.11
13.63
13.05
12.48
12.02
11.52
10.97
10.39
9.78
9.13
8.47
7.79
7.1
6.41
5.72
5.09
4.5
3.95
3.45
3
2.61
2.26
2.04
1.79
1.44
1.13
0.87
0.64
0.45
0.3
0.18
0.09
0.03
0
0
0
0
0
0
0
0
0
0
0
0
0
0
0
0
0
0
0
0
0
0
0
0
0
0
0
0
0
0
0
0
0
0
0
0
0
0
0
0
0
0
0
0
0
0
0
0
0
0
0.01
0.03
0.04
0.06
0.09
0.12
0.16
0.21
0.21
0.21
0.21
0.21
0.27
0.27
0.31
0.31
0.31
0.4
1.37
1.46
1.55
1.65
1.74
1.84
1.93
2.02
2.1
2.05
2.05
2.13
2.13
2.26
2.29
2.29
2.26
2.39
2.54
2.61
1.82
1.9
2
2.1
2.23
2.33
2.48
2.54
2.63
2.87
3.14
3.35
3.65
3.61
3.8
4.2
4.63
4.95
4.8
4.64
4.52
4.33
4.67
6.5
6.27
6.58
6.44
6.85
7.32
7.38
7.11
7.44
7.83
8.45
8.86
9.19
9.25
9.58
10.38
10.38
11.07
11.92
11.76
10.5
11.39
11.75
12.44
12.52
11.84
11.54
12.08
12.42
12.69
12.7
12.96
13.19
13.51
13.54
13.71
13.88
14.01
14.18
14.72
14.99
14.1
13.22
13.31
13.7
14.23
15.2
15.82
16.08
16.15
16.74
16.75
17.13
17.18
17.72
18.22
19.58
20.3
20.93
21.7
22.37
24.16
26.03
27.07
27.99
29.5
30.58
31.5
32.37
33.44
34.32
35.58
36.47
37.83
38.67
39.33
39.88
40.3
40.64
40.92
41.11
41.23
41.27
41.18
41
40.72
40.36
39.94
39.43
38.83
38.15
36.84
35.97
35.29
34.67
34.12
33.65
33.27
32.96
32.72
32.55
32.38
32.18
32.09
32.09
32.21
32.42
32.74
33.15
33.65
34.21
35.34
36.04
36.57
37.08
37.57
38.07
38.55
39.01
39.39
39.72
40.02
40.28
40.44
40.51
40.47
40.34
38.84
37.84
37.11
36.71
36.25
35.74
35.19
34.6
33.97
33.29
31.38
29.25
28.5
27.77
27.11
26.53
26.04
25.62
25.28
25
26.05
26.61
26.87
26.76
26.72
26.75
26.82
26.93
27.06
27.24
28.62
30.23
30.49
30.73
30.94
31.1
30.78
30.77
30.66
30.47
30.23
29.93
29.59
29.22
28.77
28.27
27.72
26.91
25.75
25.05
24.29
23.51
22.68
21.86
21.03
20.23
19.89
19.26
18.73
18.28
17.88
17.53
17.23
16.98
16.78
16.62
16.52
16.69
17.21
17.25
17.33
17.42
17.53
17.51
17.61
17.67
17.69
17.66
17.58
17.47
17.32
17.14
16.94
16.73
16.52
16.31
16.07
15.81
15.53
15.24
14.93
14.61
14.27
14.04
13.66
13.28
12.89
12.47
12.01
11.67
11.3
10.89
10.45
9.97
9.44
8.87
8.26
7.62
6.97
6.32
5.7
5.11
4.56
4.04
3.57
3.12
2.72
2.36
2.04
1.64
1.28
0.97
0.69
0.47
0.29
0.16
0.07
0.02
0
0
0
0
0
0
0
0
0
0
0
0
0
0
0
0
0
0
0
0
0
0
0
0
0
0
0
0
0
0
0
0
0
0
0
0
0
0
0
0
0
0
0
0
0
0
0
0
0
0
0
0
0
0
0
0
0
0
0
0
0
0
0
0
0
0
0
0
0
0
0
0
0
0
0
0
0
0
0
0.01
0.02
0.04
0.07
0.11
0.16
0.21
0.27
0.34
0.34
0.34
0.37
0.43
0.53
0.53
0.53
0.72
2.42
2.67
2.96
3.26
3.6
3.86
4.16
4.49
4.85
5.24
5.65
6.1
6.64
7.21
7.77
8.35
8.91
9.63
10.35
10.91
9.97
10.52
10.24
10.66
11.2
11.83
11.97
11.6
12.21
12.8
13.41
14.01
14.4
15
15.61
16.17
16.7
17.18
17.68
18.15
18.61
19.05
19.05
18.49
17.64
17.46
18.4
19.14
19.29
19.69
20.08
20.47
21.12
21.55
22
22.51
23.03
23.57
24.1
24.66
25.22
25.78
27.6
29.26
31.05
31.58
31.95
31.21
31.72
31.88
32.06
32.2
32.24
32.22
32.18
30.47
30.24
30.13
28.38
28.24
28.13
28.02
27.84
27.63
27.42
27.51
27.29
28.82
28.63
28.49
28.3
28.1
27.91
27.71
27.48
28.84
28.72
28.48
29.86
29.63
29.36
29.06
28.84
28.67
28.56
28.71
28.74
28.85
29.07
29.4
29.73
30.13
30.59
31.1
31.65
32.25
32.85
33.45
32.5
32.68
33.25
33.82
34.36
34.86
35.32
35.71
36.02
36.19
36.25
36.18
36.04
35.81
35.52
35.18
34.79
34.38
33.92
33.44
34.28
34.16
33.66
33.17
32.66
30.84
28.89
28.39
27.96
27.61
27.35
27.19
27.12
27.14
27.22
27.36
27.55
27.71
27.9
28.12
28.56
28.82
29.08
29.34
29.62
31.17
32.86
33.1
33.3
33.43
33.49
33.44
33.3
33.05
32.59
31.99
31.5
30.97
30.4
29.78
29.11
28.39
27.62
26.81
25.99
25.19
24.4
23.6
22.82
22.08
21.4
20.81
20.25
19.74
19.41
19.2
18.87
18.61
18.4
18.26
18.16
18.1
18.02
18.05
18.1
18.15
18.21
18.31
18.41
18.5
18.55
18.57
18.6
18.64
18.67
18.69
18.68
18.66
18.62
18.56
18.48
17.53
17.46
17.28
17.09
16.88
16.63
16.35
16.04
15.22
14.28
13.35
12.42
12.07
12.06
11.16
10.38
9.95
9.07
8.57
7.98
8.11
7.61
8.22
7.75
7.29
6.58
6.15
5.73
5.81
6.01
6.18
6.34
5.77
4.96
5.06
4.94
4.53
4.58
4.22
3.95
3.82
3.5
2.19
1.97
1.74
1.78
1.58
1.37
1.18
1.01
0.84
0.69
0.69
0.6
0.5
0.5
0.44
0.4
0.37
0.36
0.36
0.36
0.28
0.22
0.17
0.12
0.08
0.06
0.03
0.02
0.01
0
0
0
0
0
0
0
0
0
0
0
0
0
0
0
0
0
0
0
0
0
0
0
0
0
0
0
0
0
0
0
0
0
0
0
0
0
0
0
0
0
0
0
0
0
0
0
0.01
0.02
0.04
0.07
0.1
0.13
0.17
0.21
0.25
0.25
0.25
0.31
0.37
0.44
0.51
0.59
0.59
0.7
0.8
0.92
1.05
1.18
1.33
1.49
1.46
1.66
1.81
2.06
2.3
2.61
2.95
3.27
3.59
3.93
4.29
4.66
5.13
5.52
5.92
6.32
6.73
7.13
7.52
7.9
8.45
8.42
8.26
8.36
8.67
8.96
8.92
9.04
8.65
8.24
8.54
8.81
9.1
9.38
9.67
9.29
9.57
9.85
9.29
8.73
8.79
9.52
10.76
11.31
11.6
11.98
12.67
13.16
13.6
14.58
14.85
15.13
15.4
15.66
15.18
16.09
16.37
16.65
17.74
17.74
18.24
18.01
17.8
17.26
17.19
17.28
16.28
16.07
15.63
14.64
13.66
13.65
13.63
13.82
14.75
14.85
14.84
14.97
15.25
15.25
14.13
14.93
15.4
16.53
17.23
17.64
19.07
19.72
21.12
21.12
22.19
22.33
22.62
22.68
22.67
22.73
22.82
22.72
22.46
23.46
24.47
23.65
23.08
22.48
21.92
21.43
20.99
20.6
20.24
20.91
20.87
20.56
20.5
20.5
20.58
20.73
20.94
21.22
20.12
20.58
21.07
21.93
22.58
23.24
23.9
24.56
25.23
25.9
26.55
27.58
28.26
29.15
29.61
30
30.31
30.52
30.66
30.75
32.22
32.2
32.1
31.95
31.74
31.55
31.35
31.13
30.87
30.58
30.25
29.9
29.53
29.14
27.44
25.78
25.36
25.25
25.23
25.24
25.31
25.46
25.65
25.88
26.09
26.26
26.41
26.53
26.68
26.85
27.04
27.23
27.42
27.56
28.99
30.37
30.48
30.28
30.01
29.69
29.32
28.86
28.34
27.77
27.17
26.54
25.89
25.19
24.44
23.64
22.81
21.96
21.1
20.3
19.56
18.87
18.27
17.75
17.28
16.83
16.43
16.07
15.77
15.52
15.31
15.15
15.05
15.01
15.04
14.69
14.69
14.81
14.95
15.07
15.18
15.26
15.29
15.28
15.23
15.05
14.97
14.9
14.83
14.74
14.64
14.52
14.37
14.19
13.97
14.19
14.09
13.26
12.87
12.72
12.55
12.38
12.23
12.08
11.92
11.86
11.69
11.48
10.77
10.52
10.02
9.44
9.15
8.86
8.56
7.94
7.59
7.59
7.41
6.76
6.14
5.53
5.11
8.82
8.43
8.05
7.6
7.2
7.33
7.03
6.97
7
6.76
6.53
6.32
6.43
6.27
6.36
6.13
6.21
6.27
6.27
6.09
1.83
1.67
1.52
1.51
1.49
1.41
1.33
1.23
1.13
1.02
0.92
0.82
0.71
0.6
0.51
0.51
0.43
0.37
0.37
0.37
0.34
0.34
0.34
0.27
0.21
0.16
0.11
0.08
0.05
0.03
0.02
0.01
0
0
0
0
0
0
0
0
0.01
0.02
0.03
0.04
0.06
0.08
0.1
0.13
0.16
0.16
0.16
0.2
0.2
0.25
0.25
0.31
2.07
2.14
2.14
2.13
2.13
2.12
2.11
2.14
2.16
2.25
2.22
2.3
3.94
4.05
4.15
4.22
4.32
4.38
4.49
4.54
2.89
2.94
3.05
3.17
3.21
3.33
3.45
3.53
3.62
3.67
3.82
3.88
2.39
2.29
2.18
2.28
2.18
2.2
2.35
2.44
2.54
2.48
2.68
2.89
2.85
2.73
2.99
2.87
2.73
3
3.27
3.56
3.82
4.28
4.74
5.03
5.53
5.91
5.65
5.44
5.77
6.28
6.43
6.1
6.7
7.31
6.94
7.58
8.11
7.7
7.76
8.03
8.31
8.6
8.42
7.93
8.17
7.67
8.56
9.46
9.85
9.29
9.74
10.77
11.26
11.76
12.94
13.53
14.28
15.6
16.44
17.1
17.82
18.55
19.79
21.32
22.13
23.74
24.51
25.31
26.12
27.91
28.84
29.69
30.55
31.4
32.17
32.89
33.54
34.15
34.69
35.18
35.58
35.92
36.19
36.1
35.99
36.09
36.21
36.25
36.15
36.02
35.79
35.45
34.99
34.44
33.88
33.32
32.62
32.07
31.54
31.05
30.54
30.09
29.69
29.64
29.57
29.2
28.76
27.77
26.12
25.89
25.77
25.76
25.88
26.13
26.45
26.82
27.39
27.88
28.4
28.95
29.57
30.17
30.76
30.05
30.61
31.37
32.17
33.54
35.64
36.31
36.89
37.38
37.72
37.93
38.03
38.06
37.98
37.81
37.56
37.23
36.82
36.36
35.92
36.77
36.33
35.68
34.96
34.23
33.52
32.81
32.09
31.46
30.94
30.52
30.17
29.89
29.67
29.55
29.49
29.49
29.54
29.65
28.31
27.52
27.63
27.81
28.04
28.3
28.55
28.81
29.08
29.26
29.37
29.38
29.34
29.24
29.06
28.8
28.48
28.13
27.73
27.25
28.15
28.52
27.99
27.4
26.75
26.06
25.34
24.62
23.9
23.25
22.65
22.12
21.64
21.22
20.86
20.56
20.31
20.07
19.87
19.72
19.6
19.49
19.41
19.37
19.38
19.44
19.53
19.62
19.71
19.75
19.78
19.8
19.79
19.74
19.66
19.58
19.47
19.37
19.28
19.06
18.07
17.95
17.79
17.61
17.39
17.12
16.81
16.47
16.13
15.79
15.44
15.06
14.66
14.26
13.83
13.38
12.92
12.43
11.9
11.46
11.77
11.19
10.63
10.09
9.56
9.07
8.61
8.13
7.48
6.86
6.43
6.09
5.79
5.27
4.79
4.58
4.14
3.98
3.61
3.27
3.18
2.89
2.77
2.71
5.1
4.84
4.76
4.57
4.57
4.71
5.52
5.4
5.16
5.2
5.29
5.12
5.18
4.99
5.04
5.08
4.88
4.9
4.74
4.54
1.9
1.9
1.73
1.73
1.73
1.59
0.59
0.48
0.48
0.44
0.35
0.27
0.2
0.15
0.1
0.06
0.04
0.02
0.01
0
0
0
0
0
0
0
0
0
0
0
0
0
0
0
0
0
0
0
0
0
0
0
0
0
0
0
0
0
0
0
0
0
0
0
0
0
0
0
0
0
0
0
0
0.01
0.02
0.04
0.06
0.09
0.12
0.16
0.21
0.24
0.29
0.33
0.33
0.33
0.33
0.42
0.42
0.42
0.42
0.43
0.55
0.63
0.67
0.79
2.14
2.28
2.44
2.44
2.48
2.72
2.97
3.24
3.58
3.92
4.29
4.61
5.03
5.47
5.93
6.4
6.79
7.26
7.8
8.28
7.54
7.84
8.35
8.72
9.41
9.94
10.48
11.03
11.58
12.15
12.68
13.21
13.72
13.89
14.34
14.87
15.36
15.66
16.08
16.47
16.85
16.96
17.31
17.97
17.8
17.64
17.28
17.6
16.71
16.77
17.11
17.43
17.76
18.43
18.83
19.2
19.63
20.28
19.31
19.91
19.46
20.47
21.1
21.78
22.95
24.1
23.61
24.19
25.95
26.77
27.34
27.95
28.58
29.19
29.79
30.31
30.77
31.16
33.02
33.29
34.58
34.85
34.99
35.06
35.05
34.97
36.65
36.55
36.43
34.64
34.43
34.17
33.11
32.57
32.17
31.78
31.35
30.87
30.44
30.06
29.68
29.34
29.01
28.71
28.5
28.39
28.36
28.37
28.43
30.17
30.33
30.54
31.51
32.05
32.46
32.91
33.43
34.03
34.62
35.18
35.74
36.28
36.82
37.35
37.78
38.1
38.33
38.54
38.62
38.28
38.3
38.26
38.14
37.9
37.54
35.59
33.6
33.03
32.4
31.74
31.08
30.4
29.71
29.05
28.48
28.02
27.61
27.23
26.93
27.05
26.78
26.59
26.48
26.46
26.51
28.16
29.8
29.98
30.2
30.44
30.68
30.92
31.16
31.38
31.55
31.63
31.64
31.58
31.49
31.32
31.13
30.91
30.64
30.32
29.96
29.52
29.07
28.59
28.09
27.31
26.76
26.19
25.63
25.06
24.46
23.91
23.42
23
22.62
22.29
21.94
21.56
21.18
20.83
20.51
20.26
19.92
19.73
19.58
19.68
19.55
19.42
19.28
19.15
19.05
18.92
18.76
18.57
18.12
17.79
16.8
16.63
16.43
16.21
15.96
15.69
15.52
15.19
14.83
13.87
13.52
12.6
12.28
11.97
11.67
11.08
10.25
9.92
9.35
8.67
9.18
10.73
10.5
10.29
10.09
9.87
9.66
9.46
9.27
9.27
9.06
9.43
9.21
8.98
8.7
8.71
8.98
8.75
9
9.25
8.97
6.64
6.25
5.74
5.36
5.05
4.74
4.3
3.87
3.87
3.6
3.33
3.06
2.83
2.62
2.43
2.23
2.03
1.84
1.64
1.44
1.46
1.34
1.34
1.22
1.05
0.9
0.9
0.9
0.9
0.79
0.68
0.59
0.48
0.39
0.3
0.23
0.16
0.11
0.06
0.03
0.01
0
0
0
0
0
0
0
0
0
0
0
0
0
0
0
0
0
0
0
0
0
0
0
0
0
0
0
0
0
0
0
0
0
0
0
0
0
0
0
0
0
0
0
0
0
0
0
0
0
0
0
0
0
0
0
0
0
0
0
0
0
0
0
0
0
0
0
0
0.01
0.02
0.04
0.07
0.1
0.15
0.21
0.28
0.35
0.42
0.51
0.6
0.67
0.79
0.79
0.93
1.46
1.59
1.82
2.06
2.31
2.43
2.71
2.99
3.24
3.19
3.46
3.75
4
4.35
4.71
5.08
5.48
5.88
6.42
6.84
6.92
7.43
7.86
8.28
8.23
8.86
9.37
9.87
10.42
11.25
11.75
12.19
12.71
13.15
13.62
14.12
14.66
15.19
15.7
15.13
15.59
16.02
16.47
16.97
17.97
18.42
18.85
19.32
19.83
20.37
20.94
21.58
22.21
22.87
23.54
24.2
24.86
25.58
26.33
28.14
28.9
29.63
30.3
30.9
31.44
31.97
32.43
32.62
32.96
33.21
33.18
33.46
31.99
30.58
29
27.37
26.84
26.56
25.79
25.48
25.19
24.99
24.85
24.77
24.77
24.8
24.91
25.24
25.32
25.45
25.8
25.79
27.5
29.1
30.79
32.47
33
33.2
33.75
33.89
34.01
34.03
33.95
33.79
33.53
33.27
33.02
32.83
32.72
32.66
32.66
32.71
32.8
32.93
33.11
33.31
33.53
33.77
34.12
34.42
34.75
35.11
35.52
35.98
36.51
37.03
37.47
37.8
38
38.11
38.13
38.05
37.85
37.56
37.23
36.84
36.39
35.9
35.34
34.71
34.02
33.3
32.55
31.77
30.88
30.05
29.23
28.51
27.9
27.39
26.95
26.61
26.37
26.24
26.14
25.9
25.89
25.49
25.6
25.8
26.07
26.35
26.65
26.96
27.36
27.68
28
28.26
28.46
28.64
28.78
28.89
28.94
28.95
28.88
28.99
28.87
29.17
28.95
28.65
28.28
27.89
27.47
27
26.5
25.98
25.43
24.87
24.3
23.7
23.09
22.46
21.83
21.18
20.52
19.87
19.24
18.62
18.04
17.51
17.01
16.55
15.99
14.93
14.39
14.07
13.78
13.53
13.3
13.08
12.88
12.69
12.49
12.34
12.23
12.14
12.04
11.93
11.82
11.7
11.6
11.5
11.52
12.08
12.15
11.99
11.83
11.64
11.43
11.19
10.78
10.47
9.86
9.6
8.98
8.68
8.08
7.71
7.29
6.9
6.55
5.97
5.4
5.05
5.76
5.45
5.16
4.9
4.66
4.47
4.46
4.36
4.39
4.25
4.44
4.3
4.45
4.37
4.33
4.25
4.1
4.17
4.22
4.05
2.89
2.76
2.62
2.47
2.3
2.12
1.92
1.73
1.71
1.52
1.33
1.16
1.01
0.88
0.76
0.66
0.58
0.51
0.45
0.41
0.32
0.25
0.18
0.13
0.08
0.05
0.03
0.02
0.01
0
0
0
0
0
0
0
0
0
0
0
0
0
0
0
0
0
0
0
0
0
0
0
0
0
0
0
0
0
0
0
0
0
0
0
0
0
0
0
0
0
0
0
0
0
0
0
0.01
0.03
0.05
0.08
0.12
0.16
0.22
0.27
0.34
0.4
0.46
0.53
0.53
0.53
0.53
0.53
0.66
1.26
1.45
1.68
1.93
2.19
2.47
2.76
3.03
3.12
3.06
3.28
3.57
3.89
4.23
4.6
4.6
5.03
5.55
6.1
6.53
6.5
6.89
7.27
7.62
7.96
8.3
8.62
8.75
9.33
10.05
10.5
10.87
11.26
11.57
11.14
12.01
12.51
12.97
13.47
13.95
14.45
14.94
15.42
15.89
16.35
16.82
17.3
17.99
18.41
18.84
19.29
19.75
20.2
20.45
21.67
21.33
21.64
20.66
20.82
19.77
19.9
20.06
20.33
20.69
21.11
21.54
21.98
22.46
23.01
23.58
24.19
24.82
25.45
26.38
27.1
28.53
29.29
31.28
32.1
34.16
35.03
35.83
36.46
36.94
37.31
37.54
37.73
36.86
35.19
33.47
33.2
32.53
32.27
31.91
31.47
30.96
28.97
27.03
26.36
25.62
23.57
22.93
22.38
21.9
21.53
21.31
19.72
20.6
22.25
23.94
24.18
24.81
25.04
25.33
25.67
26.05
27.91
29.39
29.6
30.18
32.06
32.53
32.98
33.41
33.79
34.04
35.7
35.84
35.91
35.89
35.75
35.5
35.18
34.83
34.44
34.07
33.68
33.63
33.54
33.13
32.74
32.33
31.88
31.41
30.88
29.08
28.29
27.89
26.38
26.08
25.94
25.88
25.87
25.22
25.28
25.34
25.41
25.46
25.51
25.55
25.61
25.69
25.79
25.9
26.1
27.66
28.18
28.35
29.64
29.72
29.66
29.54
29.41
29.89
29.67
29.36
28.98
28.56
28.07
27.54
26.96
26.37
25.75
25.1
24.38
23.62
22.87
22.1
21.38
20.72
20.13
19.6
19.11
18.67
18.28
17.99
17.78
17.67
17.6
17.58
17.57
17.57
17.6
17.65
17.72
17.8
17.9
17.69
17.77
17.83
17.85
17.8
17.46
17.31
17.12
16.89
16.61
16.25
15.88
15.5
14.54
13.59
12.93
12.59
12.27
11.94
11.6
11.55
11.19
10.81
10.43
10.06
9.95
9.62
9.16
8.81
8.45
8.12
7.8
7.49
7.76
8.02
7.99
7.64
7.06
6.69
6.35
6.02
5.52
5.24
4.79
4.56
4.15
3.95
3.89
3.72
3.41
3.24
3.07
2.79
2.51
2.34
2.18
2.02
2.13
2.03
1.91
1.79
1.85
1.71
1.75
1.59
1.61
1.43
1.24
1.07
1.07
0.94
0.81
0.81
0.81
0.72
0.64
0.57
0.46
0.36
0.28
0.21
0.15
0.1
0.06
0.03
0.01
0
0
0
0
0
0
0
0
0
0
0
0
0
0
0
0
0
0
0
0
0
0
0
0
0.01
0.02
0.03
0.04
0.06
0.08
0.11
0.14
0.14
0.16
0.88
0.91
0.91
0.91
0.96
0.97
0.97
1.04
1.04
1.04
1.1
1.17
1.17
1.24
1.24
1.22
1.25
1.3
1.3
1.39
0.8
0.91
1.06
1.24
1.38
1.58
1.8
1.73
1.92
2.12
2.05
2.21
2.52
2.69
2.67
2.67
2.87
3.11
3.47
3.72
3.97
3.83
4.07
4.31
4.12
4.34
4.55
5.01
5.28
5.54
6.01
6.26
6.35
6.5
7.02
7.56
7.31
7.17
7.36
7.48
7.16
7.16
7.02
7.19
7.78
7.36
7.4
6.95
7.01
7.15
7.29
7.45
7.72
8.04
8.23
7.76
8.39
8.87
9.13
9.47
10.27
11.1
10.84
10.26
9.96
10.82
11.23
12.16
12.59
11.99
11.37
11.71
11.68
11.9
12.13
13.03
13.38
13.7
13.92
14.12
14.3
14.46
15.37
15.86
16.72
16.98
17.2
17.38
17.51
18.58
19.66
19.74
19.89
20.06
20.16
20.24
20.41
20.55
20.25
20.15
19.12
19.23
19.43
20.06
20.06
20.09
19.78
18.68
18.53
18.69
18.83
18.97
19.35
19.38
19.44
19.48
19.41
19.34
19.7
19.83
20.89
20.85
20.78
20.68
20.55
20.41
20.63
21.62
21.67
21.45
21.27
21.15
21.08
21.09
21.19
21.34
21.55
21.82
22.13
22.48
22.85
23.26
23.72
24.22
24.75
25.3
25.87
26.48
27.12
27.77
28.4
29.02
29.61
30.13
30.55
30.88
31.11
31.23
31.25
31.21
29.77
29.58
29.33
29.02
28.64
28.18
27.69
27.13
26.52
25.85
25.16
24.41
23.63
22.91
22.26
21.68
21.19
20.78
20.43
20.13
21.23
21.08
20.73
20.7
20.72
20.77
20.86
20.97
21.1
21.27
21.44
21.63
21.81
21.95
22.04
22.02
22.01
21.97
21.88
21.76
21.58
21.33
21.29
20.92
20.55
20.16
19.78
19.39
18.98
18.55
18.09
17.61
17.15
16.68
15.61
14.74
14.34
13.95
13.58
13.26
12.95
12.65
12.37
12.12
11.89
11.67
11.43
11.2
11
10.63
10.5
10.41
10.33
10.27
10.82
11.26
11.19
11.12
11.02
10.89
10.77
10.66
10.54
10.42
10.29
10.15
10.01
9.86
9.31
8.96
8.41
8.02
7.79
7.23
6.68
6.45
7.52
7.27
7.01
6.76
6.52
6.28
6.05
5.6
5.37
5.33
4.91
4.61
4.64
4.82
5.25
5.11
4.9
5
5.08
4.77
3.16
2.88
2.62
2.38
2.23
2.08
1.94
2
1.84
1.5
1.53
1.45
1.44
1.27
0.84
0.8
0.67
0.57
0.49
0.49
0.49
0.49
0.49
0.49
0.39
0.3
0.22
0.16
0.11
0.07
0.04
0.02
0.01
0
0
0
0
0
0
0
0
0
0
0
0
0
0
0
0
0
0
0
0
0
0
0
0
0
0
0
0
0
0
0
0
0
0
0
0
0
0
0
0.01
0.01
0.02
0.04
0.05
0.08
0.1
0.14
0.18
0.22
0.27
0.32
0.37
0.44
0.48
0.48
0.48
0.52
0.52
0.61
1.61
1.71
1.82
1.92
2.02
2
2.1
2.19
2.29
2.39
2.5
2.63
2.78
2.71
2.67
2.67
2.92
3.19
3.19
3.09
2.38
2.52
2.4
2.29
2.17
2.17
2.04
1.92
1.83
2.15
2.28
2.61
2.8
2.8
2.94
3.38
3.69
3.55
4.14
6.87
7.19
7.57
8.2
8.84
9.43
10.11
10.49
11.08
11.76
12.04
12.41
12.65
13
13.76
14.07
13.73
13.94
13.79
14
12.08
11.46
11.69
11.94
11.51
11.67
11.79
12.44
12.92
13.28
13.64
14.1
14.52
14.95
15.4
16.21
17.39
17.89
19.17
19.64
20.12
21.45
21.96
22.44
23.62
24.25
23.83
23.7
22.63
22.86
23.05
23.22
23.32
23.38
23.37
22.12
20.83
20.5
20.45
19.69
19.67
18.34
16.98
15.61
15.52
15.45
16.41
16.76
18.19
18.36
18.59
18.86
19.18
19.54
20.02
21.71
23.38
24.09
24.52
25.66
26
27.61
29.19
30.75
31.01
31.23
31.4
31.61
31.63
30.15
28.62
28.47
28.3
28.11
27.83
27.55
27.31
27.09
26.88
26.71
26.55
26.35
26.18
26.07
25.99
25.96
26
24.53
24.64
25.62
25.62
25.79
25.97
26.17
26.37
26.58
26.8
27.02
27.24
27.48
27.71
28.02
28.29
28.39
28.5
28.54
28.48
29.89
29.72
29.95
31.06
30.73
30.37
30
29.59
29.13
28.62
28.06
27.46
26.81
26.19
25.57
25
24.59
24.19
23.85
23.6
23.43
23.32
23.4
23.62
23.71
23.84
23.99
24.18
24.4
24.67
24.96
25.26
25.57
25.83
26.05
26.21
26.33
26.39
26.44
26.46
26.42
26.33
26.18
25.95
25.66
25.31
24.91
24.46
23.95
23.4
22.81
21.87
21.18
20.55
19.93
19.32
18.71
18.1
17.46
16.45
15.39
14.21
13.49
12.93
12.41
11.94
10.97
10.03
9.71
9.43
9.21
9.36
9.27
9.16
9.06
8.96
8.87
8.78
8.72
9.01
9.37
9.87
9.92
9.84
9.73
9.61
10.01
10.39
10.19
9.98
9.74
9.14
8.85
8.26
7.96
7.65
7.35
7.04
6.73
6.42
6.12
5.82
5.54
5.28
4.84
4.42
4.02
3.84
3.69
3.34
3.17
3.17
3.01
3.15
2.99
2.73
2.56
2.4
2.25
2.15
2.04
1.94
1.82
1.7
1.77
1.82
1.85
1.67
1.48
1.48
1.31
1.31
1.16
1.03
0.9
0.9
0.81
0.73
0.65
0.54
0.44
0.34
0.26
0.18
0.12
0.07
0.03
0.01
0
0
0
0
0
0
0
0
0
0
0
0
0
0
0
0
0
0
0
0
0
0
0
0
0
0
0
0
0
0
0
0
0
0
0
0
0
0
0
0
0
0
0
0
0
0
0
0
0
0
0
0
0
0
0
0
0
0
0
0
0
0
0
0
0
0.01
0.03
0.09
0.17
0.27
0.41
0.56
0.75
0.97
1.03
1.19
1.19
1.19
1.43
1.61
1.79
1.79
1.79
2.18
2.49
2.48
2.46
2.93
2.85
3.27
3.14
2.98
2.8
3.12
6.69
6.53
7.07
7.72
8.17
8.69
9.23
9.96
9.96
10.16
9.85
10.13
11.01
11.43
12.42
12.82
13.62
14.4
15.48
16.05
13.57
14.74
15.37
15.16
15.67
16.19
16.77
17.41
18.82
19.66
20.71
21.84
22.48
23.07
23.67
24.4
25.28
26.22
26.87
27.51
28.16
28.83
29.49
30.89
31.53
32.13
32.66
33.11
33.52
33.94
34.75
35.21
34.92
35.1
35.28
35.34
35.37
35.36
35.32
35.18
34.99
34.71
32.87
31.03
30.41
30.12
29.83
29.53
29.17
28.73
28.24
27.72
27.79
27.35
26.87
26.44
25.99
25.58
25.21
24.92
24.15
22.59
23.41
24.85
25.09
25.03
25.01
24.94
25.04
24.71
24.97
25.3
25.7
26.18
26.68
27.24
27.82
28.32
28.78
29.23
30.2
32.01
33.01
33.39
33.78
33.98
34.1
34.37
34.46
34.98
34.87
34.68
34.41
34.03
33.59
33.04
32.51
32.04
31.56
31.06
30.53
29.98
29.43
28.87
28.28
27.9
27.61
27.28
27.04
26.91
26.87
26.92
27.04
27.25
27.51
27.84
28.17
28.5
28.87
29.24
29.63
30.02
30.37
30.69
31
31.24
31.38
31.43
31.4
31.28
31.09
30.82
30.46
30.02
29.52
28.95
28.31
27.63
26.9
26.14
25.36
24.57
23.79
23.03
22.29
21.56
20.89
20.29
19.73
19.22
18.76
18.37
18.06
17.82
17.63
17.51
17.43
17.41
17.43
17.47
17.52
17.6
17.68
17.76
17.83
17.9
17.96
17.99
18.01
18
17.96
17.88
17.75
17.58
17.36
17.12
16.58
16.26
15.9
15.53
15.15
14.76
13.84
13.42
12.68
11.99
11.55
11.11
10.66
10.21
9.77
9.3
8.54
7.98
7.44
6.97
6.76
6.3
5.86
5.4
5.06
4.7
4.86
4.51
4.47
4.37
4.03
3.66
3.3
2.93
2.58
2.26
2.26
2.08
1.92
1.71
1.52
1.35
1.21
1.09
0.87
0.69
0.52
0.39
0.27
0.18
0.1
0.04
0.01
0
0
0
0
0
0
0
0
0
0
0
0
0
0
0
0
0
0
0
0
0
0
0
0
0
0
0
0
0
0
0
0
0
0
0
0
0
0
0
0
0
0
0
0
0
0
0
0
0
0
0
0
0
0
0
0
0
0
0
0
0
0
0
0
0
0
0
0
0
0
0
0
0
0
0
0
0
0
0
0
0
0
0
0
0.01
0.02
0.03
0.06
0.09
0.13
0.18
0.23
0.3
0.37
0.47
0.59
0.73
0.89
1.06
1.29
1.53
1.81
1.81
2.05
2.35
2.67
3.02
3.42
3.39
3.87
4.36
4.74
5.27
5.2
5.1
4.98
5.55
6.52
6.77
7.04
7.58
7.96
8.77
9.35
9.87
10.41
10.93
11.41
12.32
12.74
13.21
13.84
14.36
15.54
16.74
17.94
18.48
18.63
19.54
20.42
21.09
21.92
22.64
23.38
24.16
24.95
25.76
26.61
27.48
27.86
26.86
27.03
25.91
26.48
27.04
27.64
28.2
28.68
29.08
29.29
29.56
29.78
29.97
30.1
30.18
30.2
30.15
30.04
29.89
30.21
31.58
31.72
33.36
33.24
33.09
32.86
32.63
32.45
32.27
32.21
32.04
31.91
31.81
31.72
31.59
31.45
31.29
31.1
30.85
30.55
30.23
30.15
29.82
29.53
29.21
29.03
28.9
28.83
28.82
28.55
28.48
28.49
28.5
28.55
28.68
28.91
29.22
29.61
29.15
29.72
30.64
31.35
32.07
32.69
33.31
33.77
34.13
34.42
34.6
35.01
35.16
35.16
35.13
35.06
34.9
34.65
34.31
33.91
34.4
33.87
33.29
32.67
32.02
31.45
30.97
30.56
30.21
29.88
29.63
29.46
29.37
29.33
29.27
29.2
29.18
29.21
29.31
29.43
29.57
29.73
29.9
30.04
30.18
30.28
30.35
30.38
30.36
30.17
29.44
29.26
28.81
27.26
26.93
26.57
26.14
25.64
25.09
24.5
23.88
23.24
22.59
21.97
21.34
20.71
20.08
19.46
18.9
18.52
18.68
18.25
18.07
18.98
18.71
18.41
18.15
18.02
17.93
16.96
16.28
16.23
16.18
15.78
15.7
15.59
15.49
14.64
13.77
13.57
13.31
13.06
12.78
12.47
12.15
11.91
11.67
11.36
