start_date: 1960-10-01 24:00
start_date: 2013-09-30 24:00
data_date: 1960-10-01 24:00
timestep: 1 DAY
units: cfs
scale: 1.000000
#Series Slot: ReferenceDemands.Non Project [1 cfs]
1.47
1.4
1.32
1.24
1.17
1.1
1.02
0.95
0.87
0.8
0.73
0.66
0.59
0.52
0.45
0.41
0.41
0.41
0.36
0.31
0.27
0.24
0.21
0.19
0.15
0.12
0.1
0.08
0.06
0.04
0.03
0.02
0.01
0.01
0.01
0.01
0.01
0.01
0.01
0.01
0.01
0.01
0.01
0.01
0.01
0.01
0.01
0.01
0.01
0.01
0.01
0.01
0.01
0
0
0
0
0
0
0
0
0
0
0
0
0
0
0
0
0
0
0
0
0
0
0
0
0
0
0
0
0
0
0
0
0
0
0
0
0
0
0
0
0
0
0
0
0
0
0
0
0
0
0
0
0
0
0
0
0
0
0
0
0
0
0
0
0
0
0
0
0
0
0
0
0
0
0
0
0
0
0
0
0
0
0
0
0
0
0
0
0
0
0
0
0
0
0
0
0
0
0
0
0
0
0
0
0
0
0
0
0
0
0
0
0
0
0
0
0
0
0.01
0.02
0.03
0.04
0.06
0.08
0.11
0.18
0.3
0.47
0.69
0.94
1.24
1.51
1.88
2.29
2.29
2.29
2.29
2.29
2.29
2.28
2.27
2.25
2.23
2.21
2.19
2.11
1.99
1.82
1.62
1.4
1.1
1
0.86
0.74
1.06
1.06
1.26
1.63
1.88
1.88
1.88
2.4
2.97
3.61
4.34
5.19
6.11
7.1
8.11
9.21
10.4
11.15
11.95
12.78
13.74
15.16
16.5
17.78
17.53
17.53
19.5
20.13
19.55
21.16
22.77
24.38
25.48
27.26
29.19
31.09
33.11
34.07
36.4
38.73
40.95
43.12
45.27
47.41
51.29
55.22
57.24
60.15
64.28
66.23
68.11
69.87
72.05
73.43
74.61
75.66
76.53
78.7
79.38
79.94
80.42
80.8
81.07
81.19
81.25
81.29
81.28
81.2
81.05
80.82
80.52
80.22
79.92
79.66
79.36
79.01
78.6
78.1
77.51
76.83
76.1
75.28
74.36
73.32
72.07
70.6
68.91
67.03
64.97
62.73
60.33
57.78
53.88
52.07
50.18
47.49
45.52
43.56
41.6
39.66
36.4
34.41
32.44
30.53
28.8
27.25
25.87
24.66
23.62
22.75
22.06
21.49
22.26
20.94
19.74
19.39
18.38
17.45
16.6
15.83
16.45
15.88
15.39
14.97
14.55
14.14
13.74
13.35
12.98
12.62
12.29
12
11.73
11.48
10.74
10.03
9.73
9.57
9.38
9.15
8.89
8.6
8.29
7.95
7.57
7.19
6.78
6.73
6.64
6.49
6.3
6.07
5.8
5.48
5.61
5.7
5.36
4.87
4.42
4.02
3.67
3.37
3.11
2.9
2.73
2.59
2.49
2.03
1.63
1.27
0.95
0.68
0.45
0.27
0.14
0.05
0.01
0.01
0.01
0.01
0.01
0.01
0.01
0
0
0
0
0
0
0
0
0
0
0
0
0
0
0
0
0
0
0
0
0
0
0
0
0
0
0
0
0
0
0
0
0
0
0
0
0
0
0
0
0
0
0
0
0
0
0
0
0
0
0
0
0
0
0
0
0
0
0
0
0
0
0
0
0
0
0
0
0
0
0
0
0
0
0
0
0
0
0
0
0
0
0
0
0
0
0
0
0
0
0
0
0
0
0
0
0
0
0
0
0
0
0
0
0
0
0
0
0
0
0
0
0
0
0
0
0
0
0
0
0
0
0
0
0
0
0
0
0
0
0
0
0
0
0
0
0
0
0
0
0
0
0
0
0
0
0
0
0
0
0
0.05
0.16
0.32
0.53
0.79
1.11
1.49
1.91
2.39
2.39
2.39
2.39
2.39
2.39
2.42
2.42
2.6
2.9
2.98
3.15
3.31
3.47
3.64
3.43
3.17
2.95
3.07
2.98
2.5
3.08
3.66
4.24
4.85
5.51
5.49
6.16
5.98
5.68
6.3
6.64
7.21
7.81
8.39
9.36
10.42
11.47
12.21
13.21
14.6
14.01
15.02
14.43
14.58
15.48
17.32
18.62
20.75
23.01
24.67
26.61
27.25
28.96
30.68
32.37
34.03
35.71
37.39
39.09
40.83
44.05
45.8
49.3
52.18
54.4
56.4
58.34
60.14
61.89
63.62
65.3
68.04
69.66
71.36
73.11
74.84
76.47
78.04
79.52
80.9
82.2
83.36
84.29
85.03
85.57
86.06
86.47
86.84
87.11
87.31
87.51
87.72
87.9
87.91
87.79
87.64
87.46
87.22
86.91
86.57
86.19
85.8
85.44
85.05
84.62
84.07
82.09
81.35
80.45
79.38
78.15
76.75
75.23
73.61
71.89
70.04
65.88
61.63
59.16
56.77
54.22
51.53
48.73
45.88
43.03
40.19
38.69
36.85
35.1
33.42
31.75
30.08
28.43
26.82
25.24
23.71
24.46
25.27
24.37
23.42
22.67
22.09
21.64
21.33
21.09
20.94
20.87
19.93
19.06
18.28
17.61
17.05
16.58
16.2
15.92
15.67
15.46
15.26
15.01
14.74
14.43
14.11
13.82
13.52
13.21
12.89
12.55
11.98
11.22
10.68
10.19
9.66
9.12
8.46
7.78
7.48
7.16
6.86
6.38
5.82
5.29
4.84
4.31
3.88
3.39
2.96
3
2.85
2.89
2.7
2.49
2.31
2.17
2.14
2.15
1.82
1.52
1.25
1.19
1.22
1.25
1.21
1.23
1.16
1.17
1.14
0.67
0.65
0.63
0.61
0.57
0.54
0.49
0.45
0.41
0.37
0.33
0.29
0.26
0.23
0.2
0.18
0.16
0.14
0.13
0.12
0.11
0.09
0.07
0.05
0.04
0.03
0.02
0.02
0.02
0.02
0.02
0.01
0.01
0.01
0.01
0
0
0
0
0
0
0
0
0
0
0
0
0
0
0
0
0
0
0
0
0
0
0
0
0
0
0
0
0
0
0
0
0
0
0
0
0
0
0
0
0
0
0
0
0
0
0
0
0
0
0
0
0
0
0
0
0
0
0
0
0
0
0
0
0
0
0
0
0
0
0
0
0
0
0
0
0
0
0
0
0
0
0.01
0.01
0.01
0.01
0.01
0.01
0.01
0.01
0.01
0.01
0.01
0.01
0.01
0.01
0.01
0.01
0.01
0.01
0.01
0.01
0.01
0.01
0.01
0.01
0.01
0.01
0.01
0.02
0.03
0.05
0.07
0.09
0.11
0.14
0.14
0.14
0.14
0.14
0.14
0.14
0.18
0.22
0.27
0.27
0.27
0.32
0.34
0.36
0.35
0.39
0.43
0.47
0.5
0.53
0.57
0.63
0.69
0.75
0.8
0.87
0.89
0.85
0.8
0.85
0.91
0.92
0.95
0.99
1.15
1.37
1.67
2.11
2.68
3.37
4.14
5.06
5
4.94
4.88
4.82
4.76
4.76
4.95
5.2
5.57
6.05
6.66
7.33
7.17
7.23
7.1
7.49
7.78
7.04
7.22
6.25
7.34
8.5
9.76
11.15
12.67
14.32
15.82
17.26
18.66
20.06
21.45
22.9
22.9
24.94
27.18
28.91
27.99
30.82
32.73
35.73
37.72
39.66
38.41
39.89
41.45
42.87
44.33
45.83
47.31
48.71
50.03
51.19
54.14
55.1
56.01
56.79
60.2
60.8
61.32
61.77
62.12
62.46
65.92
66.55
66.97
67.45
67.84
68.1
68.28
68.4
68.48
68.58
69.14
69.29
69.35
69.33
69.28
69.24
69.17
69.08
69.04
68.98
68.88
68.7
67.55
65.45
64.98
64.46
63.85
63.13
62.32
61.39
60.29
59.11
57.89
56.62
55.25
53.82
51.99
50.41
48.61
46.67
44.57
42.34
40.94
40.33
37.26
34.89
32.52
31.52
30.52
29.55
28.58
27.61
26.63
25.54
24.61
23.56
22.78
21.49
20.47
19.6
18.89
18.36
17.95
17.66
18.2
18.11
18.12
16.9
15.78
14.75
13.8
12.96
12.22
11.68
11.1
10.67
10.38
10.34
10.22
10.1
9.55
9.39
9.24
9.07
8.9
8.37
8.17
7.96
7.73
7.5
7.29
7.08
6.83
6.56
6.27
5.97
5.51
5.06
4.6
4.15
4.16
4.03
3.87
3.64
3.45
3.61
3.42
3.22
3.01
2.78
2.54
2.26
2.02
1.81
1.62
1.45
1.45
1.45
1.45
1.45
1.44
1.17
0.94
0.78
0.61
0.45
0.32
0.21
0.12
0.06
0.03
0.01
0.01
0
0
0
0
0
0
0
0
0
0
0
0
0
0
0
0
0
0
0
0
0
0
0
0
0
0
0
0
0
0
0
0
0
0
0
0
0
0
0
0
0
0
0
0
0
0
0
0
0
0
0
0
0
0
0
0
0
0
0
0
0
0
0
0
0
0
0
0
0
0
0
0
0
0
0
0
0
0
0
0
0
0
0
0
0
0
0
0
0
0
0
0
0
0
0
0
0
0
0
0
0
0
0
0
0
0
0
0
0
0
0
0
0
0
0
0
0
0
0
0
0
0
0
0
0
0
0
0
0
0
0
0
0
0
0
0
0
0
0
0
0
0
0
0.01
0.01
0.01
0.01
0.01
0.01
0.01
0.01
0.01
0.01
0.01
0.01
0.01
0.01
0.01
0.02
0.02
0.03
0.05
0.13
0.27
0.49
0.76
1.08
1.45
1.88
2.37
2.94
2.94
2.94
2.94
3.09
3.38
3.8
4.34
4.98
5.37
5.36
5.34
5.97
6.62
7.31
8.05
8.88
9.82
10.84
10.34
11.4
11.4
11.4
12.44
13.81
13.56
14.76
16.09
17.4
19.07
19.07
21.4
23.06
22.26
23.75
25.16
26.52
27.77
28.96
31.65
32.78
35.58
38.54
40.61
42.3
45.55
47.33
48.96
50.64
51.72
55.44
56.83
58.24
62.21
63.89
65.59
67.22
68.81
70.34
71.83
73.34
74.82
76.15
77.34
78.42
79.4
80.2
80.8
81.21
82.07
82.35
82.67
82.88
82.66
82.5
78.37
78.09
74.45
74.11
73.72
73.2
72.6
71.92
71.16
70.35
69.49
68.73
67.96
67.21
66.4
65.47
64.41
63.27
62.25
60.91
63.33
61.74
63.34
61.46
59.44
57.32
55.04
52.6
50.04
47.33
44.52
41.56
38.5
35.22
32.38
30.42
28.43
26.41
24.42
22.45
20.55
18.69
16.89
15.19
13.59
12.07
10.78
9.7
8.83
8.16
7.65
7.29
7.09
7.19
6.93
5.89
5
4.24
3.6
3.07
2.63
2.3
2.06
1.9
1.81
1.77
1.74
1.71
1.67
1.63
1.58
1.55
1.51
1.48
1.45
1.43
1.4
1.37
1.34
1.31
1.27
1.23
1.19
1.15
1.1
1.06
1.03
0.99
0.95
0.9
0.86
0.8
0.76
0.7
0.65
0.59
0.53
0.48
0.43
0.39
0.35
0.31
0.27
0.24
0.22
0.18
0.15
0.12
0.09
0.07
0.06
0.06
0.05
0.04
0.03
0.03
0.03
0.02
0.02
0.02
0.02
0.02
0.02
0.02
0.02
0.02
0.01
0.01
0.01
0.01
0
0
0
0
0
0
0
0
0
0
0
0
0
0
0
0
0
0
0
0
0
0
0
0
0
0
0
0
0
0
0
0
0
0
0
0
0
0
0
0
0
0
0
0
0
0
0
0
0
0
0
0
0
0
0
0
0
0
0
0
0
0
0
0
0
0
0
0
0
0
0
0
0
0
0
0
0
0
0
0
0
0
0
0
0
0
0
0
0
0
0
0
0
0
0
0
0
0
0
0
0
0
0
0
0
0
0
0
0
0
0
0.01
0.01
0.01
0.01
0.01
0.01
0.02
0.03
0.04
0.05
0.07
0.09
0.12
0.15
0.15
0.18
0.21
0.25
0.29
0.29
0.42
0.54
0.79
1.08
1.41
1.76
2.17
2.62
2.61
2.59
2.58
2.55
2.53
2.5
2.5
2.56
2.7
2.92
3.06
3.46
3.8
4.18
4.5
4.82
4.69
4.62
4.55
4.49
4.98
5.57
6.26
7.05
7.59
8.58
8.58
8.49
9.44
10.38
11.44
12.35
13.27
14.24
15.23
16.25
17.82
19.45
21.15
22.88
24.57
26.15
27.68
29.12
30.41
29.42
31.89
34.53
35.63
37.38
38.12
39.97
40.97
39.49
40.76
42.38
43.87
45.19
46.39
47.59
48.81
49.5
50.91
52.46
54.55
58.48
59.55
60.75
62.31
63.1
64.85
65.45
66.96
70.95
72.15
72.95
73.75
74.6
75.41
76.11
76.74
77.92
78.31
78.52
78.54
78.54
78.96
79.13
79.39
79.65
79.86
79.99
79.9
79.62
79.24
78.74
78.13
77.4
76.62
75.79
74.84
73.77
72.6
71.38
70.08
68.63
66.95
65.01
60.96
57.41
55.03
52.57
50.03
47.43
44.78
41.23
38.85
36.9
33.68
31.7
28.62
25.65
23.32
21.41
19.54
17.76
16.18
14.79
15.45
15.64
14.69
13.87
13.18
12.63
12.19
12.71
12.1
11.09
11.38
10.44
10.68
10.87
10.48
9.72
9
8.77
8.51
8.24
7.94
7.61
7.27
6.91
6.52
6.1
5.68
5.26
4.9
4.59
4.34
4.15
4
3.9
3.85
3.84
3.87
3.47
3.11
2.77
2.48
2.22
1.99
1.8
1.65
1.52
1.44
1.38
1.32
1.25
1.18
1.1
1.02
0.94
0.86
0.77
0.69
0.62
0.55
0.48
0.42
0.37
0.32
0.27
0.24
0.21
0.17
0.13
0.1
0.07
0.05
0.03
0.02
0.01
0
0
0
0
0
0
0
0
0
0
0
0
0
0
0
0
0
0
0
0
0
0
0
0
0
0
0
0
0
0
0
0
0
0
0
0
0
0
0
0
0
0
0
0
0
0
0
0
0
0
0
0
0
0
0
0
0
0
0
0
0
0
0
0
0
0
0
0
0
0
0
0
0
0
0
0
0
0
0
0
0
0
0
0
0
0
0
0
0
0
0
0
0
0
0
0
0
0
0
0
0
0
0
0
0
0
0
0
0
0
0
0
0
0
0
0
0
0
0
0
0
0
0
0
0
0
0
0
0
0
0
0
0.04
0.13
0.27
0.45
0.69
0.97
1.33
1.77
2.28
2.28
2.28
2.28
2.28
2.32
2.45
2.45
2.45
2.45
2.57
3.03
3.5
3.98
4.21
4.02
4.23
4.42
4.54
4.6
4.61
5.2
5.83
6.5
7.22
7.94
8.63
9.52
10.47
11.47
12.44
13.11
13.8
13.23
14.11
15.4
16.32
15.98
17.06
18.24
19.49
20.74
22.04
23.42
24.89
26.47
28.06
29.68
31.33
33.04
34.7
36.32
37.87
40.68
42.38
44.16
45.94
48.95
47.39
48.27
48.93
47.1
47.86
49.16
50.36
50.86
48.45
48.96
46.98
47.93
48.95
49.99
51.15
52.26
53.23
54.08
54.94
55.99
60.27
62.04
63.99
68.39
67.36
68.28
69.13
70.49
74.71
75.91
79.51
80.04
80.49
79.1
79.47
79.88
80.3
80.69
81.01
81.02
76.74
76.6
76.33
74.7
77.23
77.14
77.02
76.83
76.53
76.12
75.64
75.11
74.47
75.51
74.58
73.49
72.28
70.95
69.48
67.91
70.36
68.42
66.37
65.47
62.96
60.27
57.47
54.62
52.61
50.56
48.48
46.35
44.21
42.09
39.99
37.9
35.85
33.87
32
29.62
28.15
26.87
25.77
24.84
24.12
23.59
23.21
22.99
21.1
20.28
21.72
21.13
20.62
20.2
19.85
19.58
19.33
19.09
18.82
19.21
18.82
18.37
17.9
17.39
16.82
16.44
16.01
15.51
15.91
15.29
12.5
11.66
10.94
10.18
9.41
8.61
7.87
7.18
6.56
6
5.5
5.06
4.66
4.3
3.99
3.5
3.05
2.67
2.34
2.06
1.83
1.77
1.62
1.5
1.42
1.35
1.29
1.25
1.21
1.15
1.1
1.04
0.98
0.91
0.84
0.77
0.69
0.62
0.56
0.5
0.44
0.39
0.34
0.3
0.26
0.24
0.22
0.18
0.14
0.1
0.07
0.05
0.03
0.02
0.01
0
0
0
0
0
0
0
0
0
0
0
0
0
0
0
0
0
0
0
0
0
0
0
0
0
0
0
0
0
0
0
0
0
0
0
0
0
0
0
0
0
0
0
0
0
0
0
0
0
0
0
0
0
0
0
0
0
0
0
0
0
0
0
0
0
0
0
0
0
0
0
0
0
0
0
0
0
0
0
0
0
0
0
0
0
0
0
0
0
0
0
0
0
0
0
0
0
0
0
0
0
0
0
0
0
0
0
0
0
0
0
0
0
0
0
0
0
0
0
0
0
0
0
0
0
0
0
0
0
0
0
0
0
0
0
0
0
0
0
0
0
0
0
0
0
0
0
0
0
0
0
0
0
0
0
0
0
0
0
0
0
0
0
0
0
0
0.01
0.02
0.03
0.05
0.08
0.11
0.15
0.19
0.22
0.26
0.31
0.36
0.42
0.42
0.53
0.68
1.07
1.59
2.24
3
3.87
4.85
4.84
4.82
4.79
4.76
4.73
4.68
4.65
4.74
4.98
5.43
5.86
6.65
7.44
7.29
6.9
7.44
7.88
8.22
7.34
7.54
8.81
10.16
11.61
13.18
14.89
16.66
18.49
20.22
21.89
23.38
24.98
26.37
25.95
28.42
28.42
30.1
31.95
33.97
37.24
39.46
41.74
44.03
46.31
48.56
50.75
52.98
55.23
57.54
59.8
62.08
64.32
66.46
70.3
72.13
76.43
77.95
79.28
80.39
81.37
82.2
82.9
83.5
84
84.42
84.78
85
85.11
85.08
84.97
84.76
84.45
84.1
83.73
83.36
82.98
82.57
82.11
81.6
80.99
80.27
79.45
78.48
77.39
76.16
74.77
73.25
71.58
69.71
67.66
65.46
63.11
60.58
57.87
54.98
51.91
50.28
48.54
46.7
44.78
42.85
40.89
38.94
37
35.1
33.23
31.42
29.79
28.37
27.14
26.09
25.23
24.59
24.14
23.89
23.82
22.35
21.03
19.89
18.9
18.03
17.29
16.67
15.93
15.53
15.23
15.02
14.82
14.63
14.46
14.29
14.12
13.92
13.68
13.4
13.09
12.74
12.36
11.62
10.9
10.4
9.68
9.39
9.31
8.94
8.53
8.07
7.58
7.07
6.53
6
5.44
4.87
4.35
3.87
3.43
3.04
2.69
2.7
2.68
2.46
2.46
2.04
1.65
1.32
1.04
0.81
0.62
0.46
0.34
0.24
0.16
0.13
0.1
0.07
0.05
0.03
0.02
0.01
0.01
0.01
0.01
0.01
0
0
0
0
0
0
0
0
0
0
0
0
0
0
0
0
0
0
0
0
0
0
0
0
0
0
0
0
0
0
0
0
0
0
0
0
0
0
0
0
0
0
0
0
0
0
0
0
0
0
0
0
0
0
0
0
0
0
0
0
0
0
0
0
0
0
0
0
0
0
0
0
0
0
0
0
0
0
0
0
0
0
0
0
0
0
0
0
0
0
0
0
0
0
0
0
0
0
0
0
0
0
0
0
0
0
0
0
0.01
0.01
0.01
0.04
0.1
0.21
0.37
0.57
0.83
1.13
1.46
1.82
1.82
1.82
1.82
1.93
2.09
2.29
2.55
2.84
3.18
3.55
3.55
3.91
4.25
4.51
4.74
4.91
5.04
5.13
5.24
5.32
5.77
5.77
6.2
6.5
6.74
6.92
7.07
7.17
7.3
7.51
8.18
8.54
9.01
9.58
10.21
10.9
11.64
12.38
13.12
12.68
13.5
14.81
15.74
16.75
17.82
18.95
20.15
21.42
22.62
23.67
24.61
25.4
26.09
26.74
27.38
28.02
28.65
28
28.07
28.98
29.73
30.52
31.11
31.73
32.43
32.57
30.97
31.79
32.74
32.5
32.43
33.16
34.74
36.32
37.86
39.38
40.92
43.76
45.97
48.04
46.64
48.32
46.38
48.35
50.28
52.79
57.05
58.92
60.69
63.7
66.58
68.72
70.13
71.58
73.19
74.84
76.48
78.06
79.51
81.47
85.79
87.02
92.08
93.17
94.17
95.08
95.9
96.66
97.38
98.08
98.72
99.35
99.81
99.32
99.3
99.06
98.74
98.39
97.97
97.4
96.67
95.72
94.57
93.25
91.79
90.2
88.44
86.46
84.26
81.87
79.38
76.71
73.95
71.9
69.1
66.29
63.86
61.34
58.81
55.06
52.58
50.18
47.82
45.48
43.18
40.93
38.17
36.16
34.32
32.66
31.12
28.73
27.4
26.32
24.48
23.62
22.09
20.04
18.72
19.06
18.26
17.53
16.9
16.37
15.27
14.95
15.28
15.1
14.95
14.82
14.72
15.62
15.61
15.46
16.19
16.04
16.21
17.02
17.18
16.99
16.78
16.5
16.19
15.52
15.6
15.14
14.62
13.96
13.31
12.61
12.11
11.58
11.02
10.44
9.83
9.2
8.55
7.85
7.13
6.4
5.67
5.01
4.4
4.16
3.85
3.4
3.01
2.75
2.47
2.25
1.83
1.45
1.12
0.84
0.6
0.39
0.23
0.12
0.05
0.02
0.02
0.02
0.02
0.01
0.01
0.01
0.01
0.01
0.01
0.01
0.01
0.01
0.01
0.01
0.01
0.01
0.01
0.01
0.01
0.01
0.01
0.01
0.01
0.01
0
0
0
0
0
0
0
0
0
0
0
0
0
0
0
0
0
0
0
0
0
0
0
0
0
0
0
0
0
0
0
0
0
0
0
0
0
0
0
0
0
0
0
0
0
0
0
0
0
0
0
0
0
0
0
0
0
0
0
0
0
0
0
0
0
0
0
0
0
0
0
0
0
0
0
0
0
0
0
0
0
0
0
0
0
0
0
0
0
0
0
0
0
0
0
0
0
0
0
0
0
0
0
0
0
0
0
0
0
0
0
0
0
0
0
0
0
0
0
0
0
0
0
0
0
0
0
0
0
0
0
0
0
0
0
0
0
0
0
0
0
0
0
0
0
0.07
0.19
0.35
0.59
0.88
1.23
1.63
2.08
2.59
2.59
2.58
2.58
2.58
2.58
2.58
2.58
2.58
2.58
2.58
2.58
2.52
2.4
2.23
2.04
1.88
1.77
1.73
1.79
1.93
2.69
3.22
3.87
4.58
4.58
4.78
4.78
4.78
6.04
7.39
8.78
10.28
11.88
13.58
15.33
17.01
18.66
20.24
21.72
23.15
22.39
24.05
25.67
27.26
29.57
31.8
34.33
36.95
38.41
39.33
39.97
40.98
39.39
39.59
37.8
39.17
40.55
41.89
43.08
44.14
47.23
48.08
45.81
43.51
44.33
45.03
45.65
44.21
43.93
43.75
44.81
45.36
48.39
49.52
52.65
52.64
52.57
52.49
52.63
52.87
53.19
53.63
57.19
60.83
61.34
61.87
62.38
64.83
66.02
67.54
68.03
68.54
69.03
69.46
69.69
69.74
69.66
69.45
67.36
66.75
65.97
64.98
63.68
62.11
60.34
58.34
56.12
53.72
51.15
48.42
45.57
43.83
41.97
40.06
38.12
36.2
34.3
32.42
32.23
30.44
28.7
27.05
25.61
24.37
23.3
22.45
21.79
21.31
21.02
20.91
20.94
19.86
18.93
18.12
17.43
16.83
16.32
15.88
15.5
15.18
14.92
14.71
14.49
14.27
14.06
13.86
13.65
13.44
13.2
12.96
12.71
12.46
12.22
11.98
11.26
11.05
10.35
10.18
10.02
9.86
9.69
9.51
9.3
9.05
8.77
8.46
8.14
7.59
7.24
6.84
6.78
6.67
6.54
6.36
6.59
6.29
6.39
6
5.58
5.14
4.68
4.25
3.86
3.5
3.19
2.91
2.66
2.66
2.49
2.36
1.92
1.52
1.15
0.83
0.61
0.4
0.3
0.18
0.1
0.05
0.04
0.03
0.02
0.01
0.01
0.01
0
0
0
0
0
0
0
0
0
0
0
0
0
0
0
0
0
0
0
0
0
0
0
0
0
0
0
0
0
0
0
0
0
0
0
0
0
0
0
0
0
0
0
0
0
0
0
0
0
0
0
0
0
0
0
0
0
0
0
0
0
0
0
0
0
0
0
0
0
0
0
0
0
0
0
0
0
0
0
0
0
0
0
0
0
0
0
0
0
0
0
0
0
0
0
0
0
0
0
0
0
0
0
0
0
0
0
0
0
0
0.01
0.01
0.01
0.01
0.01
0.01
0.01
0.01
0.01
0.01
0.01
0.01
0.01
0.01
0.01
0.01
0.01
0.01
0.01
0.01
0.01
0.02
0.02
0.03
0.04
0.06
0.07
0.09
0.12
0.13
0.14
0.16
0.18
0.2
0.22
0.25
0.28
0.31
0.34
0.38
0.42
0.45
0.48
0.51
0.54
0.56
0.59
0.61
0.63
0.66
0.7
0.68
0.71
0.75
0.78
0.82
0.86
0.9
0.86
0.9
0.94
0.99
1.04
1.08
1.13
1.18
1.23
1.28
1.34
1.39
1.35
1.59
1.87
2.22
2.65
3.18
3.82
4.57
5.51
5.43
5.35
5.35
5.46
5.69
5.75
5.95
6.32
6.86
7.55
8.38
9.4
10.27
11.15
12.01
12.83
13.56
13.82
14.36
14.81
16.24
17.75
17.67
19.18
20.66
22.46
24.24
25.99
25.93
27.64
29.39
31.19
32.95
34.66
36.4
38.24
40.23
42.78
45.1
47.58
50.18
52.84
57.14
59.86
62.6
65.28
67.85
70.3
74.39
74.36
75.71
77.58
79.49
81.42
83.4
85.27
86.99
88.49
89.81
90.9
91.83
92.57
93.17
93.58
93.8
93.91
93.94
93.92
93.86
95.96
96.44
96.21
95.86
95.43
94.77
93.98
93.08
92.14
91.13
90.03
88.8
87.47
86.03
84.51
82.93
81.24
79.4
77.39
75.21
72.85
70.33
67.64
64.76
61.68
58.52
56.48
54.38
52.2
49.94
47.68
45.44
43.23
41.05
38.88
36.75
34.67
32.78
31.09
29.58
28.27
27.1
26.09
25.23
24.52
23.92
22.21
20.6
19.06
17.62
16.58
15.58
14.64
13.77
12.97
12.21
11.48
10.7
9.89
9.02
8.13
7.3
6.54
5.85
5.22
4.66
4.17
3.75
3.4
3.11
2.55
2.05
1.61
1.21
0.86
0.57
0.34
0.17
0.06
0
0
0
0
0
0
0
0
0
0
0
0
0
0
0
0
0
0
0
0
0
0
0
0
0
0
0
0
0
0
0
0
0
0
0
0
0
0
0
0
0
0
0
0
0
0
0
0
0
0
0
0
0
0
0
0
0
0
0
0
0
0
0
0
0
0
0
0
0
0
0
0
0
0
0
0
0
0
0
0
0
0
0
0
0
0
0
0
0
0
0
0
0
0
0
0
0
0
0
0
0
0
0
0
0
0
0
0
0
0
0
0
0
0
0
0
0
0
0
0
0
0
0
0
0
0
0
0
0
0
0
0
0
0
0
0
0
0
0
0
0
0
0
0
0
0
0
0
0
0
0
0
0
0
0
0
0
0
0
0
0
0
0
0
0
0
0
0
0
0
0
0
0
0
0
0
0
0
0
0
0.01
0.02
0.03
0.04
0.06
0.08
0.1
0.12
0.13
0.14
0.16
0.17
0.24
0.33
0.6
1
1.51
2.14
2.87
3.71
4.66
4.78
4.77
4.76
4.74
5.3
5.96
6.7
6.69
7.63
8.65
9.74
9.67
9.78
10.22
10.53
10.48
10.73
11.03
11.33
11.53
12.64
13.97
15.31
16.76
16.18
15.5
14.74
14.74
14.14
15.23
14.12
14.12
16.22
17.9
19.63
21.61
23.18
24.58
25.83
27.14
27.87
29.16
30.51
31.82
34.63
37.47
40.28
43.03
43.04
43.05
45.94
48.98
49.79
50.59
51.41
50.1
47.66
48.63
49.65
50.69
52.22
53.08
53.83
54.5
55.12
55.73
56.45
57.37
60.76
62.42
63.33
64.08
64.74
65.36
65.92
68.62
72.49
72.98
73.45
73.87
74.31
74.83
75.05
75.61
76.18
76.68
77.05
77.22
77.23
77.15
76.95
76.67
76.28
75.74
75.06
74.23
73.16
71.88
70.38
68.63
66.64
64.42
60.75
58.15
55.34
53.28
51.1
48.83
46.49
44.08
41.66
39.23
36.83
34.43
32.06
29.72
27.58
25.62
23.59
22.04
20.7
19.54
19.96
19.16
18.59
17.28
16.15
15.16
14.31
13.57
12.94
12.39
11.93
11.57
11.32
11.16
11.02
10.83
10.87
10.6
10.29
9.93
9.71
9.26
8.75
8.19
8.07
7.91
7.7
7.44
7.16
6.78
6.44
6.06
5.65
5.18
4.68
4.23
3.83
3.48
3.18
2.93
2.73
2.59
2.5
2.46
1.99
1.57
1.21
0.91
0.64
0.49
0.32
0.18
0.08
0.03
0.02
0.02
0.01
0.01
0.01
0.01
0.01
0
0
0
0
0
0
0
0
0
0
0
0
0
0
0
0
0
0
0
0
0
0
0
0
0
0
0
0
0
0
0
0
0
0
0
0
0
0
0
0
0
0
0
0
0
0
0
0
0
0
0
0
0
0
0
0
0
0
0
0
0
0
0
0
0
0
0
0
0
0
0
0
0
0
0
0
0
0
0
0
0
0
0
0
0
0
0
0
0
0
0
0
0
0
0
0
0
0
0
0
0
0
0
0
0
0
0
0
0
0
0
0
0
0
0
0
0
0
0
0
0
0
0
0
0
0
0
0
0
0.04
0.12
0.24
0.39
0.57
0.84
1.17
1.57
2.03
2.03
2.03
2.03
2.06
2.16
2.16
2.4
2.4
2.56
3.04
3.56
4.04
4.49
4.89
5.25
5.06
5.28
5.01
5.11
5.15
5.68
6.04
6.53
6.97
7.05
7.05
6.81
6.81
7.01
6.88
6.71
6.56
6.45
6.41
6.38
6.88
6.93
7.43
7.51
7.59
7.65
7.92
8.12
8.37
8.95
9.76
10.61
11.52
12.18
13
13.93
14.52
15.53
16.53
17.61
18.76
19.9
20.54
21.26
22.08
23
22.68
23.78
25.04
24.28
25.23
26.88
28.61
30.31
31.93
33.47
35.45
37.09
38.8
40.55
42.25
44.08
46.48
48.82
51.12
53.39
56.9
55.11
54.95
58.79
58.82
60.16
61.41
62.6
63.76
64.89
65.9
66.79
67.64
68.45
69.24
69.96
70.65
71.36
72.03
72.66
73.28
77.72
80.37
80.98
83.6
84.14
84.59
84.97
85.29
85.57
85.82
85.99
86
85.82
85.46
84.9
84.14
83.15
81.97
80.61
79.04
77.27
75.28
73.12
70.84
68.42
65.88
63.19
60.35
57.37
55.01
52.58
50.1
47.61
45.15
42.75
40.43
38.19
36.01
33.92
31.94
30.15
28.53
27.08
25.77
24.61
23.61
22.79
22.15
21.65
20.56
19.01
18.17
17.44
16.81
16.24
15.73
15.29
14.91
14.6
14.35
14.11
13.9
13.69
13.5
13.31
13.14
12.95
12.74
12.53
12.22
12.07
11.88
11.7
11.52
11.35
11.19
11
10.77
10.49
10.16
9.79
9.36
8.89
8.37
7.75
7.65
7.52
7.37
7.22
7.14
7.45
7.16
6.83
6.46
6.02
5.51
5.05
4.63
4.26
3.94
3.68
3.48
3.32
3.22
3.22
2.71
2.24
1.82
1.41
1.05
0.74
0.51
0.31
0.17
0.09
0.08
0.07
0.07
0.07
0.07
0.07
0.07
0.07
0.07
0.07
0.08
0.08
0.08
0.08
0.08
0.08
0.08
0.07
0.06
0.06
0.05
0.04
0.04
0.04
0.03
0.03
0.03
0.02
0.02
0.01
0.01
0.01
0
0
0
0
0
0
0
0
0
0
0
0
0
0
0
0
0
0
0
0
0
0
0
0
0
0
0
0
0
0
0
0
0
0
0
0
0
0
0
0
0
0
0
0
0
0
0
0
0
0
0
0
0
0
0
0
0
0
0
0
0
0
0
0
0
0
0
0
0
0
0
0
0
0
0
0
0
0
0
0
0
0
0
0
0
0
0
0
0
0
0
0
0
0
0
0
0
0
0
0
0
0
0
0
0
0
0
0
0
0
0
0
0
0
0
0
0
0
0
0
0
0
0
0
0
0
0
0
0
0
0
0
0
0
0
0
0
0
0.01
0.02
0.03
0.04
0.06
0.08
0.1
0.13
0.14
0.2
0.35
0.56
0.83
1.16
1.56
2.03
2.57
3.17
3.17
3.17
3.16
3.15
3.16
3.26
3.46
3.79
3.77
4.35
5.11
5.65
6.19
6.8
7.48
8.19
8.92
9.67
10.46
11.07
11.6
13.24
14.97
16.81
18.74
20.68
22.57
24.42
24.42
26.14
27.82
29.78
31.76
33.71
35.66
37.65
39.7
41.81
43.94
46.29
49.38
51.42
53.39
55.27
57.11
58.98
60.95
63.02
67.44
69.58
71.66
73.66
75.64
77.59
79.47
81.27
82.92
84.19
85.59
86.99
88.42
89.88
91.42
93.03
94.63
96.12
97.4
98.46
99.28
100.11
100.87
101.57
102.16
102.6
102.98
103.3
103.6
104.08
104.23
104.22
104.03
103.75
100.44
99.94
99.37
98.08
96.94
96.17
95.39
94.43
93.34
92.1
90.65
89.03
87.16
85.05
82.75
80.32
77.74
75.05
72.22
70.21
70.88
68.41
65.75
63.57
61.08
58.13
55.15
52.17
49.23
46.36
43.71
41.27
39.08
37.12
35.37
33.8
32.41
31.2
30.18
28.03
26.43
25.06
23.85
22.77
21.8
20.91
20.08
19.3
18.56
17.87
17.14
16.67
16.16
15.6
14.97
14.28
13.55
12.78
11.97
11.41
10.48
9.48
8.55
7.7
6.91
6.19
5.55
4.97
4.46
4
3.6
2.95
2.36
1.84
1.4
1.02
0.69
0.42
0.22
0.08
0.01
0.01
0.01
0.01
0.01
0.01
0.01
0
0
0
0
0
0
0
0
0
0
0
0
0
0
0
0
0
0
0
0
0
0
0
0
0
0
0
0
0
0
0
0
0
0
0
0
0
0
0
0
0
0
0
0
0
0
0
0
0
0
0
0
0
0
0
0
0
0
0
0
0
0
0
0
0
0
0
0
0
0
0
0
0
0
0
0
0
0
0
0
0
0
0
0
0
0
0
0
0
0
0
0
0
0
0
0
0
0
0
0
0
0
0
0
0
0
0
0
0
0
0
0
0
0
0
0
0
0
0
0
0
0
0
0
0
0
0
0
0
0
0
0
0
0
0
0
0
0
0
0
0
0
0
0
0
0
0
0
0
0
0
0
0
0
0
0
0
0
0
0
0
0
0
0
0
0
0
0
0
0
0
0
0
0
0.01
0.02
0.03
0.05
0.07
0.09
0.11
0.14
0.17
0.19
0.21
0.24
0.26
0.29
0.33
0.37
0.41
0.46
0.58
0.72
0.94
1.23
1.6
2.05
2.57
3.19
3.91
3.88
3.92
4.07
4.3
4.61
5.01
5.48
5.57
5.74
6
6.37
6.72
7.11
7.46
7.57
7.91
7.45
7.16
7.41
7.6
8.59
9.58
10.57
11.55
12.54
13.51
14.45
15.84
17.22
18.6
19.98
21.43
22.97
24.65
26.64
27.48
30.21
32.84
35.03
37.37
39.83
42.34
44.93
47.55
50.25
53.05
56.03
58.87
61.98
65.17
68.35
71.49
74.5
77.33
80.05
83.62
86.01
88.21
90.14
91.76
93.1
94.28
95.24
96.06
96.7
97.17
97.42
97.73
96.92
96.7
91.72
90.66
90.23
89.82
89.34
88.82
88.36
87.96
87.66
84.03
84.07
84.17
84.31
84.39
84.38
84.22
83.91
83.49
83.69
83
86.8
86.43
85.25
83.9
82.32
80.53
75.88
72.76
70.17
70.79
67.63
64.22
60.65
57.84
54.99
52.16
49.34
46.54
43.75
40.99
38.28
35.65
33.1
30.62
28.37
26.35
27.16
26.14
24.82
23.72
22.83
22.17
21.69
20.49
19.44
18.5
17.67
16.96
16.38
15.92
15.58
15.33
15.16
15.09
15.01
14.94
14.86
15.04
14.97
14.9
14.83
14.73
14.64
14.56
14.5
14.46
14.42
14.33
14.2
14.01
13.78
13.51
13.2
12.87
12.51
12.14
11.76
11.36
10.94
10.51
10.08
9.65
9.21
8.76
8.24
7.71
7.15
6.59
6.04
5.5
4.98
4.5
4.06
3.98
3.89
3.79
3.67
3.55
3.41
3.26
3.08
2.88
2.66
2.44
2.26
2.11
1.99
1.91
1.86
1.85
1.85
1.85
1.85
1.51
1.21
0.94
0.7
0.5
0.33
0.2
0.1
0.03
0
0
0
0
0
0
0
0
0
0
0
0
0
0
0
0
0
0
0
0
0
0
0
0
0
0
0
0
0
0
0
0
0
0
0
0
0
0
0
0
0
0
0
0
0
0
0
0
0
0
0
0
0
0
0
0
0
0
0
0
0
0
0
0
0
0
0
0
0
0
0
0
0
0
0
0
0
0
0
0
0
0
0
0
0
0
0
0
0
0
0
0
0
0
0
0
0
0
0
0
0
0
0
0
0
0
0
0
0
0
0
0
0
0
0
0
0
0
0
0
0
0
0
0
0
0
0
0
0
0
0
0
0
0
0
0
0
0
0
0
0
0
0
0
0
0
0
0
0
0
0
0
0
0
0
0
0
0
0
0
0
0
0.01
0.01
0.02
0.04
0.12
0.27
0.49
0.76
1.1
1.49
1.96
2.5
3.12
3.12
3.12
3.12
3.12
3.18
3.18
3.18
3.26
3.45
3.78
4.23
4.68
5.1
5.56
6.05
6.57
7.1
7.61
8.14
8.68
9.95
11.31
12.76
14.33
15.97
17.79
19.7
21.58
23.42
25.2
26.97
28.82
30.72
32.54
34.34
36.14
37.91
37.97
39.45
41.26
43.03
44.78
43.32
45
46.62
48.21
49.82
51.5
53.22
54.93
56.57
58.06
59.47
61
62.44
63.81
65.21
68.35
69.98
71.23
72.45
72.23
76.52
73.27
74.26
75.15
75.9
76.48
76.91
77.18
77.34
77.48
77.58
77.56
77.59
77.6
77.5
77.28
77.01
76.65
76.19
77
76.28
79.74
78.76
77.66
76.44
75.08
73.65
72.25
70.83
69.35
67.75
65.94
63.88
61.62
57.83
53.88
51.21
48.41
45.51
42.57
40.62
38.67
36.74
34.83
32.99
30.96
29.3
27.6
25.88
24.09
22.39
20.91
19.62
18.53
18.99
19.66
19.09
18.69
18.46
18.35
17.38
16.52
15.13
14.49
13.92
13.67
13.19
12.8
12.49
12.34
12.22
12.09
11.96
11.82
11.66
11.5
11.32
11.12
10.92
10.7
10.47
10.21
10.6
10.32
9.69
9.41
9.13
8.84
8.55
7.97
7.65
7.33
7
6.65
6.28
5.88
5.4
4.99
4.57
4.13
3.71
3.59
3.46
3.24
3.4
3.2
2.99
2.78
2.54
2.59
2.35
2.1
1.88
1.7
1.55
1.44
1.44
1.38
1.35
1.35
1.35
1.07
0.82
0.67
0.51
0.38
0.26
0.15
0.09
0.04
0.02
0.01
0.01
0.01
0.01
0
0
0
0
0
0
0
0
0
0
0
0
0
0
0
0
0
0
0
0
0
0
0
0
0
0
0
0
0
0
0
0
0
0
0
0
0
0
0
0
0
0
0
0
0
0
0
0
0
0
0
0
0
0
0
0
0
0
0
0
0
0
0
0
0
0
0
0
0
0
0
0
0
0
0
0
0
0
0
0
0
0
0
0
0
0
0
0
0
0
0
0
0
0
0
0
0
0
0
0
0
0
0
0
0
0
0
0
0
0
0
0
0
0
0
0
0
0
0
0
0
0
0
0
0
0
0
0
0
0
0
0
0
0
0
0
0
0
0
0
0.01
0.02
0.03
0.04
0.06
0.07
0.1
0.12
0.19
0.29
0.45
0.68
0.94
1.27
1.66
2.11
2.64
2.64
2.64
2.67
2.81
3.04
3.38
3.84
3.99
4.63
4.61
5.42
6.04
6.7
7.35
7.99
8.69
9.42
10.19
10.94
11.67
12.93
14.24
15.54
16.73
17.84
18.9
19.87
21.22
22.14
23.78
22.93
23.91
24.86
24.05
25.01
25.95
26.9
27.82
28.8
29.01
30.16
31.64
33.18
34.86
36.65
38.48
40.38
42.34
44.39
46.58
50.6
52.12
54.62
58.95
61.55
64.1
66.59
69.09
71.49
74.52
76.59
78.26
79.9
81.42
82.81
84.12
85.38
86.51
87.39
87.98
88.34
88.53
87.86
88.02
88.08
88.12
84.71
84.61
84.49
84.46
84.44
84.4
84.26
84.11
83.89
83.61
83.14
82.62
82.07
81.33
80.77
81.14
77.61
75.73
74.65
71.47
72.88
69.34
67.81
66.2
64.55
62.9
61.08
59.36
55.04
50.76
46.62
43.88
41.51
38.38
34.55
32.36
34.57
33.37
31.95
32.51
31.78
32.53
31.14
29.69
28.19
26.53
24.87
23.11
23.94
24.75
25.54
24.99
24.14
24.32
25.03
24.17
22.63
21.87
20.5
19.24
18.09
17
15.44
14.61
13.89
13.34
12.99
12.65
12.35
12.07
11.78
11.51
11.27
11.05
10.84
10.64
10.45
10.28
10.12
9.96
9.81
9.67
10.1
9.93
9.77
9.6
9.44
9.27
9.11
8.96
8.82
8.68
8.51
8.32
8.1
7.85
7.58
7.28
6.96
6.61
6.16
5.72
5.51
5.3
5.08
4.86
4.61
4.34
4.05
3.74
3.42
3.08
2.75
2.44
2.17
1.93
1.72
1.54
1.4
1.28
1.28
1.28
1.06
0.84
0.65
0.48
0.34
0.24
0.15
0.09
0.05
0.03
0.03
0.03
0.02
0.02
0.02
0.02
0.02
0.01
0.01
0.01
0.01
0.01
0.01
0.01
0.01
0.01
0.01
0.01
0
0
0
0
0
0
0
0
0
0
0
0
0
0
0
0
0
0
0
0
0
0
0
0
0
0
0
0
0
0
0
0
0
0
0
0
0
0
0
0
0
0
0
0
0
0
0
0
0
0
0
0
0
0
0
0
0
0
0
0
0
0
0
0
0
0
0
0
0
0
0
0
0
0
0
0
0
0
0
0
0
0
0
0
0
0
0
0
0
0
0
0
0
0
0
0
0
0
0
0
0
0
0
0
0
0
0
0
0
0
0
0
0
0
0
0
0
0
0
0
0.01
0.01
0.06
0.16
0.3
0.5
0.75
1.05
1.4
1.8
2.31
2.68
3.17
3.17
3.59
4.35
5.19
6.06
7.02
7.02
7.66
7.66
9.12
9.59
11.13
12.12
13.67
13.37
13.02
12.74
14.27
15.93
17.46
19.13
20.2
21.53
22.84
24.17
25.46
27.76
27.12
27.13
27.88
28.88
27.21
28.41
29.09
31.66
34.31
36.96
37.77
38.66
39.7
41.19
42.99
44.34
42.19
39.98
41.45
41.94
42.5
46.52
48.24
50.78
55.22
57.38
59.56
61.72
62.91
64.95
66.96
68.92
70.71
72.4
73.87
75.17
79.87
84.63
85.68
87.64
90.85
91.61
92.36
92.74
92.97
93.05
93.02
92.91
93.65
93.38
93.07
92.82
92.65
92.51
92.56
92.64
92.78
92.83
92.8
92.77
93.66
93.46
93.27
93.22
92.9
92.51
91.97
91.3
90.52
89.65
88.61
87.33
85.79
84.01
81.96
79.74
77.34
74.81
72.2
69.47
66.66
64.05
61.35
58.64
55.92
53.2
50.53
47.9
45.35
42.85
40.44
38.15
36.06
34.17
31.85
29.81
28.3
26.93
25.67
24.54
23.52
22.35
21.3
20.34
19.46
18.69
18.04
17.48
16.96
16.51
16.11
15.76
15.4
15.04
15.26
15.34
14.98
14.08
13.43
13.19
12.36
12.07
11.85
11.64
11.46
10.7
10.5
10.3
9.9
9.18
8.47
8.33
8.28
8.17
8.07
7.99
7.97
8.5
8.68
8.57
9.08
9.07
8.99
8.9
8.8
9.26
9.14
9
9.07
9.47
9.85
9.64
9.35
9.11
8.55
8.22
7.67
7.39
7.22
6.92
6.59
6.08
5.73
5.37
4.9
4.54
4.23
3.94
3.63
3.32
3.02
2.72
2.42
2.13
2.16
1.94
1.95
1.69
1.46
1.25
1.07
1.07
0.93
0.8
0.8
0.71
0.58
0.46
0.35
0.27
0.19
0.13
0.08
0.05
0.02
0
0
0
0
0
0
0
0
0
0
0
0
0
0
0
0
0
0
0
0
0
0
0
0
0
0
0
0
0
0
0
0
0
0
0
0
0
0
0
0
0
0
0
0
0
0
0
0
0
0
0
0
0
0
0
0
0
0
0
0
0
0
0
0
0
0
0
0
0
0
0
0
0
0
0
0
0
0
0
0
0
0
0
0
0
0
0
0
0
0
0
0
0
0
0
0
0
0
0
0
0
0
0
0.01
0.02
0.03
0.1
0.21
0.37
0.59
0.89
1.28
1.74
2.27
2.88
2.88
2.88
2.88
2.88
2.88
2.96
2.96
2.96
2.96
2.95
3.49
5.18
5.62
6.02
6.36
6.58
6.68
6.69
6.59
6.02
6.44
6.85
6.85
6.85
6.85
7.03
7.34
7.69
7.69
7.69
7.58
6.31
6.29
5.73
5.78
5.89
6.07
6.32
6.65
7.39
7.77
8.22
8.7
9.68
10.71
11.49
12.25
12.07
12.42
13.57
14.34
15.16
15.67
16.79
17.39
18.09
18.83
19.62
19.41
20.4
21.51
22.75
24.51
25.89
27.33
28.77
30.28
32.81
35.27
37.05
38.83
40.6
42.71
44.84
46.41
48.51
50.58
52.61
55.61
57.35
58.9
60.25
59.83
60.91
61.84
62.86
63.78
64.36
61.55
62.1
62.28
62.76
61.48
59.98
60.75
60.85
59.49
59.14
59.19
59.41
59.71
60
61.88
62.16
62.5
62.67
62.83
63.31
67.15
67.53
68.17
68.36
70.19
72.06
72.02
71.91
73.08
73.08
72.53
71.75
70.45
69.43
68.28
66.98
65.49
63.92
62.18
60.14
57.8
54.69
52.91
51.09
49.14
47.14
45.16
43.15
41.17
39.19
37.24
35.29
33.52
31.46
29.69
28.04
26.53
25.14
23.91
22.2
21.37
21.32
19.53
18.25
17.11
16.09
15.16
13.75
12.97
12.29
11.69
11.21
11
10.84
10.05
9.58
9.28
8.77
8.07
8.47
8.17
7.48
7.61
7.36
7.14
6.96
6.81
7.24
7.14
7.07
7.02
6.96
6.91
6.86
7.29
7.43
7.42
7.66
8.08
8.11
8.15
8.55
8.57
8.55
8.51
8.44
8.34
8.23
8.09
7.92
7.74
7.56
7.38
7.2
7.02
6.83
6.62
6.4
6.17
5.93
5.67
5.41
5.16
4.92
4.67
4.42
4.17
3.9
3.61
3.32
3.04
2.77
2.5
2.25
2
1.95
1.89
1.81
1.74
1.67
1.6
1.52
1.43
1.33
1.23
1.13
1.05
1
0.98
0.98
0.98
0.98
0.98
0.98
0.98
0.8
0.64
0.5
0.37
0.27
0.18
0.11
0.05
0.02
0
0
0
0
0
0
0
0
0
0
0
0
0
0
0
0
0
0
0
0
0
0
0
0
0
0
0
0
0
0
0
0
0
0
0
0
0
0
0
0
0
0
0
0
0
0
0
0
0
0
0
0
0
0
0
0
0
0
0
0
0
0
0
0
0
0
0
0
0
0
0
0
0
0
0
0
0
0
0
0
0
0
0
0
0
0
0
0
0
0
0
0
0
0
0
0
0
0
0
0
0
0
0
0
0
0
0
0
0
0
0
0
0.01
0.01
0.01
0.01
0.01
0.01
0.01
0.01
0.01
0.02
0.02
0.03
0.05
0.06
0.08
0.09
0.12
0.12
0.13
0.15
0.15
0.15
0.18
0.22
0.27
0.43
0.6
0.81
0.99
1.53
2.15
2.9
3.73
4.67
4.65
4.63
5.03
5.55
6.14
6.13
6.13
6.25
7.19
8.23
9.37
10.4
11.44
12.47
13.63
14.32
15
15.65
16.25
16.75
18.19
19.65
20.74
20.21
21.29
23.08
24.96
26.87
28.07
29.31
30.57
31.99
33.53
35.21
36.84
38.63
40.34
42.01
43.73
45.5
47.34
49.26
51.24
54.83
56.85
58.82
60.81
59.07
59.94
61.68
63.33
64.83
66.14
67.23
68.24
69.21
70.25
71.29
72.28
73.34
74.38
75.3
76.1
76.78
77.29
77.7
77.99
81.84
82.92
83
83.03
83.05
83.16
83.4
83.67
83.94
84.17
84.4
84.62
84.72
84.76
84.82
81.11
81.17
81.27
81.32
81.32
81.19
80.95
80.55
79.99
79.28
78.35
77.14
75.72
74.06
72.1
69.86
67.36
64.65
61.77
58.7
60.13
57.63
55.03
52.3
48.15
45.48
42.85
40.28
37.77
35.27
32.02
29.74
27.78
26.03
24.53
23.27
22.21
21.36
19.88
19.26
18.02
16.96
15.48
14.64
15.37
14.74
14.19
13.73
13.37
13.17
13.88
13.84
13.69
13.54
13.39
13.27
13.15
13.04
13.72
13.72
13.63
13.54
14.01
14.01
13.94
13.86
13.15
13.05
12.94
12.8
12.65
12.47
12.28
12.09
11.89
11.68
11.45
11.22
10.99
10.34
10.08
9.8
9.49
9.21
8.92
8.27
8.27
7.99
8.31
7.74
7.18
6.63
6.22
5.71
5.36
4.87
4.39
3.99
3.54
3.52
3.31
3.07
2.87
2.64
2.37
2.45
2.53
2.27
1.4
1.42
1.43
1.43
1.31
1.31
1.16
1.17
1.17
1.1
1.11
1.1
0.89
0.73
0.56
0.4
0.3
0.22
0.15
0.09
0.05
0.02
0.02
0.02
0.02
0.02
0.01
0.01
0.01
0
0
0
0
0
0
0
0
0
0
0
0
0
0
0
0
0
0
0
0
0
0
0
0
0
0
0
0
0
0
0
0
0
0
0
0
0
0
0
0
0
0
0
0
0
0
0
0
0
0
0
0
0
0
0
0
0
0
0
0
0
0
0
0
0
0
0
0
0
0
0
0
0
0
0
0
0
0
0
0
0
0
0
0
0
0
0
0
0
0
0
0
0
0
0
0.01
0.01
0.01
0.01
0.01
0.01
0.01
0.01
0.01
0.01
0.01
0.01
0.01
0.01
0.01
0.01
0.01
0.01
0.01
0.01
0.01
0.01
0.01
0.01
0.01
0.02
0.02
0.03
0.05
0.06
0.08
0.11
0.14
0.18
0.19
0.21
0.23
0.3
0.45
0.66
0.94
1.29
1.52
1.99
2.55
3.21
3.2
3.19
3.18
3.16
3.14
3.11
3.12
3.15
3.29
3.57
4.05
4.61
5.2
5.82
6.44
6.1
6.02
6.77
7.5
6.84
6.84
8.13
9.44
10.77
12.13
13.52
14.89
16.24
17.55
18.74
19.61
20.29
20.86
21.34
21.53
22.91
24.21
24.5
24.78
26.43
26.87
25.57
26.14
25.91
26.69
27.6
28.64
29.84
30.88
29.4
30.78
32.54
34.4
36.33
38.5
40.48
42.45
44.46
46.48
48.51
51.12
54.99
57.08
58.25
60.1
61.82
63.37
64.72
66.17
69.56
70.78
71.69
72.54
73.37
74.27
75.08
75.75
76.31
76.78
77.16
78.24
78.52
78.76
80.75
81.06
81.35
81.69
82.1
82.52
83.48
83.88
84.22
84.54
84.69
84.66
84.51
84.34
84.05
83.64
83.09
82.32
81.36
80.16
78.68
76.95
74.96
72.7
70.17
67.39
64.44
61.27
57.94
54.5
50.98
48.76
46.51
44.24
41.99
39.77
37.57
35.44
33.38
31.43
29.61
27.94
26.53
25.35
24.41
23.7
23.17
22.83
22.68
22.66
22.76
21.65
20.67
19.8
19.05
17.81
17.05
16.6
16.23
15.95
15.65
15.49
15.31
15.12
14.22
14.04
13.75
13.58
13.4
13.23
13.1
12.98
12.86
12.73
12.6
13.04
13.11
12.96
12.81
12.65
12.54
12.35
12.15
11.94
12.41
12.14
11.95
11.61
10.92
10.25
9.56
9.1
9.67
9.28
8.86
8.41
7.96
7.47
7
6.52
6.04
5.56
5.07
4.58
4.13
3.71
3.32
2.97
2.97
2.97
2.97
2.75
1.51
1.24
1.01
0.81
0.64
0.51
0.37
0.26
0.17
0.11
0.06
0.04
0.03
0.02
0.01
0.01
0
0
0
0
0
0
0
0
0
0
0
0
0
0
0
0
0
0
0
0
0
0
0
0
0
0
0
0
0
0
0
0
0
0
0
0
0
0
0
0
0
0
0
0
0
0
0
0
0
0
0
0
0
0
0
0
0
0
0
0
0
0
0
0
0
0
0
0
0
0
0
0
0
0
0
0
0
0
0
0
0
0
0
0
0
0
0
0
0
0
0
0
0
0
0
0
0
0
0
0
0
0
0
0
0
0
0
0
0
0
0
0
0
0.01
0.01
0.01
0.01
0.01
0.01
0.01
0.01
0.01
0.01
0.02
0.03
0.04
0.06
0.08
0.1
0.12
0.12
0.12
0.13
0.14
0.16
0.18
0.2
0.22
0.25
0.26
0.3
0.34
0.47
0.71
1.04
1.42
1.87
2.42
3.09
3.55
4.46
4.52
4.69
4.93
5.26
5.24
5.22
5.77
6.4
7.13
7.73
8.42
9.02
9.51
9.93
10.31
10.66
10.96
11.13
11.52
11.55
12.46
13.32
14.21
13.96
13.96
15.38
15.23
14.57
13.83
15.08
16.32
17.66
19.09
18.34
17.69
19.36
21.11
22.95
24.84
26.66
28.51
29.75
30.82
32.9
35.8
37.34
39.97
42.34
45.31
46.69
48.11
49.49
50.52
54.25
57.94
59.37
60.71
62.04
63.38
64.89
66.43
68.57
70.81
73.23
75.1
77.01
78.75
81.18
82.91
84.35
85.66
86.83
88.22
89.01
89.69
90
90.48
90.91
91.29
91.5
91.63
91.69
91.76
91.65
91.34
90.9
90.53
90.16
89.93
89.64
89.31
89.03
88.74
88.44
88.07
87.84
87.25
86.48
85.52
84.43
83.08
81.49
79.65
77.6
75.35
72.94
70.33
67.55
64.54
62.35
60.08
57.67
55.18
52.63
50.08
47.55
45.08
42.67
40.33
38.05
36.01
34.21
32.61
31.23
30.04
29.05
28.22
27.57
27.07
25.79
24.64
23.63
22.76
22.01
21.36
20.79
20.33
19.95
19.66
19.44
19.22
19
18.81
18.63
18.49
18.36
18.23
18.11
18.02
17.92
17.81
17.69
17.56
17.43
17.31
17.18
16.83
16.62
16.05
15.16
14.81
14.41
13.95
13.43
12.66
12.04
11.58
11.09
10.55
9.94
9.37
8.73
8.09
7.41
6.69
5.95
5.4
4.72
4.39
4.4
3.88
3.41
3
2.65
2.54
2.28
1.86
1.49
1.17
0.93
0.67
0.48
0.32
0.21
0.14
0.1
0.1
0.09
0.09
0.09
0.08
0.08
0.08
0.07
0.07
0.06
0.05
0.05
0.04
0.04
0.04
0.04
0.03
0.03
0.03
0.02
0.02
0.02
0.02
0.02
0.02
0.02
0.02
0.02
0.02
0.02
0.02
0.02
0.02
0.02
0.02
0.02
0.02
0.02
0.02
0.02
0.02
0.02
0.01
0.01
0.01
0.01
0
0
0
0
0
0
0
0
0
0
0
0
0
0
0
0
0
0
0
0
0
0
0
0
0
0
0
0
0
0
0
0
0
0
0
0
0
0
0
0
0
0
0
0
0
0
0
0
0
0
0
0
0
0
0
0
0
0
0
0
0
0
0
0
0
0
0
0
0
0
0
0
0
0
0
0
0
0
0
0
0
0
0
0
0
0
0
0
0
0
0
0.01
0.01
0.01
0.01
0.01
0.01
0.01
0.01
0.01
0.01
0.01
0.01
0.01
0.01
0.01
0.01
0.01
0.02
0.02
0.02
0.01
0.01
0.01
0.01
0.01
0.01
0.01
0.01
0.01
0.01
0.02
0.02
0.04
0.05
0.07
0.15
0.28
0.48
0.74
1.05
1.41
1.83
2.3
2.83
2.83
2.83
2.83
2.83
2.83
2.83
2.83
2.9
3.13
3.46
3.59
3.74
3.92
4.12
3.85
4.07
4.32
4.58
4.87
5.17
6.05
6.99
8
9.03
10.1
11.26
12.44
13.57
14.59
15.61
16.91
16.69
16.38
17.59
19.29
20.6
21.95
23.39
24.87
26.42
25.53
27.22
28.98
30.89
32.91
34.91
35.58
37.63
36.37
36.66
38.56
41.93
45.03
46.91
47.79
47.17
45.21
46.12
44.38
45.59
45.59
46.25
47.12
47.82
47.42
47.29
49.09
49.57
53.4
55.61
56.19
56.84
57.76
58.33
59.8
62.64
66.7
67.75
71.34
71.86
75.99
76.74
77.06
77.33
78.52
79.3
79.42
79.34
79.07
78.67
78.1
77.27
76.36
75.29
74.09
72.75
71.25
69.58
67.09
64.95
62.58
60.18
57.67
55.08
52.37
49.56
46.66
44.99
43.28
41
39.25
37.58
35.91
34.26
32.65
31.11
29.63
28.15
26.54
25.57
24.78
24.11
23.52
22.91
22.51
22.19
21.96
20.55
19.21
18.49
17.29
16.41
15.55
14.73
13.95
13.19
12.45
11.73
11.87
11.01
10.16
9.29
8.5
7.88
7.2
6.58
5.99
5.47
4.95
4.51
4.18
3.6
3.09
2.65
2.25
1.92
1.58
1.42
1.35
1.28
1.21
1.18
1.15
1.11
1.07
1.02
1.01
0.98
1.03
1.04
1
0.96
0.91
0.86
0.81
0.75
0.76
0.69
0.63
0.56
0.51
0.45
0.4
0.36
0.32
0.29
0.26
0.24
0.19
0.15
0.11
0.08
0.06
0.04
0.02
0.01
0
0
0
0
0
0
0
0
0
0
0
0
0
0
0
0
0
0
0
0
0
0
0
0
0
0
0
0
0
0
0
0
0
0
0
0
0
0
0
0
0
0
0
0
0
0
0
0
0
0
0
0
0
0
0
0
0
0
0
0
0
0
0
0
0
0
0
0
0
0
0
0
0
0
0
0
0
0
0
0
0
0
0
0
0
0
0
0
0
0
0
0
0
0
0
0
0
0
0
0
0
0
0
0
0
0
0
0
0
0
0
0
0
0
0
0
0
0
0
0
0
0.01
0.01
0.01
0.01
0.01
0.01
0.01
0.01
0.01
0.01
0.02
0.01
0.02
0.01
0.01
0.02
0.03
0.03
0.04
0.06
0.06
0.08
0.1
0.11
0.13
0.14
0.17
0.19
0.22
0.26
0.29
0.33
0.38
0.43
0.46
0.46
0.5
0.54
0.58
0.61
0.65
0.65
0.66
0.73
0.73
0.72
0.77
0.82
0.95
1.14
1.26
1.55
1.91
2.3
2.76
3.39
4.05
4
3.95
3.91
3.85
3.87
4.04
4.34
4.87
5.63
6.52
7.53
8.52
8.97
9.6
10.19
10.81
11.49
10.99
11.75
12.56
14.13
15.77
17.51
19.37
21.27
23.08
24.81
26.07
27.27
26.3
27.48
28.73
30.57
32.33
34.06
35.79
37.49
40.4
42.02
43.54
45.11
46.64
48.07
49.42
50.8
49.52
47.82
49.5
51.06
54.61
52.78
54.12
55.39
56.73
58.01
59.16
60.26
61.25
62.14
63.11
64.02
65.05
66.17
67.24
68.16
67.44
69.22
69.85
70.53
71.23
75.03
75.35
75.61
75.72
75.8
75.96
76.11
76.31
76.48
76.44
76.33
76
75.47
74.84
74.14
77.67
78.91
78.16
77.24
76.13
74.82
73.7
72.45
71
69.09
67.14
63.8
61.33
58.72
54.75
51.61
48.39
44.64
41.68
39.81
37.56
35.48
33.25
31.07
28.88
26.84
24.7
22.16
20.28
18.86
17.42
17.33
16.32
15.48
16.09
15.88
15.82
16.4
16.27
15.16
14.42
13.58
12.97
12.4
11.96
11.58
11.26
11.42
10.74
10.06
9.4
8.95
8.46
7.92
7.34
7.28
7.19
7.05
6.89
6.69
6.48
6.22
5.91
5.56
5.16
4.64
4.23
3.88
3.94
4
4.06
3.93
3.85
3.83
3.86
3.37
2.92
2.53
2.12
1.76
1.48
1.25
1.08
0.96
0.88
0.92
0.87
0.81
0.75
0.69
0.64
0.59
0.53
0.48
0.43
0.4
0.36
0.33
0.35
0.36
0.33
0.29
0.25
0.22
0.18
0.14
0.14
0.14
0.14
0.14
0.12
0.12
0.12
0.12
0.12
0.1
0.08
0.06
0.04
0.03
0.02
0.01
0.01
0
0
0
0
0
0
0
0
0
0
0
0
0
0
0
0
0
0
0
0
0
0
0
0
0
0
0
0
0
0
0
0
0
0
0
0
0
0
0
0
0
0
0
0
0
0
0
0
0
0
0
0
0
0
0
0
0
0
0
0
0
0
0
0
0
0
0
0
0
0
0
0
0
0
0
0
0
0
0
0
0
0
0
0
0
0
0
0
0
0
0
0
0
0
0
0
0
0
0
0
0
0
0
0
0
0
0
0
0
0
0
0
0.01
0.01
0.01
0.01
0.02
0.03
0.04
0.06
0.07
0.1
0.13
0.17
0.16
0.17
0.17
0.2
0.21
0.25
0.28
0.33
0.37
0.41
0.46
0.46
0.5
0.54
0.58
0.61
0.64
0.66
0.68
0.69
0.82
1.01
1.21
1.38
1.79
2.25
2.84
3.46
4.15
4.1
4.06
4.05
4
3.95
3.95
4.07
4.3
4.63
5.09
5.65
6.22
6.79
7.01
7.32
7.44
7.17
7.17
7.22
7.32
8.26
9.28
10.36
11.54
12.78
14.04
15.23
16.39
16
15.5
14.88
14.62
15.61
17
18.34
19.71
21.45
22.95
24.48
26.07
27.65
29.29
31.03
32.24
34.1
35.96
37.89
39.88
43.41
47.07
50.84
54.21
56.3
58.38
60.5
62.65
64.86
66.94
68.86
70.62
72.28
73.81
75.13
76.86
77.88
78.82
79.61
80.24
80.74
81.07
81.25
81.46
81.63
81.77
81.84
81.79
81.25
81.01
80.41
80.07
79.64
79.06
77.01
72.89
72.13
71.32
70.46
69.54
68.51
67.38
66.1
64.55
62.78
60.77
58.53
56.09
53.82
51.04
48.45
46.63
44.74
42.86
42.38
43.86
41.84
39.74
37.59
35.43
33.31
31.26
29.4
27.76
26.33
25.1
24.07
22.49
21.13
20.72
20.48
19.2
18.07
17.05
16.13
15.35
14.71
14.19
13.79
13.47
13.21
12.97
12.59
12.24
11.83
11.4
10.94
10.94
10.94
10.32
9.68
9.01
8.75
8.48
8.16
7.8
7.38
6.94
6.27
5.78
5.29
4.8
4.43
4.03
3.69
3.38
3.12
3.12
3.12
2.97
2.87
2.81
2.36
1.94
1.56
1.22
0.97
0.76
0.78
0.65
0.54
0.46
0.41
0.35
0.3
0.25
0.2
0.2
0.2
0.2
0.2
0.2
0.17
0.15
0.15
0.15
0.12
0.1
0.07
0.05
0.04
0.02
0.01
0.01
0
0
0
0
0
0
0
0
0
0
0
0
0
0
0
0
0
0
0
0
0
0
0
0
0
0
0
0
0
0
0
0
0
0
0
0
0
0
0
0
0
0
0
0
0
0
0
0
0
0
0
0
0
0
0
0
0
0
0
0
0
0
0
0
0
0
0
0
0
0
0
0
0
0
0
0
0
0
0
0
0
0
0
0
0
0
0
0
0
0
0
0
0
0
0
0
0
0
0
0
0
0
0
0
0
0
0
0
0
0
0
0
0
0
0
0
0
0
0
0
0
0
0
0
0
0
0
0
0
0
0
0
0
0
0
0
0
0.05
0.15
0.31
0.53
0.81
1.15
1.53
1.97
2.46
2.46
2.46
2.46
2.46
2.46
2.46
2.46
2.57
2.57
2.74
3.17
3.12
3.4
3.57
3.95
4.3
4.36
4.43
4.49
4.53
5.12
5.75
6.42
7.12
7.9
8.71
9.58
10.36
11.29
12.11
12.72
13.78
14.54
15.44
16.16
16.95
18.05
19.17
20.33
21.53
22.72
24
25.28
26.57
27.91
29.42
30.02
31.42
30.53
30.81
32.57
32.42
31.28
32.92
34.76
36.23
37.87
39.76
41.65
43.67
45.79
47.85
49.99
52.21
54.35
56.31
59.2
61.3
65.68
68.93
70.69
74.37
79.03
80.85
82.38
84.22
85.87
87.22
88.53
89.68
90.65
91.62
92.5
93.28
94
94.63
95.17
95.68
96.09
96.34
96.45
96.47
96.3
95.94
95.41
94.65
93.7
92.57
91.19
89.59
87.74
85.58
83.13
80.42
77.52
74.49
71.29
67.89
64.39
61.68
58.92
54.31
49.82
47.04
44.33
41.7
39.13
36.61
34.21
31.91
29.86
28.08
26.52
25.19
24.06
23.09
22.29
21.68
21.23
20.05
18.55
19.42
20.29
19.61
19.04
18.52
18.07
17.69
17.38
17.13
16.85
16.53
16.22
15.91
15.6
15.1
14.8
14.48
14.14
13.8
13.39
12.52
11.65
11.11
10.74
10.42
9.61
8.82
8.61
8.44
7.73
7.65
7.57
7.53
7.51
7.69
7.7
7.73
7.8
7.9
8.51
9.1
9.67
9.87
9.83
9.72
10.08
10.39
10.09
9.68
9.85
9.39
9.23
9
8.72
8.39
8
7.57
7.08
6.53
5.96
5.39
4.82
4.31
3.84
3.44
3.08
2.77
2.51
2.36
2.19
2.06
1.64
1.27
0.95
0.68
0.45
0.28
0.14
0.06
0.02
0
0
0
0
0
0
0
0
0
0
0
0
0
0
0
0
0
0
0
0
0
0
0
0
0
0
0
0
0
0
0
0
0
0
0
0
0
0
0
0
0
0
0
0
0
0
0
0
0
0
0
0
0
0
0
0
0
0
0
0
0
0
0
0
0
0
0
0
0
0
0
0
0
0
0
0
0
0
0
0
0
0
0
0
0
0
0
0
0
0
0
0
0
0
0
0
0
0
0
0
0
0
0
0
0
0
0
0
0
0
0.01
0.01
0.01
0.01
0.02
0.03
0.04
0.11
0.26
0.47
0.73
1.05
1.39
1.87
2.42
2.97
2.97
2.97
2.97
2.97
2.96
2.97
3.03
3.16
3.33
3.55
3.81
3.98
4.06
4.07
4.03
3.93
3.78
3.44
3.03
2.61
2.79
2.97
3.2
3.47
3.74
4.02
4.26
4.49
4.75
5.04
5
5.3
5.68
6.13
6.01
5.93
6.45
7.07
7.73
7.6
8.34
9.11
9.89
10.7
11.56
12.49
13.5
14.55
15.56
16.46
17.61
17.06
17.34
16.68
18.21
19.79
20.95
22.2
23.56
25.75
27.04
28.42
29.82
31.26
32.84
34.45
36.05
37.7
39.46
40.15
42.38
46.13
49.12
53.12
55.6
58.04
60.32
62.42
64.44
66.5
68.7
66.37
68.55
70.67
72.54
70.46
72.11
73.58
74.77
76.97
77.59
78.02
75.6
75.62
75.78
75.98
76.22
76.59
76.93
77.17
77.23
81.67
81.48
81.18
80.83
84.27
83.86
83.51
83.34
83.17
83.03
82.82
85.23
84.23
83.53
82.59
80.35
78.74
77.21
75.57
73.82
71.84
69.71
67.48
65.28
62.93
60.42
57.73
54.83
51.86
49.74
47.63
45.5
44.12
42.07
40.1
39.35
37.77
36.04
34.34
32.73
31.36
30.17
29.15
28.19
27.41
26.8
26.37
26.11
26
25.1
24.3
23.6
23
22.51
22.1
21.74
21.46
21.25
21.1
21
20.88
20.76
20.63
20.5
20.36
20.25
20.16
20.07
19.97
19.84
19.72
19.59
19.48
19.35
19.2
19.02
18.83
18.62
18.4
18.18
17.96
17.74
17.54
17.35
17.16
16.22
15.32
14.36
13.84
12.9
12.16
11.74
11.32
10.81
9.93
9.06
8.23
7.82
7.54
7.32
6.97
6.73
6.47
6.17
5.83
6.22
6.51
6.83
6.68
6.94
6.98
6.66
6.49
6.4
6.67
6.9
7.08
6.83
6.43
5.95
5.59
5.11
4.62
4.18
3.78
3.4
3.05
2.73
2.44
2.17
1.95
1.75
1.42
1.12
0.85
0.62
0.44
0.29
0.18
0.09
0.04
0.02
0.02
0.02
0.02
0.02
0.02
0.02
0.02
0.02
0.02
0.02
0.02
0.02
0.02
0.02
0.02
0.02
0.02
0.02
0.02
0.02
0.01
0.01
0.01
0.01
0
0
0
0
0
0
0
0
0
0
0
0
0
0
0
0
0
0
0
0
0
0
0
0
0
0
0
0
0
0
0
0
0
0
0
0
0
0
0
0
0
0
0
0
0
0
0
0
0
0
0
0
0
0
0
0
0
0
0
0
0
0
0
0
0
0
0
0
0
0
0
0
0
0
0
0
0
0
0
0
0
0
0
0
0
0
0
0
0
0
0
0
0
0
0
0
0
0
0
0
0
0
0
0
0
0
0
0
0
0
0
0
0
0
0
0
0.01
0.01
0.02
0.04
0.05
0.07
0.1
0.18
0.32
0.47
0.68
0.94
1.28
1.7
2.19
2.79
2.79
2.79
2.78
2.85
3.01
3.27
3.64
3.88
4.28
4.82
5.5
6.2
6.95
7.78
7.58
7.31
8.26
9.22
10.16
11.08
12.64
14.22
15.85
17.46
19.05
20.57
22.04
23.71
25.28
26.73
28.01
29.25
30.44
31.58
33.79
35.98
36.89
37.8
38.81
38.11
39.25
40.52
41.92
43.27
44.67
45.44
46.96
48.53
50.18
51.95
53.92
55.83
55.36
55.88
56
57.86
59.82
61.72
63.44
66.77
67.22
67.7
67.91
69.29
70.65
72.63
73.81
74.82
75.65
76.28
76.68
76.97
79.91
81.86
82.69
83.19
81.84
81.54
81.94
82.37
83.78
84.93
86.08
85.88
85.4
84.8
84.11
83.44
82.72
82
81.33
80.82
76.28
71.68
69.59
68.56
65.75
63.15
61.61
59.83
57.83
55.71
53.53
51.41
49.41
47.33
45.12
43.73
42.35
40.81
39.05
37.05
38.58
39.96
40.14
37.74
38.79
38.5
36.45
34.57
32.86
31.3
29.85
28.45
27.06
25.79
24.64
22.65
20.96
19.4
18.02
16.81
15.73
14.75
13.85
12.99
12.17
11.34
10.48
9.69
8.95
8.28
7.65
7.08
6.56
6.1
5.69
5.34
4.81
4.32
3.89
3.49
3.15
2.86
2.62
2.44
2.31
2.26
2.23
2.19
2.14
2.09
2.03
1.97
1.91
1.84
1.77
1.69
1.63
1.56
1.49
1.42
1.34
1.25
1.17
1.09
1
0.91
0.82
0.74
0.66
0.59
0.53
0.47
0.42
0.37
0.33
0.3
0.25
0.21
0.17
0.14
0.11
0.09
0.07
0.05
0.04
0.03
0.03
0.03
0.02
0.02
0.02
0.02
0.02
0.02
0.02
0.02
0.01
0.01
0.01
0.01
0.01
0.01
0
0
0
0
0
0
0
0
0
0
0
0
0
0
0
0
0
0
0
0
0
0
0
0
0
0
0
0
0
0
0
0
0
0
0
0
0
0
0
0
0
0
0
0
0
0
0
0
0
0
0
0
0
0
0
0
0
0
0
0
0
0
0
0
0
0
0
0
0
0
0
0
0
0
0
0
0
0
0
0
0
0
0
0
0
0
0
0
0
0
0
0
0
0
0
0
0
0
0
0
0
0
0
0
0
0
0
0
0
0
0
0
0
0
0
0
0
0
0
0
0
0
0.01
0.01
0.01
0.01
0.01
0.01
0.01
0.01
0.01
0.01
0.01
0.02
0.03
0.04
0.05
0.11
0.22
0.38
0.62
0.88
1.28
1.8
2.38
3
3
3.01
3.09
3.09
3.09
3.35
3.39
3.74
4.13
4.12
4.11
4.05
4.19
4.58
4.91
5.21
5.34
5.34
5.06
4.44
4.66
5.19
5.11
5.84
6.24
5.99
6.51
6.16
5.75
6.57
7.84
9.24
9.57
10.05
11.16
12.4
11.86
13.28
14.94
17.03
18.86
20.37
22.41
23.71
25.45
27.66
29.35
31.6
31.6
33.12
34.21
32.81
32.23
32.75
33.43
32.61
32.61
32.84
31.73
31.63
31.38
32.72
34.25
35.97
37.65
39.36
41.11
42.99
46.86
48.85
50.88
55.34
59.84
62.85
65.09
68.65
73.11
75.33
78.85
81.25
83.83
84.74
85.44
85.91
86.26
86.49
86.59
86.59
86.87
86.74
86.55
86.33
86.09
85.8
85.42
85.08
84.82
84.59
84.29
83.83
83.21
82.52
81.74
80.87
79.82
78.58
77.19
75.58
73.73
71.61
69.26
66.66
63.8
61.46
58.99
56.38
53.63
50.74
47.9
45.14
42.46
39.81
37.22
34.73
32.44
30.37
28.49
26.81
25.34
24.1
23.05
22.22
21.61
20.48
19.51
18.67
17.98
17.49
17.04
16.66
16.37
16.16
16.03
15.94
15.84
15.72
15.57
15.44
15.32
15.23
15.14
15
14.82
14.61
14.36
14.06
13.71
13.29
12.82
12.3
12.04
11.73
11.31
10.94
10.56
10.16
9.75
9.28
8.74
8.12
7.46
6.84
6.28
5.75
5.28
4.86
4.48
4.17
3.91
3.7
3.21
2.78
2.46
2.09
1.75
1.44
1.15
0.92
0.75
0.64
0.58
0.53
0.48
0.43
0.38
0.34
0.31
0.26
0.21
0.18
0.14
0.11
0.08
0.06
0.04
0.03
0.03
0.02
0.02
0.02
0.02
0.02
0.02
0.02
0.01
0.01
0.01
0.01
0.01
0.01
0.01
0.01
0.01
0.01
0.01
0
0
0
0
0
0
0
0
0
0
0
0
0
0
0
0
0
0
0
0
0
0
0
0
0
0
0
0
0
0
0
0
0
0
0
0
0
0
0
0
0
0
0
0
0
0
0
0
0
0
0
0
0
0
0
0
0
0
0
0
0
0
0
0
0
0
0
0
0
0
0
0
0
0
0
0
0
0
0
0
0
0
0
0
0
0
0
0
0
0
0
0
0
0
0
0
0
0
0
0
0
0
0
0
0
0
0
0
0
0
0
0
0
0
0
0
0
0
0
0
0
0
0
0
0
0
0
0
0
0
0.05
0.14
0.27
0.45
0.69
0.98
1.35
1.82
2.38
2.38
2.38
2.38
2.5
2.72
3.04
3.04
3.37
3.86
4.52
5.38
6.35
6.26
6.75
6.57
7.31
7.02
8.15
9.21
10.23
11.83
13.47
15.13
16.67
18.16
19.56
21.3
22.74
24.03
23.36
22.51
21.49
23.16
24.27
26.03
26.87
28.69
29.04
29.44
29.8
30.19
30.59
31.08
31.67
29.95
29.65
30.52
31.42
32.4
33.1
35.96
39.15
40.76
42.43
44.18
45.99
47.96
49.96
51.8
53.73
55.75
57.83
59.82
61.71
65.81
68.51
70.06
69.21
70.7
74.24
75.62
76.55
77.27
77.81
78.23
78.46
78.56
78.62
78.91
79.14
79.26
79.25
77.83
77.89
78.03
78.21
78.42
81
81.17
81.27
81.36
81.67
82.24
82.87
83.53
84.22
84.84
85.37
85.69
85.87
85.92
85.87
87.11
86.75
86.18
85.36
84.27
82.95
81.5
80.01
78.4
76.48
74.2
71.72
69.05
66.22
63.28
60.24
57.1
53.92
51.58
48.54
45.61
43.09
40.82
38.67
36.66
34.71
32.82
30.95
29.16
27.54
26.18
24.99
23.96
22.67
21.73
21.16
20.73
20.45
19.42
19.18
18.93
17.92
17.27
16.68
16.18
15.79
15.49
15.26
15.09
14.94
14.75
14.57
14.42
14.7
14.81
14.73
14.68
14.64
13.83
13.05
12.58
13.03
15.64
15.63
15.61
15.56
15.48
15.37
14.92
14.71
14.49
13.77
13.47
13.12
12.7
12.2
11.84
11.42
11.72
11.98
11.9
11.32
8.11
7.5
6.87
6.23
5.58
4.98
4.72
4.21
3.74
3.77
3.37
2.99
2.67
2.42
2.01
1.67
1.37
1.11
0.91
0.75
0.61
0.51
0.43
0.37
0.33
0.3
0.27
0.23
0.2
0.17
0.14
0.14
0.14
0.14
0.14
0.14
0.14
0.14
0.11
0.09
0.07
0.05
0.04
0.03
0.02
0.01
0
0
0
0
0
0
0
0
0
0
0
0
0
0
0
0
0
0
0
0
0
0
0
0
0
0
0
0
0
0
0
0
0
0
0
0
0
0
0
0
0
0
0
0
0
0
0
0
0
0
0
0
0
0
0
0
0
0
0
0
0
0
0
0
0
0
0
0
0
0
0
0
0
0
0
0
0
0
0
0
0
0
0
0
0
0
0
0
0
0
0
0
0
0
0
0
0
0
0
0
0
0
0
0
0
0
0
0
0
0
0
0
0
0
0
0
0
0
0
0
0
0.05
0.13
0.26
0.43
0.64
0.9
1.24
1.63
2.09
2.09
2.09
2.09
2.12
2.27
2.55
2.79
3.13
3.56
4.08
4.69
5.36
5.27
5.7
6.46
7.27
7.92
8.74
8.35
8.64
9.96
11.16
12.62
13.92
13.77
14.79
15.88
16.91
17.85
18.73
19.54
20.23
21.66
22.55
23.11
23.59
24.19
24.55
26.06
26.81
27.01
27.34
27.45
27.76
29.46
29.59
28.79
27.43
26.05
24.66
25.18
25.81
24.39
23.09
23.34
23.67
22.16
23.21
24.28
25.3
26.5
27.75
28.96
30.15
31.39
32.94
35.46
38.69
42.07
45.53
47.09
48.61
52.01
52.34
54.3
56.16
59.87
61.05
62.3
63.67
64.81
65.95
67.13
68.23
69.22
70.18
71.06
71.76
72.32
72.58
72.99
73.33
73.81
77.23
77.42
77.62
77.81
77.89
77.88
77.21
77.24
77.2
77.05
76.84
76.58
72.64
68.7
68.15
67.45
66.75
65.66
64.4
62.94
61.29
59.41
57.37
55.11
52.8
51.15
49.91
47.8
45.56
43.3
41.04
38.72
39.96
39.96
37.32
35.06
32.99
31.13
29.47
28.02
26.77
25.72
24.62
22.97
22.23
20.47
18.83
17.92
17.17
16.48
15.87
15.26
14.87
15.72
15.83
15.24
15.12
14.96
14.78
14.56
14.32
14.09
14.06
14.76
14.66
14.91
15.22
14.96
14.7
14.44
14.17
14
13.71
13.4
13.09
13.23
12.91
12.6
12.29
12
11.71
10.98
10.71
10.42
10.14
9.83
9.51
9.18
8.82
8.45
8.05
7.64
7.37
7.09
6.78
6.46
6.12
5.75
5.37
4.98
4.58
4.61
4.16
3.74
3.36
3
2.68
2.39
2.13
1.91
1.71
1.55
1.26
1
0.78
0.58
0.41
0.28
0.17
0.09
0.04
0.01
0.01
0.01
0.02
0.01
0.01
0.01
0.01
0.01
0.01
0.01
0.01
0.01
0.01
0.01
0.01
0.01
0.01
0.01
0.01
0.01
0
0
0
0
0
0
0
0
0
0
0
0
0
0
0
0
0
0
0
0
0
0
0
0
0
0
0
0
0
0
0
0
0
0
0
0
0
0
0
0
0
0
0
0
0
0
0
0
0
0
0
0
0
0
0
0
0
0
0
0
0
0
0
0
0
0
0
0
0
0
0
0
0
0
0
0
0
0
0
0
0
0
0
0
0
0
0
0
0
0
0
0
0
0
0
0
0
0
0
0
0
0
0
0
0
0
0
0
0
0
0
0.01
0.01
0.01
0.01
0.01
0.01
0.01
0.01
0.01
0.01
0.01
0.01
0.01
0.01
0.01
0.01
0.01
0.01
0.02
0.03
0.04
0.05
0.07
0.09
0.11
0.14
0.15
0.16
0.18
0.2
0.23
0.22
0.22
0.25
0.29
0.32
0.33
0.33
0.39
0.39
0.43
0.49
0.62
0.81
1.07
1.38
1.74
2.19
2.66
3.33
4.13
4.13
4.13
4.1
4.23
4.53
4.75
5.42
5.36
6.35
7.45
7.38
7.23
7.02
8.11
9.21
10.35
11.21
12.14
12.86
13.44
14.86
16.29
17.77
17.6
17.41
18.68
19.5
20.99
21.54
21.99
23.71
25.56
27.5
28.17
28.89
29.62
30.58
31.53
32.57
33.72
34.94
36.22
37.57
40.45
42.89
44.35
45.91
47.55
49.25
50.48
52.28
54.03
55.81
53.75
55.29
57.08
58.88
60.68
62.47
64.22
65.97
67.69
69.3
70.89
72.87
74.58
76.22
77.82
79.25
81.07
82.18
80.12
79.46
83.96
84.8
85.36
85.87
86.31
86.65
86.71
86.91
87.06
87.23
87.35
87.29
87.06
86.69
86.19
85.63
84.97
84.22
86.45
87.02
86.03
84.82
83.38
81.66
79.7
77.52
75.34
72.7
68.12
64.69
61.46
58.19
55.9
53.02
50.41
48.01
45.61
43.19
40.77
38.39
36.02
33.73
31.52
29.57
27.83
26.29
24.97
23.85
24.67
24.3
23.72
23.29
21.94
21.28
20.44
19.47
18.63
17.92
17.3
16.77
16.34
16
15.74
15.49
15.25
15.04
14.84
14.65
14.46
14.28
14.1
13.91
13.72
13.52
13.33
13.18
13.04
12.91
12.79
12.68
12.58
12.49
12.4
12.3
12.21
12.12
12.02
11.92
11.78
11.61
11.41
11.17
10.89
10.56
10.19
9.75
9.25
8.98
8.66
8.27
7.86
7.43
6.98
6.51
6.03
5.52
4.99
4.45
3.95
3.5
3.09
2.72
2.4
2.14
1.92
1.76
1.65
1.3
1.01
0.79
0.6
0.43
0.29
0.18
0.09
0.03
0.01
0.01
0
0
0
0
0
0
0
0
0
0
0
0
0
0
0
0
0
0
0
0
0
0
0
0
0
0
0
0
0
0
0
0
0
0
0
0
0
0
0
0
0
0
0
0
0
0
0
0
0
0
0
0
0
0
0
0
0
0
0
0
0
0
0
0
0
0
0
0
0
0
0
0
0
0
0
0
0
0
0
0
0
0
0
0
0
0
0
0
0
0
0
0
0
0
0
0
0
0
0
0.01
0.01
0.04
0.11
0.21
0.33
0.51
0.74
1.04
1.42
1.86
1.86
1.91
2.01
2.13
2.13
2.13
2.38
2.67
2.99
3.35
3.35
3.77
4.2
4.67
5.15
5.6
6.01
6.35
6.61
6.8
7.34
7.88
8.44
9.04
9.86
10.77
11.5
12.25
12.73
12.37
12.37
11.92
11.85
12.84
12.45
11.82
11.18
12.37
13.65
15.05
16.61
18.16
19.77
21.37
23
24.65
26.35
28.16
30.27
32.83
35.79
38.83
41.59
43.33
46.53
50.06
53.21
53.94
55.96
57.94
59.92
61.94
63.93
65.92
67.84
69.67
71.33
72.81
74.2
75.48
76.96
78.42
79.75
81.02
82.2
83.26
84.69
86.66
87.21
87.79
88.4
88.96
89.39
89.66
89.8
89.84
89.9
89.93
90.05
90.54
90.43
90.24
89.47
88.86
88.54
88.11
87.69
87.34
86.98
86.39
85.5
84.44
83.42
82.47
81.62
77.19
76.19
75.08
73.51
69.17
64.84
61.06
59.61
57.76
55.92
54.04
51.99
49.76
47.39
45.06
42.9
40.79
38.55
36.16
33.66
34.8
32.57
30.48
28.81
29.87
30.75
31.39
30.26
29.34
28.09
26.97
26.03
25.26
24.66
24.13
23.63
23.2
22.94
22.82
22.82
22.82
22.8
22.76
22.72
22.82
23.11
23.13
23.15
23.16
23.17
23.16
23.15
23.13
23.1
23.11
23.11
23.1
23.07
23.02
22.96
22.88
22.78
22.7
22.56
22.36
22.09
21.78
21.43
20.23
19.83
19.03
18.61
18.2
17.77
17.3
16.82
16.33
15.84
15.39
14.91
14.45
13.98
13.51
13.07
12.67
12.32
11.98
11.68
12.22
11.98
12.14
11.91
11.67
11.45
11.25
11.06
10.88
10.71
10.53
9.92
9.6
9.44
9.29
9.15
9
8.86
8.71
8.56
8.38
8.21
8.04
7.9
7.77
7.65
7.55
7.44
7.34
7.13
6.68
7
7.04
6.93
6.8
6.67
6.53
6.13
5.73
5.35
5.06
4.7
4.34
4.13
3.81
3.56
3.29
2.93
2.62
2.37
2.5
2.3
2.09
1.88
1.66
1.44
1.22
1.26
1.28
1.29
1.21
1.21
1.21
1.05
1
0.88
0.77
0.77
0.72
0.72
0.58
0.47
0.36
0.27
0.19
0.12
0.07
0.03
0.01
0
0
0
0
0
0
0
0
0
0
0
0
0
0
0
0
0
0
0
0
0
0
0
0
0
0
0
0
0
0
0
0
0
0
0
0
0
0
0
0
0
0
0
0
0
0
0
0
0
0
0
0
0
0
0
0
0
0
0
0
0
0
0
0
0
0
0
0
0
0
0
0
0
0
0
0
0
0
0
0
0
0
0
0
0
0
0
0
0
0
0
0
0
0
0
0
0
0
0
0
0
0
0
0.06
0.18
0.37
0.62
0.93
1.33
1.81
2.37
3.01
3.01
3.01
3.01
3.01
3.01
3.01
3.19
3.42
3.42
3.84
3.84
4.03
4.49
4.88
5.21
5.13
5.3
4.83
4.26
4.18
4.74
5.29
5.86
5.86
6.25
6.69
6.51
7.07
7.88
8.26
9.06
9.6
9.87
9.29
8.72
9.5
10.01
11.15
12.12
12.83
13.62
14.14
14.72
15.95
16.89
17.88
19.39
20.22
21.1
22.07
23.11
23.99
25.09
27.11
29.2
28.19
28.78
29.86
31.12
32.11
32.93
31.85
30.71
29.48
30.82
29.39
27.88
26.96
28.11
29.25
30.4
31.88
33.13
34.3
35.4
38.58
40.15
41.31
42.58
43.95
45.4
48.96
52.57
56.19
57.14
60.75
64.34
67.22
68.02
68.77
69.42
69.87
70.22
70.67
71.2
71.75
72.19
72.4
72.44
72.34
72.27
72.27
72.16
72
71.79
71.52
71.23
70.88
70.44
69.92
69.39
68.82
68.21
67.25
66.3
65.28
64.25
63.29
62.28
61.19
59.9
58.51
57.03
55.46
53.81
52.16
50.4
48.56
46.6
44.54
42.39
41.01
39.61
38.4
37.01
35.58
34.08
31.45
29.19
27.62
26.19
24.02
22.74
21.58
20.54
19.58
18.75
18.07
17.57
17.21
16.96
15.97
15.06
14.24
13.5
12.84
12.28
12.88
13.21
12.95
12.71
13.27
13.09
12.9
12.71
12.51
12.3
12.07
11.81
11.56
10.86
10.68
10.52
10.35
10.18
10.01
9.84
9.68
9.5
9.32
9.16
8.99
8.82
8.66
8.48
8.31
8.15
8.01
7.85
7.38
7.66
7.45
7.23
7.02
6.56
6.33
6.1
5.81
5.37
4.95
4.73
4.52
4.31
4.11
3.94
3.77
3.59
3.4
3.2
3.29
3.07
2.84
2.59
2.34
2.34
2.12
2.14
2.21
2.4
2.56
2.51
2.44
2.34
2.23
2.09
1.93
1.76
1.62
1.5
1.4
1.34
1.29
1.28
1.28
1.28
1.28
1.04
0.83
0.64
0.48
0.34
0.22
0.13
0.07
0.02
0
0
0
0
0
0
0
0
0
0
0
0
0
0
0
0
0
0
0
0
0
0
0
0
0
0
0
0
0
0
0
0
0
0
0
0
0
0
0
0
0
0
0
0
0
0
0
0
0
0
0
0
0
0
0
0
0
0
0
0
0
0
0
0
0
0
0
0
0
0
0
0
0
0
0
0
0
0
0
0
0
0
0
0
0
0
0
0
0
0
0
0
0
0
0
0
0
0
0
0
0
0
0
0
0
0.04
0.12
0.25
0.43
0.65
0.93
1.25
1.62
2.05
2.05
2.05
2.08
2.16
2.29
2.29
2.54
2.85
3.22
3.66
4.16
4.38
4.3
4.7
4.76
4.85
5.64
6.43
7.22
7.98
9.21
10.48
11.75
12.98
14.2
15.61
16.83
17.92
18.99
20.05
21.09
20.84
21.81
22.84
24.25
25.7
26.25
27.26
28.32
29.53
28.8
27.54
26.24
27.85
27.08
28.72
30.4
32.26
34.15
36.11
38.2
41.29
43.52
41.96
43.75
41.98
43.92
41.79
43.52
45.11
48.62
52.68
56.74
57.98
61.62
62.82
64
64.58
61.25
62.37
63.32
64.77
66.04
67.08
68.07
72.5
73.41
77.86
78.42
78.97
79.53
80.09
80.66
81.22
81.8
82.45
83.08
84.22
89.24
89.66
90.09
90.58
91.19
95.3
96.06
96.84
97.58
98.3
98.85
99.3
99.61
99.76
99.73
99.49
99.05
98.31
97.32
96.13
94.65
92.93
91.01
88.85
86.42
83.73
80.8
77.68
74.36
71.47
68.5
65.47
62.4
59.37
56.38
53.44
50.53
47.73
45.03
42.44
40.11
38
36.09
34.4
32.92
31.63
30.54
29.62
28.88
27.76
26.78
25.94
25.23
24.62
24.1
23.69
23.4
23.2
23.09
23.08
23.07
23.07
23.06
23.04
23.01
22.97
22.92
22.87
22.83
22.78
22.73
22.67
22.59
22.51
22.38
22.19
21.96
21.69
21.38
21.03
20.67
20.3
19.13
18.76
18.39
18.03
17.67
17.3
16.92
16.54
16.17
15.79
15.43
15.07
14.74
14.43
14.13
13.83
13.52
13.23
12.92
12.62
13.1
12.78
12.43
12.08
11.71
11.35
10.97
10.6
10.22
9.86
9.5
9.06
8.68
8.22
7.72
7.33
6.95
6.56
6.17
5.77
5.47
5.18
4.88
4.59
4.3
4.02
3.75
3.46
3.17
2.87
2.55
2.32
2.06
1.88
1.76
1.57
1.39
1.24
1.11
1.01
0.82
0.65
0.51
0.39
0.28
0.19
0.11
0.05
0.02
0
0
0
0
0
0
0
0
0
0
0
0
0
0
0
0
0
0
0
0
0
0
0
0
0
0
0
0
0
0
0
0
0
0
0
0
0
0
0
0
0
0
0
0
0
0
0
0
0
0
0
0
0
0
0
0
0
0
0
0
0
0
0
0
0
0
0
0
0
0
0
0
0
0
0
0
0
0
0
0
0
0
0
0
0
0
0
0
0
0
0
0
0
0
0
0
0
0
0
0
0
0
0
0
0
0.06
0.16
0.31
0.53
0.82
1.17
1.58
1.96
2.37
2.37
2.37
2.37
2.37
2.41
2.41
2.41
2.41
2.41
2.41
2.48
2.43
2.78
6.5
6.7
6.81
6.87
6.88
6.95
6.54
7.08
7.62
8.22
8.61
8.56
8.56
8.56
9.19
9.81
9.88
10.5
10.5
10.78
7.65
8.01
8.39
8.76
9.1
8.65
9.46
9.77
10.11
10.42
10.98
11.94
11.94
12.07
11.44
11.68
11.6
11.16
12.19
11.47
11.32
11.64
12.02
12.47
12.44
13.81
14.43
15.09
15.69
16.3
16.46
16.69
17.97
19.17
20.61
21.33
23.03
24.65
25.61
27.76
29.45
30.72
32
33.21
34.93
35.12
36.24
37.28
35.8
37.01
38.7
40.36
41.9
40.57
41.95
43.17
44.2
45.05
45.78
46.4
44.11
41.74
42.19
42.45
40.88
41.95
42.56
43.21
46.46
46.98
47.42
47.81
48.32
51.7
52.32
52.99
53.73
54.51
55.22
55.83
59.14
62.4
62.72
63.18
65.4
65.82
65.62
65.27
63.65
63.01
62.35
61.58
60.59
59.45
57.79
56.22
54.52
52.68
50.75
48.77
46.74
44.64
42.46
40.9
39.3
37.65
36.02
34.42
33.96
32.44
30.91
29.41
27.99
26.63
25.71
24.66
23.73
22.92
22.24
21.65
21.18
20.81
20.53
19.66
18.86
18.14
17.5
16.91
16.38
15.93
15.53
15.19
14.9
14.65
14.42
14.2
13.98
13.76
13.53
13.29
13.06
12.85
12.65
12.48
12.34
12.2
12.07
11.95
11.82
11.69
11.55
11.39
11.23
11.08
10.92
10.74
10.55
10.37
10.19
10.01
9.82
9.61
9.39
9.13
8.82
8.47
8.09
7.66
7.2
6.72
6.22
5.73
5.61
5.46
5.28
5.07
4.84
4.59
4.3
4
3.69
3.37
3.02
2.73
2.49
2.29
2.14
2.03
1.97
1.94
1.94
1.94
1.58
1.26
0.99
0.75
0.54
0.37
0.24
0.14
0.07
0.03
0.03
0.02
0.02
0.02
0.02
0.02
0.02
0.01
0.01
0.01
0.01
0.01
0.01
0.01
0.01
0.01
0.01
0.01
0.01
0.01
0.01
0.01
0.01
0
0
0
0
0
0
0
0
0
0
0
0
0
0
0
0
0
0
0
0
0
0
0
0
0
0
0
0
0
0
0
0
0
0
0
0
0
0
0
0
0
0
0
0
0
0
0
0
0
0
0
0
0
0
0
0
0
0
0
0
0
0
0
0
0
0
0
0
0
0
0
0
0
0
0
0
0
0
0
0
0
0
0
0
0
0
0
0
0
0
0
0
0
0
0
0
0
0
0
0
0
0
0
0
0
0
0
0
0.01
0.01
0.02
0.03
0.04
0.05
0.07
0.09
0.11
0.13
0.19
0.33
0.54
0.8
0.98
1.18
1.62
2.11
2.66
2.66
2.66
2.69
2.78
2.91
3.07
3.27
3.52
3.6
3.58
3.63
4.03
4.34
4.6
4.83
4.65
4.45
4.01
3.51
3.43
3.78
4.57
4.88
4.78
5.56
6.35
7.14
7.92
8.89
10.01
10.73
11.12
11.59
12.14
12.71
13.77
14.86
16.01
17.26
18.13
19.25
20.01
21.28
21.28
20.37
19.41
18.41
17.36
18.56
19.78
19
18.72
20.34
22
23.71
25.56
25.94
27.93
29.93
31.95
33.91
35.84
37.8
41.48
45.23
49
52.81
56.65
58.31
59.93
63.95
67.44
68.96
70.33
71.55
72.57
74.97
72.79
73.28
73.61
73.56
73.83
74.06
73.34
73.46
71.88
68.07
64.23
64.16
64.09
64
63.89
63.8
63.74
63.79
63.97
64.21
67.34
67.73
68.09
68.63
68.65
68.47
69.01
68.2
68.08
71.29
74.38
73.42
72.24
70.83
69.21
67.38
65.36
63.09
60.55
57.83
55.63
53.15
50.77
48.42
46.1
43.83
41.58
39.67
38.65
36.4
34.18
32.14
30.26
28.58
27.06
25.72
24.55
23.06
21.63
21.01
19.9
19.05
18.16
17.37
16.68
16.08
15.57
15.16
14.83
14.56
14.19
13.92
13.71
13.51
13.3
13.11
12.93
13.25
13.7
13.49
13.24
12.98
12.7
12.41
12.11
11.79
11.47
11.17
10.88
10.59
10.09
9.9
9.65
9.4
9.15
8.89
8.64
8.38
8.15
7.94
7.77
7.63
7.5
7.41
7.33
7.27
7.21
7.14
7.07
7
7.3
7.16
7
6.82
6.61
6.38
6.11
5.79
5.43
5.42
5.35
5.24
5.08
4.84
4.59
4.31
4.02
3.71
3.39
3.05
2.76
2.5
2.27
2.07
1.92
1.79
1.71
1.68
1.68
1.34
1.03
0.77
0.55
0.4
0.28
0.17
0.09
0.04
0.01
0.01
0.01
0
0
0
0
0
0
0
0
0
0
0
0
0
0
0
0
0
0
0
0
0
0
0
0
0
0
0
0
0
0
0
0
0
0
0
0
0
0
0
0
0
0
0
0
0
0
0
0
0
0
0
0
0
0
0
0
0
0
0
0
0
0
0
0
0
0
0
0
0
0
0
0
0
0
0
0
0
0
0
0
0
0
0
0
0
0
0
0
0
0
0
0
0
0
0
0
0
0
0
0
0
0
0
0
0
0
0
0
0
0
0
0
0
0
0
0
0
0
0
0
0
0.05
0.15
0.29
0.46
0.69
0.95
1.26
1.61
1.97
1.97
1.97
1.97
1.97
1.97
1.97
1.97
1.98
2.04
2.14
2.28
2.38
2.44
2.47
2.29
2.28
2.21
2.15
2.11
2.13
2.6
3.16
3.83
4.59
4.9
4.9
4.9
4.89
5.78
5.68
6.17
7.13
8.16
9.21
9.21
10.12
10.22
11.53
12.86
14.17
15.46
16.52
17.52
18.48
19.99
21.97
24.11
26.41
27.9
30.45
32.48
34.12
35.77
37.49
40.51
42.45
45.3
47.02
48.79
47.1
48.81
50.69
52.52
52.31
53.1
53.05
54.49
55.18
56.34
57.42
55.66
52.92
53.84
54.7
55.56
56.5
57.37
58.12
54.72
58.8
59.06
59.67
60.35
63.11
64.81
67.25
68.07
69.5
70.32
71.06
74.57
79.03
79.79
80.51
81.11
79.94
80.34
78.12
81.52
81.7
82.19
82.31
82.32
82.16
81.83
81.36
80.73
79.98
79.18
78.34
77.39
76.27
74.97
73.45
71.78
71.59
69.61
70.1
68.88
66.66
64.34
61.86
59.98
58.03
56.08
54.12
50.35
48.44
46.49
44.53
42.52
40.53
38.58
36.81
35.21
33.77
32.49
31.34
30.28
29.34
28.54
27.9
26.69
25.62
24.64
23.76
24.8
24.05
22.39
21.83
21.38
21.03
20.76
20.5
20.24
20.01
19.79
19.59
19.41
19.23
19.01
18.77
18.5
18.23
17.95
17.67
17.4
17.13
17.87
17.59
17.31
17.02
16.74
15.76
15.15
14.75
14.28
13.97
13.66
13.35
13.07
12.8
12.55
12.31
12.11
11.91
11.72
11.51
11.3
11.08
10.85
10.14
9.88
10.31
10.38
9.82
9.52
9.09
8.47
7.97
7.73
7.52
7.3
7.09
6.85
6.58
6.3
6.01
5.72
5.43
5.13
5.31
5.01
4.9
4.78
5.04
5.08
5.05
5.21
5.23
4.88
4.58
4.23
3.87
3.53
3.22
2.94
2.68
2.44
2.22
2.03
1.86
1.71
1.39
1.1
0.85
0.62
0.43
0.27
0.14
0.12
0.05
0.02
0.02
0.02
0.02
0.02
0.02
0.02
0.02
0.02
0.02
0.02
0.02
0.02
0.02
0.02
0.02
0.02
0.02
0.02
0.02
0.02
0.02
0.02
0.02
0.02
0.02
0.01
0.01
0.01
0.01
0.01
0.01
0.01
0.01
0
0
0
0
0
0
0
0
0
0
0
0
0
0
0
0
0
0
0
0
0
0
0
0
0
0
0
0
0
0
0
0
0
0
0
0
0
0
0
0
0
0
0
0
0
0
0
0
0
0
0
0
0
0
0
0
0
0
0
0
0
0
0
0
0
0
0
0
0
0
0
0
0
0
0
0
0
0
0
0
0
0
0
0
0
0.01
0.01
0.01
0.03
0.04
0.06
0.09
0.11
0.15
0.16
0.16
0.17
0.18
0.18
0.2
0.23
0.24
0.27
0.31
0.31
0.34
0.38
0.38
0.39
0.42
0.44
0.46
0.48
0.49
0.6
0.78
1.03
1.36
1.79
2.26
2.89
3.71
4.7
4.71
5.02
5.43
5.77
5.77
6.65
6.6
6.61
6.57
6.52
6.48
8.02
14.12
15.7
15.36
14.93
15.7
16.29
15.46
15.27
17.13
18.1
17.65
19.14
20.93
21.56
22.13
22.08
24.13
25.55
25.55
23.89
19.03
19.15
21.17
23.21
24.06
25.01
27.28
28.82
29.4
30.69
32.68
30.82
30.54
31.71
33.72
36.59
37.47
39.02
42.06
45.21
47.05
48.45
49.85
48.97
50.39
50.13
51.12
52.37
53.56
54.7
56.46
60.24
62.34
63.48
64.76
65.77
66.78
67.8
68.51
69.48
70.35
71.12
71.83
74.82
75.45
77.69
78.6
79.14
79.64
80.08
80.5
80.91
81.47
81.77
82.01
82.18
82.25
82.19
82.28
81.88
81.34
80.65
79.82
78.82
77.67
76.29
74.73
72.97
70.99
68.81
66.36
63.64
60.72
57.66
55.64
53.5
51.24
48.91
46.54
44.15
41.8
39.5
37.26
35.09
32.99
31.1
29.39
27.88
26.59
25.51
24.68
24.09
23.72
23.52
22.3
21.25
20.35
19.6
18.99
18.5
18.09
17.28
16.35
16.04
15.89
15.71
15.52
15.32
15.11
14.88
14.63
14.37
14.1
13.82
13.56
13.3
13.04
12.37
11.75
11.37
10.71
10.4
10.6
10.22
9.71
9.19
8.66
8.32
7.98
7.61
7.24
6.84
6.42
5.96
5.46
4.92
4.37
4.19
3.97
3.51
3.36
3.33
3.01
2.72
2.47
2.26
2.08
1.73
1.39
1.09
0.82
0.59
0.4
0.26
0.15
0.08
0.05
0.04
0.04
0.03
0.02
0.02
0.01
0.01
0.01
0
0
0
0
0
0
0
0
0
0
0
0
0
0
0
0
0
0
0
0
0
0
0
0
0
0
0
0
0
0
0
0
0
0
0
0
0
0
0
0
0
0
0
0
0
0
0
0
0
0
0
0
0
0
0
0
0
0
0
0
0
0
0
0
0
0
0
0
0
0
0
0
0
0
0
0
0
0
0
0
0
0
0
0
0
0
0
0
0
0
0
0
0
0
0
0
0
0
0
0
0
0
0
0
0
0
0
0
0
0
0
0
0
0
0
0
0
0
0
0
0
0
0
0
0
0
0
0
0
0
0
0
0
0
0
0
0
0
0
0
0
0
0
0
0
0
0
0
0
0
0
0
0
0
0
0
0
0
0
0
0
0.01
0.07
0.2
0.44
0.74
1.11
1.57
2.09
2.67
3.27
3.27
3.27
3.27
3.27
3.27
3.32
3.42
3.58
3.79
4.08
4.43
4.37
4.59
4.43
4.5
4.52
4.45
4.37
4.33
4.34
5.02
5.78
6.69
7.66
8.7
9.76
10.02
10.29
10.57
10.84
11.12
11.12
11.59
12.42
13.05
13.76
14.6
15.46
16.32
17.2
18.12
19.06
19.88
20.72
21.67
22.69
24.58
26.5
28.46
30.52
32.65
35.52
37.68
39.83
41.96
44
45.97
47.97
49.97
51.93
53.86
55.77
57.73
59.71
61.61
63.39
65.14
66.84
68.47
69.93
71.3
72.57
73.74
74.85
75.95
77.09
78.19
79.16
80.03
80.83
81.56
82.19
82.7
83.06
83.27
83.41
83.4
83.3
83.16
82.95
82.59
82.16
81.7
81.17
80.55
79.83
79.04
74.82
71.41
70.29
66.03
65.01
60.81
59.68
58.23
57.14
56.11
55.11
54.07
53.11
52.21
51.16
49.96
48.58
46.99
44.47
40.97
42.26
42.49
39.87
40.99
37.78
39.69
38.43
37.31
35.61
33.67
31.47
29.09
26.51
23.82
21.26
18.8
16.56
14.57
13.55
13.57
12.25
11.2
10.7
9.6
9.63
7.73
5.99
4.49
3.24
2.25
1.52
1.01
0.7
0.54
0.45
0.43
0.42
0.41
0.4
0.39
0.38
0.35
0.34
0.33
0.32
0.31
0.29
0.28
0.27
0.25
0.24
0.23
0.22
0.21
0.2
0.19
0.18
0.16
0.15
0.14
0.13
0.13
0.12
0.1
0.09
0.08
0.08
0.07
0.06
0.06
0.05
0.05
0.04
0.03
0.02
0.02
0.01
0.01
0.01
0.01
0.01
0.01
0.01
0.01
0
0
0
0
0
0
0
0
0
0
0
0
0
0
0
0
0
0
0
0
0
0
0
0
0
0
0
0
0
0
0
0
0
0
0
0
0
0
0
0
0
0
0
0
0
0
0
0
0
0
0
0
0
0
0
0
0
0
0
0
0
0
0
0
0
0
0
0
0
0
0
0
0
0
0
0
0
0
0
0
0
0
0
0
0
0
0
0
0
0
0
0
0
0
0
0
0
0
0
0
0
0
0
0
0
0
0
0
0
0
0
0
0
0
0
0
0
0
0
0
0
0
0
0
0
0
0
0.01
0.01
0.08
0.2
0.36
0.58
0.85
1.17
1.54
1.93
2.45
2.6
2.9
3.27
3.73
4.31
5.01
5.84
6.84
6.84
6.83
6.83
7.01
8.23
8.06
7.84
9.11
19.49
20.78
22.12
23.35
24.88
26.22
27.5
28.68
29.74
30.71
31.59
32.19
33.46
34.93
36.38
37.57
36.24
37.43
37.43
37.57
28.29
28.49
28.69
28.31
28.59
26.96
25.3
26.15
27.09
27.98
28.9
30.08
31.71
33.29
35.05
36.95
40.43
42.72
46.3
48.27
50.54
52.39
54.08
56.32
57.95
61.64
65.43
66.83
68.29
67.92
69.53
71.04
72.47
73.79
74.99
76.05
77.01
78.04
79
79.93
80.89
81.9
83.11
84.42
85.75
87.01
88.12
89.09
89.91
92.5
93.05
93.51
93.96
94.38
94.74
95.03
90.59
90.42
90.47
90.43
90.25
89.95
89.49
88.94
88.32
87.54
86.74
85.88
84.94
83.95
82.88
81.69
80.34
78.76
76.98
75.07
77.57
75.5
72.91
70.18
67.25
64.12
61.19
58.03
54.74
51.9
48.95
45.93
42.85
39.71
36.52
33.3
30.08
27
24.07
21.28
18.78
16.52
14.51
12.71
11.17
9.88
8.44
7.24
6.22
4.89
3.74
2.75
1.93
1.26
0.75
0.4
0.19
0.06
0
0
0
0
0
0
0
0
0
0
0
0
0
0
0
0
0
0
0
0
0
0
0
0
0
0
0
0
0
0
0
0
0
0
0
0
0
0
0
0
0
0
0
0
0
0
0
0
0
0
0
0
0
0
0
0
0
0
0
0
0
0
0
0
0
0
0
0
0
0
0
0
0
0
0
0
0
0
0
0
0
0
0
0
0
0
0
0
0
0
0
0
0
0
0
0
0
0
0
0
0
0
0
0
0
0
0
0
0
0
0
0
0
0
0
0
0
0
0
0
0
0
0
0
0
0
0
0
0
0
0
0
0
0
0
0
0
0
0
0
0
0
0
0
0
0
0
0
0
0
0
0
0
0
0
0
0
0
0
0
0
0
0
0
0
0
0
0
0
0
0
0
0
0
0
0
0
0
0
0
0
0
0
0
0
0
0
0
0
0
0
0
0
0
0
0
0
0
0
0
0
0
0.07
0.19
0.37
0.6
0.87
1.19
1.55
1.99
2.48
2.48
2.48
2.48
2.56
2.72
2.98
2.98
2.98
2.98
2.98
3.65
3.59
4.25
4.06
4.74
5.38
6.01
6.61
6.18
5.69
5.69
6.6
7.47
8.24
8.9
9.46
10.28
11.11
12
12.98
13.4
14.6
15.13
16.5
17.03
17.58
18.14
18.81
20.76
22.91
25.3
26.68
28.29
30.12
29.29
28.47
30.84
30.01
32.55
34.98
37.33
39.62
41.87
44.12
46.3
48.47
50.67
52.69
54.25
55.61
56.71
57.91
58.81
59.48
62.74
65.58
65.56
68.94
68.98
69.09
69.24
69.37
69.31
69.47
69.82
70.31
70.71
71.24
71.85
72.41
72.99
73.63
74.47
75.44
76.65
78.35
79.37
78.08
78.75
79.94
81.11
82.25
83.51
84.44
85.12
85.61
85.96
86.46
87.08
87.8
88.5
84.67
84.81
84.98
84.89
84.61
84.57
86.51
86.28
85.35
84.23
82.96
81.33
79.86
78.34
76.71
75.11
73.14
71.03
68.72
65.71
67.55
65.18
62.53
59.84
57.1
54.34
51.54
49.55
47.56
45.61
43.58
41.95
40.13
38.32
36.54
34.79
33.12
31.46
29.97
29.18
28
26.96
26.09
25.39
24.85
24.46
24.21
23.28
22.45
21.71
21.2
20.65
20.19
19.8
19.51
19.31
19.18
19.1
19.02
18.94
18.87
18.75
18.6
18.41
17.43
16.44
16.2
15.95
15.71
15.4
15.14
14.87
14.6
14.36
14.11
13.85
13.59
12.68
12.41
12.14
11.85
11.56
11.29
11.06
11.6
12.13
11.9
11.67
11.44
11.27
11.02
10.78
10.44
9.76
9.48
9.18
8.87
9.19
8.88
8.58
8.29
8.01
7.75
7.45
7.17
6.81
6.51
6.19
5.84
5.48
5.14
4.7
4.36
4.36
3.98
3.86
3.75
3.62
3.48
3.32
3.13
2.94
2.73
2.51
2.26
2.1
1.88
1.7
1.56
1.45
1.33
1.33
1.33
1.33
1.33
1.09
0.86
0.66
0.49
0.35
0.23
0.14
0.07
0.02
0
0
0
0
0
0
0
0
0
0
0
0
0
0
0
0
0
0
0
0
0
0
0
0
0
0
0
0
0
0
0
0
0
0
0
0
0
0
0
0
0
0
0
0
0
0
0
0
0
0
0
0
0
0
0
0
0
0
0
0
0
0
0
0
0
0
0
0
0
0
0
0
0
0
0
0
0
0
0
0
0
0
0
0
0
0
0
0
0
0
0
0
0
0
0
0
0
0
0
0
0
0
0
0
0
0
0
0
0
0
0
0
0
0
0
0
0
0
0
0.01
0.08
0.23
0.46
0.79
1.17
1.63
2.12
2.66
3.29
3.29
3.29
3.29
3.29
3.46
3.46
3.79
3.79
3.79
4.07
4.42
4.78
5.03
5.3
5.59
5.95
6.36
6.82
7.26
6.64
6.64
6.64
7.56
8.31
9.09
10.15
10.82
11.83
12.92
13.78
14.64
15.33
16.09
16.67
17.03
17.23
17.27
17.26
17.25
18.27
18.81
18.81
18.97
19.63
20.12
20.59
21.22
21.95
22.71
23.31
24.12
25.04
25.45
25.49
26.77
28.21
29.81
31.5
33.27
35.12
37.51
40.46
42.35
44
45.71
47.44
49.14
50.8
52.47
54.32
55.74
57.49
59.81
61.45
59.19
60.75
62.14
63.4
64.51
65.49
66.48
67.5
68.54
69.56
70.5
71.32
72.06
72.68
73.17
73.52
74.06
74.24
74.34
75.57
79.55
79.53
79.53
79.54
79.51
79.41
79.2
78.85
78.32
77.6
76.71
75.71
74.59
73.35
71.94
70.38
68.65
66.74
64.69
62.45
60.03
57.49
54.82
51.48
48.4
45.46
42.48
39.44
37.39
35.39
33.43
31.5
29.63
27.85
26.24
24.75
23.41
22.15
20.98
19.99
19.18
18.51
17.99
18.14
18.08
17.92
17.85
17.89
16.99
16.23
15.59
15.02
14.52
14.08
13.66
13.29
12.95
12.66
12.41
12.15
11.9
11.67
11.45
11.25
11.09
10.95
10.84
10.76
10.75
10.69
10.62
10.57
10.5
10.43
10.34
10.25
10.16
10.08
10.02
9.96
9.91
9.86
9.79
9.39
9.24
9.07
8.78
8.55
8.3
8.04
7.78
7.51
7.25
7.01
6.77
6.55
6.31
6.07
5.82
5.56
5.29
5
4.72
4.74
4.46
4.18
3.97
3.69
3.4
3.12
2.85
2.76
2.67
2.56
2.43
2.3
2.15
2.01
1.86
1.7
1.54
1.38
1.23
1.12
1.02
0.96
0.91
0.89
0.89
0.89
0.89
0.73
0.57
0.44
0.33
0.23
0.15
0.09
0.04
0.01
0
0
0
0
0
0
0
0
0
0
0
0
0
0
0
0
0
0
0
0
0
0
0
0
0
0
0
0
0
0
0
0
0
0
0
0
0
0
0
0
0
0
0
0
0
0
0
0
0
0
0
0
0
0
0
0
0
0
0
0
0
0
0
0
0
0
0
0
0
0
0
0
0
0
0
0
0
0
0
0
0
0
0
0
0
0
0
0
0
0
0
0
0
0
0
0.01
0.01
0.01
0.01
0.01
0.01
0.01
0.01
0.01
0.01
0.01
0.01
0.01
0.01
0.01
0.01
0.02
0.03
0.05
0.07
0.1
0.12
0.15
0.19
0.23
0.25
0.27
0.27
0.28
0.32
0.34
0.34
0.39
0.39
0.45
0.5
0.56
0.6
0.6
0.58
0.55
0.53
0.53
0.55
0.57
0.61
0.64
0.7
0.68
0.71
0.74
0.74
0.72
0.77
0.78
0.77
0.71
0.72
0.76
0.8
0.8
0.84
0.89
0.92
0.92
0.87
0.88
0.82
0.82
0.94
1.17
1.57
2.05
2.59
3.23
4.06
5.1
6.22
6.15
6.12
6.12
6.19
6.39
6.38
6.59
7.07
7.69
8.58
9.66
10.57
11.47
12.34
13.2
14.1
14.98
15.81
16.62
17.37
19.41
21.52
23.5
25.6
27.55
29.8
31.95
34.02
36.01
37.96
39.86
41.87
43.88
45.71
47.75
49.78
51.8
53.78
55.64
57.47
59.31
61.25
63.45
65.5
67.62
69.73
71.76
73.06
74.8
76.37
77.8
79.12
80.38
81.81
82.96
83.89
84.71
85.46
86.21
86.91
87.49
87.91
88.21
88.38
85.74
81.32
81.1
81.4
81.01
80.53
79.94
79.21
78.33
75.32
74.09
72.7
71.47
70.09
68.55
66.83
64.96
62.91
60.61
58.12
58.15
59.74
56.9
53.98
50.99
47.95
44.86
43.43
41.06
40.43
38.83
37.41
35.7
34
32.32
30.66
29.02
27.43
26.08
24.94
23.98
23.18
22.57
22.1
21.81
21.59
21.59
19.33
18.75
18.48
17.44
16.47
15.64
14.95
14.39
13.95
13.65
13.46
13.29
13.12
12.92
12.71
12.51
12.3
12.08
11.93
11.72
12.22
12.05
11.92
11.71
11.49
11.26
11.01
10.74
10.45
10.16
9.85
9.53
9.21
8.91
8.61
8.32
8.06
7.81
7.55
7.3
7.06
6.85
6.59
6.35
6.09
5.82
5.53
5.23
4.92
4.58
4.23
3.91
3.6
3.59
3.55
3.5
3.41
3.3
3.16
3
2.81
2.6
2.39
2.16
1.96
1.81
1.68
1.59
1.54
1.52
1.52
1.52
1.52
1.23
0.97
0.74
0.54
0.37
0.24
0.14
0.07
0.02
0
0
0
0
0
0
0
0
0
0
0
0
0
0
0
0
0
0
0
0
0
0
0
0
0
0
0
0
0
0
0
0
0
0
0
0
0
0
0
0
0
0
0
0
0
0
0
0
0
0
0
0
0
0
0
0
0
0
0
0
0
0
0
0
0
0
0
0
0
0
0
0
0
0
0
0
0
0
0
0
0
0
0
0
0
0
0
0
0
0
0
0
0
0
0
0
0
0
0
0
0.05
0.14
0.28
0.49
0.74
1.05
1.39
1.77
2.17
2.17
2.17
2.17
2.17
2.17
2.17
2.23
2.23
2.45
2.48
2.83
3.16
3.07
3.35
3.43
3.48
3.52
3.54
3.59
3.68
4.21
4.79
5.37
6.02
6.68
7.39
7.69
7.69
7.48
7.74
7.76
8.59
8.59
9.19
8.91
9.77
10.93
12.17
13.43
14.69
15.92
17.12
18.37
19.6
20.86
22.1
23.7
25.72
27.8
29.61
31.18
32.13
32.13
31.1
33.45
34.49
35.4
36.23
37.05
37.87
36.1
35.55
36.46
37.39
38.4
39.5
40.65
41.79
42.95
44.23
44.75
45.69
49.14
52.55
53.5
54.46
55.24
56.02
56.76
57.47
60.78
62.98
63.81
63.96
64.72
65.23
65.9
66.57
67.21
67.72
69.18
70.09
70.79
71.69
72.88
74.32
75.78
77.26
78.74
80.18
81.58
82.83
79.26
80.89
80.46
81.17
81.78
82.22
82.52
82.72
82.78
82.69
82.34
81.64
80.63
79.34
77.88
76.25
74.48
72.58
70.58
68.4
70.75
68.35
67.1
64.69
61.99
59.24
56.44
52.36
50.13
47.84
45.54
43.33
41.2
39.14
37.13
35.16
33.25
31.4
29.58
27.97
26.53
25.27
24.18
23.27
22.53
21.95
21.53
22.46
21.63
20.93
20.35
19.85
19.41
19.04
18.75
17.65
17.41
17.27
17.1
16.99
16.84
16.64
16.39
16.09
15.75
15.36
14.99
14.61
14.23
13.84
13.45
13.06
12.66
12.24
11.8
12.23
11.87
11.46
11.17
10.81
10.47
10.16
9.88
9.57
9.33
9.08
8.89
8.69
8.51
8.33
8.15
7.97
7.8
7.65
7.51
7.42
7.32
7.21
7.09
6.96
6.82
6.67
6.27
6.08
5.91
5.81
5.65
5.48
5.3
5.12
4.94
4.6
4.41
4.08
3.77
3.56
3.23
2.91
2.69
2.41
2.13
1.87
1.87
1.72
1.51
1.29
1.24
1.19
1.12
1.06
0.99
1.07
0.99
1.04
1.07
0.95
0.95
0.95
0.87
0.87
0.87
0.87
0.87
0.87
0.87
0.87
0.71
0.57
0.46
0.34
0.25
0.17
0.11
0.06
0.03
0.02
0.02
0.02
0.02
0.02
0.02
0.02
0.02
0.02
0.02
0.01
0.01
0.01
0.01
0
0
0
0
0
0
0
0
0
0
0
0
0
0
0
0
0
0
0
0
0
0
0
0
0
0
0
0
0
0
0
0
0
0
0
0
0
0
0
0
0
0
0
0
0
0
0
0
0
0
0
0
0
0
0
0
0
0
0
0
0
0
0
0
0
0
0
0
0
0
0
0
0
0
0
0
0
0
0
0
0
0.03
0.1
0.2
0.33
0.5
0.69
0.92
1.19
1.53
1.53
1.53
1.53
1.53
1.53
1.53
1.53
1.53
1.53
1.53
1.66
1.77
1.85
1.75
1.82
1.66
1.67
1.69
1.72
1.38
1.38
1.64
1.9
2.17
2.17
2.17
2.55
2.95
3.35
3.76
3.64
3.93
4.27
4.27
4.14
4.29
4.75
5.25
5.72
6.54
6.54
6.28
7.07
7.88
7.88
7.88
8.61
8.2
8.49
9.18
9.88
9.44
9.16
9.99
10.32
10.17
9.49
10.24
11.22
12.29
12.64
14.15
13.1
13.58
13.58
13.58
14.66
15.92
17.61
18.92
20.61
22.96
25.11
26.71
28.71
31.08
32.56
33.35
33.88
34.19
36.04
36.76
39.03
39.73
41.77
43.1
43.05
43.9
43.61
43.34
43.18
43.13
43.15
43.14
42.42
42.75
42.34
42.96
43.62
44.49
45.42
46.36
47.3
48.28
49.05
50.96
52.36
53.88
55.43
56.93
58.36
59.74
61.04
62.26
64.26
65.26
67.92
68.63
69.23
69.89
70.44
70.89
71.27
71.53
72.16
72.28
72.03
71.58
71.07
70.46
69.72
68.83
67.77
66.55
65.11
63.47
61.62
59.73
57.68
55.31
52.8
50.91
48.92
46.89
44.82
42.74
40.64
38.55
36.44
34.35
32.32
30.39
28.62
27.03
25.61
24.35
23.27
22.37
21.64
21.07
20.64
19.65
18.8
18.05
17.39
16.81
16.31
15.9
15.55
15.25
14.99
14.74
14.48
14.23
13.97
13.72
13.46
13.2
12.93
12.68
12.44
12.21
11.97
11.74
11.52
11.32
11.12
10.79
10.6
10.42
10.26
10.16
10.06
9.48
9.38
9.28
9.18
9.1
9.03
8.95
8.86
8.54
8.04
7.86
7.82
7.77
7.71
7.78
7.72
7.65
7.56
7.43
7.31
7.67
7.34
6.97
6.86
6.72
6.59
6.45
6.3
6.38
6.64
6.56
6.34
6.11
5.68
5.45
5.03
4.78
4.52
4.28
3.91
3.56
3.42
3.35
3.01
2.69
2.38
2.27
2.14
2.01
1.87
1.72
1.56
1.41
1.45
1.29
1.3
1.15
1.02
0.9
0.9
0.9
0.9
0.9
0.9
0.9
0.9
0.72
0.56
0.43
0.31
0.22
0.15
0.09
0.04
0.02
0
0
0
0
0
0
0
0
0
0
0
0
0
0
0
0
0
0
0
0
0
0
0
0
0
0
0
0
0
0
0
0
0
0
0
0
0
0
0
0
0
0
0
0
0
0
0
0
0
0
0
0
0
0
0
0
0
0
0
0
0
0
0
0
0
0
0
0
0
0
0
0
0
0
0
0
0
0
0
0
0
0
0
0
0
0
0
0
0
0
0
0
0
0
0
0
0
0
0
0
0
0
0
0
0
0
0
0
0
0
0
0
0
0
0
0
0
0
0
0
0
0
0
0
0
0
0
0
0
0
0.01
0.01
0.09
0.24
0.46
0.74
1.1
1.53
2.04
2.6
3.27
3.27
3.27
3.27
3.27
3.34
3.54
3.86
4.32
4.79
5.41
6.19
7.01
7.92
8.83
9.72
10.6
11.46
12.27
13.08
13.81
15.23
15.23
16.72
18.27
18.77
20.27
21.69
23
24.38
24.62
25.83
27.02
28.08
29.16
30.33
31.45
30.7
32.01
33.37
34.73
36.22
39.32
41.09
42.92
45.81
47.49
49.49
51.45
53.48
56.85
59.24
61.66
64.17
66.69
69.12
71.61
76.01
78.34
80.71
83.12
85.43
87.54
86.17
85.91
87.58
89.54
91.14
92.65
93.95
94.8
95.42
95.82
96.02
96.1
96.13
96.06
95.86
95.61
95.23
94.72
94.1
93.46
96.02
97.21
96.25
94.91
93.45
91.96
90.38
88.72
87.01
85.15
83.14
80.94
78.49
75.8
72.97
69.91
66.66
63.24
60.79
56.57
54
51.2
48.7
46.24
43.85
41.49
39.18
36.94
34.77
32.82
31.07
29.54
28.26
27.2
26.33
25.68
25.24
24.98
23.81
24.43
23.5
22.94
22.23
21.59
21.03
20.51
20.07
19.73
19.47
19.21
18.96
18.69
18.34
18.06
17.8
17.55
17.29
17.04
16.79
16.27
16.02
15.77
15.51
15.28
15.05
14.85
14.64
14.43
14.22
14.02
13.83
13.66
13.56
13.4
13.24
13.13
13.04
12.96
12.89
12.44
12.38
15.04
14.96
14.87
14.78
14.69
14.62
14.54
14.46
13.82
13.38
13.26
13.14
13
12.85
12.64
12.4
12.11
11.81
12.12
11.76
8.64
8.26
7.85
7.42
6.95
6.6
6.23
5.85
5.99
5.93
5.53
5.11
4.69
4.26
3.84
3.43
3.06
2.7
2.39
2.11
1.85
1.63
1.44
1.28
1.16
0.93
0.73
0.56
0.41
0.29
0.19
0.11
0.05
0.02
0
0
0
0
0
0
0
0
0
0
0
0
0
0
0
0
0
0
0
0
0
0
0
0
0
0
0
0
0
0
0
0
0
0
0
0
0
0
0
0
0
0
0
0
0
0
0
0
0
0
0
0
0
0
0
0
0
0
0
0
0
0
0
0
0
0
0
0
0
0
0
0
0
0
0
0
0
0
0
0
0
0
0
0
0
0
0
0
0
0
0
0
0
0
0
0
0
0
0
0
0
0
0
0
0
0
0
0.05
0.13
0.27
0.48
0.75
1.09
1.47
1.91
2.42
2.42
2.42
2.42
2.42
2.42
2.48
2.66
2.95
3.21
3.6
4.1
4.63
4.55
4.41
4.65
5.1
4.77
5.18
5.59
5.08
6.01
6.95
7.91
8.12
8.13
9.15
8.96
9.29
10.12
10.79
11.34
11.82
12.9
14.07
14.91
15.57
15.57
16.11
15.87
16.36
17.17
18.1
19.09
19.92
21.65
22.78
25.03
26.73
28.08
29.58
31.22
32.98
34.82
36.65
38.42
40.21
43.54
45.69
48.71
51.99
54.11
56.13
58
60.73
62.74
64.39
66.04
67.58
69.07
70.49
67.8
66.99
68.15
69.26
70.31
71.24
71.54
72.13
72.57
72.84
72.98
73.05
73.38
73.96
74.68
75.34
75.95
76.7
77.43
78.09
82.76
85.44
86.07
86.7
87.34
87.98
89.06
89.72
90.33
90.94
91.61
92.32
92.77
92.92
92.77
92.45
91.7
91.07
90.08
89.21
88.15
86.91
85.48
83.52
78.77
76.79
74.63
72.24
69.72
67.04
64.14
61.04
57.86
54.64
52.36
50.1
48.15
45.87
43.79
41.5
39.27
37.1
35.02
33.37
34.41
32.66
31.13
29.78
28.6
27.6
26.8
26.2
25.77
25.53
24.51
23.62
22.5
21.85
21.32
20.91
20.58
20.35
20.18
20.07
20.03
20.01
19.99
19
19
18.98
18.94
18.85
18.7
18.49
18.24
17.96
18
17.65
17.27
16.85
16.43
16.01
15.57
15.16
14.74
14.25
13.83
14.09
13.65
13.25
12.84
12.46
12.1
11.77
11.44
11.13
10.45
10.18
9.51
9.07
8.87
8.26
8.08
7.89
7.71
7.57
7.38
7.48
6.93
6.46
6.19
6.01
5.85
5.55
5.09
4.64
4.6
4.16
4.16
4.31
4.21
4.55
4.45
4.32
4.19
4.05
3.9
3.54
3.64
3.72
3.57
3.48
3.36
3.34
3.5
3.64
3.75
3.84
3.9
3.58
3.26
2.91
2.6
2.31
2.04
1.8
1.58
1.58
1.48
1.32
1.23
0.99
0.79
0.62
0.46
0.33
0.21
0.13
0.06
0.04
0.02
0.02
0.02
0.02
0.02
0.02
0.02
0.02
0.02
0.01
0.01
0.01
0.01
0
0
0
0
0
0
0
0
0
0
0
0
0
0
0
0
0
0
0
0
0
0
0
0
0
0
0
0
0
0
0
0
0
0
0
0
0
0
0
0
0
0
0
0
0
0
0
0
0
0
0
0
0
0
0
0
0
0
0
0
0
0
0
0
0
0
0
0
0
0
0
0
0
0
0
0
0
0
0
0
0
0
0
0
0
0
0
0
0
0
0
0
0
0
0
0
0
0
0
0
0
0
0
0
0
0
0
0
0
0
0
0
0
0
0
0
0
0
0
0
0
0
0
0
0
0
0
0
0
0
0
0
0
0
0
0.01
0.01
0.01
0.01
0.01
0.02
0.03
0.04
0.11
0.25
0.47
0.77
1.17
1.66
2.24
2.89
3.61
3.61
3.61
3.61
3.61
3.61
3.61
3.61
3.72
4.03
4.02
4.54
4.46
5.16
4.94
4.64
4.25
4.53
4.65
4.95
5.22
5.55
6.73
7.95
9.25
10.64
12.11
13.66
15.09
16.32
17.88
18.93
20.59
21.54
23.44
25.5
27.72
29.33
31.19
32.98
34.86
37.52
39.4
41.3
43.2
45.09
47.01
48.93
50.96
53.06
55.2
57.37
59.47
61.47
63.36
65.08
66.59
67.89
68.97
69.84
70.57
71.17
71.67
72.14
72.52
72.79
72.93
72.94
72.82
72.58
71.47
71.09
70.63
70.13
69.62
69.11
68.6
68.14
67.67
67.13
66.53
65.92
65.27
64.53
63.76
60.2
58.82
57.9
56.9
55.81
55.4
54.09
52.65
51.07
49.32
46.72
44.64
42.4
40.07
37.7
35.24
33.94
32.54
31.06
29.5
30.61
29.46
27.78
26.14
24.57
23.09
21.65
20.38
19.26
18.31
18.22
17.63
17.21
16.93
16.77
16.74
15.6
14.6
13.74
13
12.39
11.88
11.48
11.15
10.88
10.65
10.5
10.35
10.2
10.05
9.88
9.71
9.53
9.36
9.2
9.03
8.88
8.44
7.93
7.43
7.27
7.11
6.95
6.78
6.6
6.42
6.23
6.03
5.85
5.69
5.55
5.41
5.26
5.11
4.96
4.84
4.68
4.82
5.04
5.24
5.09
4.94
4.78
4.62
4.47
4.31
4.09
3.83
3.57
3.31
3.05
2.8
2.56
2.38
2.15
1.96
1.77
1.55
1.33
1.13
0.94
0.76
0.6
0.45
0.31
0.17
0.12
0.28
0.42
0.55
0.66
0.76
0.84
0.85
0.9
0.88
0.86
0.86
0.86
0.86
0.86
0.86
0.86
0.86
0.86
0.86
0.86
0.71
0.57
0.44
0.32
0.23
0.15
0.09
0.04
0.01
0
0
0
0
0
0
0
0
0
0
0
0
0
0
0
0
0
0
0
0
0
0
0
0
0
0
0
0
0
0
0
0
0
0
0
0
0
0
0
0
0
0
0
0
0
0
0
0
0
0
0
0
0
0
0
0
0
0
0
0
0
0
0
0
0
0
0
0
0
0
0
0
0
0
0
0
0
0
0
0
0
0
0
0
0
0
0
0
0
0
0
0
0
0
0
0
0
0
0
0
0
0.01
0.01
0.01
0.01
0.01
0.01
0.01
0.01
0.02
0.02
0.04
0.06
0.08
0.16
0.29
0.47
0.69
0.97
1.29
1.64
2.05
2.51
2.51
2.51
2.5
2.5
2.5
2.61
2.84
3.2
3.65
3.63
3.61
3.53
3.4
3.92
3.7
4.29
4.95
5.68
6.41
7.16
8.45
9.64
10.76
11.97
13.19
14.33
15.44
16.52
17.62
19.29
21.07
23
25.06
26.54
28.77
27.9
28.22
27.73
28.9
30.09
31.33
30.14
30.77
31.48
30.26
31.79
33.27
34.68
35.72
35.83
34.05
32.71
33.62
33.18
31.01
34.46
36.72
39.84
41.35
42.62
43.39
47.68
50.31
52.87
57.44
59.28
61.08
62.84
64.81
67.66
72.37
76.6
77.89
80.94
85.6
86.84
87.93
88.82
89.53
90.34
91.48
91.62
91.63
91.52
91.28
90.95
90.6
90.23
89.84
89.38
88.76
87.94
87.62
86.66
85.66
84.55
83.3
81.93
80.41
78.8
77
73.67
70.01
67.65
65.12
62.41
58.14
54.78
51.69
49.55
47.37
45.19
42.96
40.72
38.48
36.31
34.22
32.25
30.45
28.69
27.16
27.16
27.5
26.56
25.82
25.29
26.34
26.47
26.34
25.26
24.24
23.28
22.39
21.58
20.87
20.24
19.66
19.14
18.64
18.23
17.82
17.42
17.02
16.62
16.22
15.83
15.43
15.06
14.72
14.42
14.16
13.91
13.71
13.5
13.29
13.07
12.84
12.61
12.37
12.13
11.89
11.64
11.45
11.25
11.03
10.78
10.53
10.27
9.99
9.71
9.42
9.14
8.86
8.59
8.03
7.49
7.29
7.1
6.92
6.74
6.29
6.09
5.85
5.63
5.42
5.21
5
4.69
4.44
4.16
3.88
3.58
3.27
2.95
3.14
3.3
3.14
2.94
2.74
2.54
2.62
2.43
2.23
2.01
1.78
1.57
1.39
1.32
1.2
1.11
1.05
1.01
1
1
0.81
0.64
0.5
0.38
0.29
0.2
0.13
0.07
0.03
0.01
0
0
0
0
0
0
0
0
0
0
0
0
0
0
0
0
0
0
0
0
0
0
0
0
0
0
0
0
0
0
0
0
0
0
0
0
0
0
0
0
0
0
0
0
0
0
0
0
0
0
0
0
0
0
0
0
0
0
0
0
0
0
0
0
0
0
0
0
0
0
0
0
0
0
0
0
0
0
0
0
0
0
0
0
0
0
0
0
0
0
0
0
0
0
0
0
0
0
0
0
0
0
0
0
0
0
0
0
0
0.01
0.01
0.02
0.03
0.05
0.07
0.09
0.11
0.11
0.11
0.12
0.13
0.13
0.14
0.14
0.16
0.19
0.23
0.26
0.3
0.33
0.36
0.38
0.4
0.38
0.42
0.45
0.49
0.54
0.6
0.59
0.58
0.65
0.71
0.78
0.83
0.87
0.84
0.88
0.91
1.01
1.2
1.5
1.91
2.44
3.01
3.64
4.3
5.05
5
5
5
4.98
5.01
5.09
5.22
5.41
5.41
5.73
5.66
6.01
6.04
6.15
6.11
5.99
5.38
5.14
4.95
4.76
5.46
6.24
7.09
7.32
7.22
7.07
6.86
7.48
8.44
9.05
10.13
10.81
11.78
12.62
13.61
14.72
16.37
17.68
19
20.36
21.33
22.79
24.33
26.58
29.23
31.92
34.67
35.64
37.65
39.77
41.92
44.1
46.41
48.87
51.32
53.71
56.03
58.29
60.53
59.39
61.91
63.89
65.78
67.57
69.3
71.08
72.85
75.56
77.17
78.65
80.02
81.26
82.3
83.08
83.73
84.29
84.78
85.2
85.17
88.68
88.75
88.74
88.59
88.32
87.89
87.28
86.52
85.64
84.66
83.56
82.37
81.1
79.74
78.31
76.78
75.14
73.37
71.47
69.85
67.74
65.52
63.18
60.7
58.1
54.37
51.67
48.9
45.22
43.35
41.43
39.47
37.42
35.45
33.06
31.11
29.18
27.34
25.55
23.74
22.11
20.66
19.39
18.34
17.49
17.88
17.32
16.92
17.53
16.4
15.43
14.6
13.97
13.19
13.08
12.73
12.49
12.32
12.22
12.24
12.26
12.28
12.29
12.27
12.25
12.2
12.21
12.18
12.13
12.05
11.95
11.8
11.62
11.59
11.39
11.1
10.79
10.47
10.12
9.78
9.45
9.13
8.81
8.5
8.2
7.9
7.56
7.23
6.68
6.15
5.78
5.3
5.06
4.64
4.35
3.98
3.67
3.39
3.12
2.83
2.52
2.23
1.95
1.67
1.65
1.56
1.51
1.43
1.58
1.69
1.65
1.71
1.54
1.57
1.46
1.46
1.41
1.35
1.31
1.3
1.3
1.3
1.3
1.3
1.06
0.87
0.68
0.5
0.36
0.24
0.15
0.08
0.04
0.02
0.02
0.01
0.01
0.01
0.01
0
0
0
0
0
0
0
0
0
0
0
0
0
0
0
0
0
0
0
0
0
0
0
0
0
0
0
0
0
0
0
0
0
0
0
0
0
0
0
0
0
0
0
0
0
0
0
0
0
0
0
0
0
0
0
0
0
0
0
0
0
0
0
0
0
0
0
0
0
0
0
0
0
0
0
0
0
0
0
0
0
0
0
0
0
0
0
0
0
0
0
0
0
0
0
0
0
0
0
0
0
0
0
0
0
0
0
0
0
0
0
0
0
0
0
0
0
0
0
0.01
0.01
0.02
0.04
0.06
0.08
0.11
0.14
0.18
0.22
0.22
0.25
0.28
0.28
0.28
0.33
0.38
0.43
0.49
0.55
0.62
0.75
0.92
1.17
1.47
1.85
2.29
2.79
3.39
4.11
4.11
4.08
4.05
4.05
4.05
4
3.95
3.99
4.25
4.56
4.94
5.26
5.52
5.7
5.37
5.45
5.03
4.99
4.84
4.61
4.61
4.61
5.16
5.81
6.52
7.32
8.21
9.09
9.53
9.97
10.45
11.05
11.54
12.49
13.98
15.11
16.8
18.2
19.78
21.38
23.57
25.87
27.76
29.7
31.7
33.71
35.76
37.86
38.53
41.01
43.48
45.95
48.6
50.81
52.95
55.04
57.04
58.89
60.54
62.21
63.85
65.44
66.9
67.88
69.13
70.31
71.36
72.27
70.85
71.56
72.24
72.8
73.33
73.86
74.41
74.94
75.41
75.9
76.45
76.97
77.46
77.86
78.21
78.87
79.09
79.23
79.33
79.39
83.37
83.27
83.01
82.66
82.2
81.61
80.84
79.94
78.94
77.8
76.49
75.06
73.51
71.88
70.18
68.3
66.26
64.09
61.8
59.39
56.85
54.22
51.52
48.76
47.09
45.35
43.61
41.85
40.09
38.34
36.61
34.84
33.06
31.28
29.52
27.94
26.55
25.32
24.25
23.33
22.56
21.95
21.48
21.16
19.83
18.65
17.57
16.6
15.71
14.92
14.21
13.62
13.13
12.73
12.43
12.17
11.91
11.67
10.95
10.24
10.03
9.82
9.62
9.42
8.78
8.58
8.4
8.23
8.1
7.97
7.87
7.77
7.68
7.59
7.5
7.36
7.23
7.06
7.34
7.58
7.3
6.99
6.66
6.29
6.33
5.92
5.8
5.65
5.45
5.23
4.99
4.72
4.43
4.12
3.79
3.44
3.07
2.75
2.47
2.23
2.04
1.88
1.76
1.68
1.64
1.63
1.32
1.05
0.82
0.61
0.44
0.29
0.17
0.08
0.03
0
0
0
0
0
0
0
0
0
0
0
0
0
0
0
0
0
0
0
0
0
0
0
0
0
0
0
0
0
0
0
0
0
0
0
0
0
0
0
0
0
0
0
0
0
0
0
0
0
0
0
0
0
0
0
0
0
0
0
0
0
0
0
0
0
0
0
0
0
0
0
0
0
0
0
0
0
0
0
0
0
0
0
0
0
0
0
0
0
0
0
0
0
0
0
0
0
0
0
0
0
0
0
0
0
0
0
0
0
0
0
0
0
0
0
0
0
0
0
0
0
0
0
0
0
0
0.01
0.01
0.01
0.01
0.01
0.02
0.03
0.04
0.06
0.15
0.3
0.52
0.79
1.14
1.53
2.09
2.78
3.54
3.54
3.54
3.58
3.58
3.57
3.9
4.33
4.89
5.19
5.95
6.81
6.83
7.5
8.19
8.94
9.66
10.35
10.88
11.34
11.82
13.1
14.44
15.78
17.18
18.64
19.61
20.74
21.82
23.23
24.3
25.38
27.33
28.39
27.48
27.43
28.46
29.58
30.74
31.85
32.88
33.91
35.06
35.88
34.47
35.8
37.58
38.75
40.44
42.04
43.57
45.06
46.58
48.24
51.78
54.45
56.08
57.61
59.21
61
62.88
64.77
66.19
67.19
71.43
72.04
73.23
74.74
75.66
76.53
77.42
78.43
79.29
80.29
81.42
82.49
83.54
84.65
85.54
86.19
86.69
87.11
87.83
89.25
89.63
90.83
91.12
91.39
91.59
91.59
91.68
91.48
91.24
90.79
90.12
89.34
88.38
87.27
86.15
84.98
83.74
82.43
80.95
79.35
77.53
75.52
73.34
71
68.55
66.17
63.46
60.65
57.77
55.8
53.8
51.76
49.71
47.67
45.6
43.12
41.09
39.07
37.13
35.26
33.58
32.09
30.79
29.68
28.74
27.97
27.36
26.92
26.62
25.43
24.33
23.33
22.4
21.54
20.76
20.49
19.86
19.32
18.84
18.42
18.02
17.62
17.21
16.8
16.39
15.99
15.6
15.2
14.82
14.48
14.18
13.89
13.62
13.37
13.12
12.88
12.63
12.39
12.14
11.94
11.73
11.53
11.33
11.13
10.94
10.74
10.53
10.33
10.13
9.92
9.7
9.48
9.25
8.69
8.15
7.93
7.73
7.44
7.25
7.02
6.51
6.28
5.8
5.59
5.39
5.2
5
4.8
4.6
4.2
3.94
3.58
3.31
3.37
3.41
3.11
2.8
2.59
2.5
2.4
2.55
2.43
2.55
2.39
2.21
2.01
1.81
1.6
1.39
1.39
1.27
1.27
1.19
1.13
1.09
1.07
1.07
1.07
0.87
0.69
0.53
0.39
0.27
0.17
0.1
0.04
0.01
0
0
0
0
0
0
0
0
0
0
0
0
0
0
0
0
0
0
0
0
0
0
0
0
0
0
0
0
0
0
0
0
0
0
0
0
0
0
0
0
0
0
0
0
0
0
0
0
0
0
0
0
0
0
0
0
0
0
0
0
0
0
0
0
0
0
0
0
0
0
0
0
0
0
0
0
0
0
0
0
0
0
0
0
0
0
0
0
0
0
0
0
0
0
0
0
0
0
0
0
0
0
0.05
0.16
0.34
0.59
0.93
1.39
1.93
2.55
3.25
3.25
3.3
3.3
3.3
3.76
4.31
4.72
4.72
4.72
4.72
5.5
6.23
6.9
7.47
7.99
8.37
8.57
8.03
7.85
7.78
8.41
8.97
9.52
10.01
10.02
9.97
10.11
10.69
11.33
12.04
12.03
12.11
12.32
12.66
13.12
13.74
14.54
16.11
16.04
15.75
15.31
16.36
17.6
19.04
20.57
22.12
23.65
25.23
24.59
26
27.59
29.13
30.55
31.7
33.01
33.3
34.54
33.44
35.96
35.62
37.66
39.15
40.84
42.49
44.1
45.76
47.46
49.07
52.9
54.75
56.5
58.29
60.07
61.91
63.42
65.81
67.17
70.69
71.62
75.32
76.73
74.42
72.99
72.89
73.14
73.39
73.39
69.61
67.87
66.73
66.87
66.95
67.11
67.53
68.13
68.74
69.28
69.95
70.88
72.01
73.11
76.89
79.3
80.12
80.35
80.36
80.37
84.03
85.41
85.9
84.79
83.43
81.77
79.73
77.36
74.79
72.06
69.1
65.84
62.37
59.61
56.86
54.12
51.4
48.77
46.15
43.59
41.07
38.67
36.35
34.17
32.01
30.26
28.66
27.26
26.14
25.21
24.46
23.88
23.46
22.37
21.4
20.58
19.9
19.33
18.89
18.23
18.02
17.88
17.04
17.03
17.2
17.18
17.22
17.25
17.2
17.1
17.01
16.91
16.82
16.75
16.68
16.59
16.48
16.36
16.23
16.4
16.17
15.92
16.4
16.09
15.76
15.22
14.88
14.52
13.9
13.29
12.91
12.53
12.12
11.7
11.26
10.83
10.4
9.87
9.37
8.98
8.61
8.25
7.9
7.58
7.27
7.16
6.87
6.58
