start_date: 1960-10-01 24:00
start_date: 2013-09-30 24:00
data_date: 1960-10-01 24:00
timestep: 1 DAY
units: cfs
scale: 1.000000
#Series Slot: ReferenceDemands.Lost River [1 cfs]
78.9
75.58
72.1
68.46
65.21
61.84
58.33
54.9
51.58
48.45
45.51
42.68
39.85
37.08
34.53
35.34
35.76
36.69
34.66
32.56
30.56
28.64
26.82
25.1
22.95
20.91
18.98
17.1
15.31
13.63
12.56
11.5
10.47
9.48
8.57
7.96
7.69
6.86
6.06
5.3
4.6
4.01
3.52
3.12
2.8
2.56
2.41
2.33
2.31
2.31
1.81
1.39
1.05
0.76
0.53
0.33
0.18
0.08
0.03
0
0
0
0
0
0
0
0
0
0
0
0
0
0
0
0
0
0
0
0
0
0
0
0
0
0
0
0
0
0
0
0
0
0
0
0
0
0
0
0
0
0
0
0
0
0
0
0
0
0
0
0
0
0
0
0
0
0
0
0
0
0
0
0
0
0
0
0
0
0
0
0
0
0
0
0
0
0
0
0
0
0
0
0
0
0
0
0
0
0
0
0
0
0
0
0
0
0
0
0
0
0
0
0
0
0.07
0.33
0.78
1.4
2.18
3.12
4.23
5.54
7.03
8.05
8.61
9.48
10.55
11.88
13.5
15.48
17.77
20.32
23.08
25.34
25.27
27.75
30.43
33.03
35.64
38.13
40.5
42.85
45.36
48.34
50.96
50.75
54.21
57.43
60.3
62.75
64.8
66.82
68.71
68.77
74.09
77.16
80.18
82.46
81.89
84.72
87.38
83.96
79.96
78.51
82.62
89.6
92.85
96.38
100.34
104.83
109.67
114.37
118.97
126.1
130.54
134.78
138.79
143.74
151.59
156.17
157.65
157.4
157.4
165.3
161.59
153.95
157.43
160.74
163.64
165.25
167.92
170.91
174.06
176.77
176.67
179.65
183.03
186.22
189.34
192.45
198.95
213.18
227.42
231.1
241.5
255.42
257.95
260.14
262.06
264.49
265.18
265.14
264.67
264.34
266.25
264.59
262.11
259.3
256.13
252.61
248.74
244.73
240.74
237.05
233.67
230.52
227.64
225.08
223
221.46
220.56
220.13
220.25
220.55
221.15
221.97
223.1
224.57
226.3
228.27
230.35
232.43
234.43
236.18
237.73
239.08
240.21
241.12
241.28
238.86
238.72
237.73
232.36
231.17
229.52
227.52
221.89
209.6
205.73
203
200.13
197.12
193.87
190.45
186.78
182.9
178.89
174.7
170.68
168.76
164.15
160.07
160.02
155.56
151.39
147.52
147.09
153.07
150.38
146.35
142.43
138.62
135
131.49
128.25
125.28
122.51
120.02
117.92
116.04
112.8
106.08
99.46
96.44
95.16
93.55
91.82
89.88
87.76
85.44
82.86
80.03
77.03
73.91
71.87
69.42
66.66
63.6
60.26
56.66
54.29
55.24
55.87
52.7
47.61
42.89
38.48
34.46
30.79
27.47
24.5
21.85
19.48
17.34
14.13
11.31
8.83
6.64
4.74
3.14
1.86
0.92
0.29
0
0
0
0
0
0
0
0
0
0
0
0
0
0
0
0
0
0
0
0
0
0
0
0
0
0
0
0
0
0
0
0
0
0
0
0
0
0
0
0
0
0
0
0
0
0
0
0
0
0
0
0
0
0
0
0
0
0
0
0
0
0
0
0
0
0
0
0
0
0
0
0
0
0
0
0
0
0
0
0
0
0
0
0
0
0
0
0
0
0
0
0
0
0
0
0
0
0
0
0
0
0
0
0
0
0
0
0
0
0
0
0
0
0
0
0
0
0
0
0
0
0
0
0
0
0
0
0
0
0
0
0
0
0
0
0
0
0
0
0
0
0
0
0
0
0
0
0
0
0
0
0
0.06
0.19
0.4
0.72
1.17
1.77
2.51
3.4
4.5
5.42
6.61
8.07
9.77
11.67
13.82
16.31
19.12
21.77
24.63
27.75
30.87
33.8
37.34
41.04
44.83
48.66
52.57
56.61
59.66
58.73
60.57
64.13
68.26
71.72
74.62
78.23
81.5
85.01
88.21
90.93
92.06
94.68
94.3
94.68
97.26
99.38
101.76
103.95
106.93
113.87
117.45
119.81
121.53
123.69
119.77
113.67
114.72
112.94
113.49
116.3
121.16
124.89
131.27
136.89
140.21
143.91
147.29
150.68
154.15
157.89
162.02
165.53
169.02
172.72
182.96
194.32
198.58
205.93
211.42
215.21
218.57
221.8
224.7
227.45
230.21
232.87
235.37
237.84
240.37
242.91
245.36
247.62
249.72
251.62
253.3
254.95
256.48
257.47
257.93
257.94
257.82
257.51
257.01
256.19
255.09
253.93
252.71
251.36
249.7
247.83
245.95
244
241.97
239.89
237.78
235.66
233.61
231.72
229.89
228.05
225.84
222.45
220.77
219.14
217.59
216.1
214.71
213.45
212.35
211.42
209.53
202.2
193.61
192.51
192.01
191.52
191.03
190.41
189.72
189.14
188.9
189.91
189.43
189.22
189.12
188.95
188.69
188.34
187.89
187.24
187.59
193.31
200.18
199.45
197.93
196.23
194.35
192.32
190.23
187.89
185.3
182.49
179.34
175.78
171.99
167.82
163.59
159.17
154.69
150.2
145.53
140.85
136.31
131.93
127.73
123.7
119.92
116.58
113.48
110.63
107.99
105.49
99.38
92.82
89.32
87.99
86.69
84.75
82.69
81.24
80.28
79.39
76.1
71.29
66.56
61.88
57.17
52.33
47.48
42.65
41.74
62.9
65.84
69.45
70.13
69.08
68.03
67.84
67.81
67.34
66.53
65.76
67.34
70.34
73.15
75.8
78.23
80.44
82.46
84.29
81.94
57.52
55.25
53.16
50.67
47.14
44.22
40.78
37.44
34.64
31.74
28.63
26.09
23.59
21.2
18.89
16.74
14.77
12.94
11.25
9.85
8.54
7.14
5.63
4.58
4.57
4
4
4
3.44
3.01
2.86
2.25
1.75
1.33
1
0.71
0.48
0.29
0.15
0.05
0
0
0
0
0
0
0
0
0
0
0
0
0
0
0
0
0
0
0
0
0
0
0
0
0
0
0
0
0
0
0
0
0
0
0
0
0
0
0
0
0
0
0
0
0
0
0
0
0
0
0
0
0
0
0
0
0
0
0
0
0.1
0.33
0.63
1.03
1.48
1.98
2.55
3.18
3.86
4.31
4.81
5.28
5.28
5.3
6.07
6.92
7.86
8.85
9.91
11.05
12.08
12.91
13.62
14.23
14.85
15.48
16.14
16.79
17.28
17.19
17.42
16.96
17.39
19.15
20.23
21.32
22.4
23.26
24.02
24.94
26.04
25.83
24.81
23.8
24.86
24.93
25.95
27.64
29.82
33.17
35.35
35.35
34.92
33.14
31.99
30.05
28.83
31.27
34.09
34.21
31.99
31.14
34.61
37.1
36.46
36.22
39.27
41.74
43.83
45.6
47.91
52.28
57.48
63.01
68.07
73.88
79.08
79.81
75.18
73.75
78.91
84.97
87.13
88.84
89.48
93.05
94.24
95.03
97.37
100.37
103.68
106.72
111.06
115.25
119.4
123.62
125.8
126.48
133.56
143.77
149.71
154.74
160.3
167.14
175.25
178.01
180.39
183.14
185.7
187.13
186.78
189.51
186.97
188.43
189.85
191.27
194.74
200.62
205.5
206.44
207.22
208.08
208.59
209.57
209.5
203.44
207.12
210.71
208.13
198.22
202.37
204.39
209.44
210.29
207.75
196.29
195.91
195.77
195
194.24
193.5
192.63
191.87
190.64
191.01
200.02
197.63
195.13
197.3
207.1
204.43
201.84
199.28
196.41
196.59
205.65
203.7
201.83
200.47
199.29
198.18
197.24
196.53
196.08
196
196.41
197.02
197.76
198.68
199.81
201.21
202.78
204.53
206.73
209.21
211.42
212.53
208.95
204.88
205.47
206.01
206.42
206.66
206.74
206.62
206.27
205.76
205.15
204.44
203.56
202.24
200.46
199.09
197.51
195.75
193.96
192.71
195.84
192.56
182
180.09
177.98
175.7
173.18
170.46
167.46
164.13
160.42
156.32
152.23
148.11
144.14
139.32
134.36
129.29
124.37
119.76
115.07
116.89
121.04
116.38
111.86
107.74
104.1
100.8
97.8
95.23
93.26
91.83
90.48
89.51
88.72
88.37
88.3
86.85
82.31
82.07
82.13
82.25
79.26
75.25
75.43
75.19
74.55
73.67
72.76
71.73
70.43
68.9
66.93
64.15
59.55
54.85
50.08
46.93
48.81
45.76
42.15
37.73
37.28
38.77
36.04
33.44
30.9
28.35
25.76
23.07
20.28
17.46
14.93
13.07
13.07
13.07
13.07
13.07
11.19
9.88
9
9
8.3
6.81
5.43
4.2
3.14
2.24
1.45
0.81
0.39
0.13
0
0
0
0
0
0
0
0
0
0
0
0
0
0
0
0
0
0
0
0
0
0
0
0
0
0
0
0
0
0
0
0
0
0
0
0
0
0
0
0
0
0
0
0
0
0
0
0
0
0
0
0
0
0
0
0
0
0
0
0
0
0
0
0
0
0
0
0
0
0
0
0
0
0
0
0
0
0
0
0
0
0
0
0
0
0
0
0
0
0
0
0
0
0
0
0
0
0
0
0
0
0
0
0
0
0
0
0
0
0
0
0
0
0
0
0
0
0
0
0
0
0
0
0
0
0
0
0
0.12
0.36
0.68
1.09
1.58
2.18
2.88
3.71
4.63
5.19
5.86
6.67
7.6
8.7
9.99
11.47
13.1
14.63
15.85
16.79
18.8
20.72
22.65
24.61
26.63
27.69
28.26
29.78
28.96
31.52
33.2
36.55
40.03
43.56
46.54
49.6
52.8
56.33
60.47
65.23
69.14
72.91
75.43
79.96
84.54
90.22
96.38
101.72
109.52
114.67
120.26
118.9
114.49
117.74
122.75
127.56
132.18
136.77
141.4
144.91
144.39
138.57
133.8
126.9
127.29
128.32
125.87
128.48
131.4
133.97
131.94
129.14
139.99
141.91
137.28
139.42
141.56
143.62
145.37
147.88
154.08
165.76
177.68
190.01
195.2
199.72
207.69
210.5
212.92
215.17
221.36
234.48
236.58
239.7
248.19
249.91
251.55
252.93
254.07
254.04
254.33
254.93
255.31
255.09
254.32
253.22
251.92
250.26
248.23
246.13
244.88
242.53
240.3
238
234.4
225.23
212.01
207.47
198.81
197.48
195.98
193.96
191.93
189.96
188.24
186.82
185.58
184.61
183.94
183.6
183.46
183.45
183.57
183.83
185.1
191.82
202.49
204.5
210.71
210.51
209.85
209.16
208.41
207.67
206.56
204.97
203.13
201.04
197.85
195.14
192.19
188.98
185.59
182.05
178.48
174.98
171.53
168.07
164.71
161.55
158.68
155.79
152.88
149.86
147.17
144.55
141.92
139.29
137.53
134.98
132.35
129.73
126.88
123.84
120.61
117.06
113.36
109.61
105.69
101.73
97.83
94.12
90.61
87.3
83.95
80.59
76.98
74.23
71.64
69.32
67.29
65.44
63.86
62.5
61.28
60.23
59.21
58.22
57.34
56.44
55.37
54.4
53.26
51.97
50.49
48.59
46.25
43.25
41.11
38.55
35.45
32.37
29.83
27.28
24.77
22.34
19.84
17.46
15.2
13.06
11.07
8.94
7.5
6.14
4.94
4.37
4.62
4.81
4.07
3.69
3.74
3.78
3.31
2.93
2.63
2.4
2.4
2.4
2.4
2.4
2.4
2.4
1.89
1.47
1.1
0.79
0.54
0.35
0.21
0.11
0.03
0
0
0
0
0
0
0
0
0
0
0
0
0
0
0
0
0
0
0
0
0
0
0
0
0
0
0
0
0
0
0
0
0
0
0
0
0
0
0
0
0
0
0
0
0
0
0
0
0
0
0
0
0
0
0
0
0
0
0
0
0
0
0
0
0
0
0
0
0
0
0
0
0
0
0
0
0
0
0
0
0
0.05
0.16
0.34
0.61
0.96
1.36
1.83
2.37
3
3
3.24
3.56
3.95
4.4
4.91
5.51
6.22
7.03
7.93
8.98
10.25
11.66
12.52
12.25
14.01
15.8
17.64
19.54
18.91
18.91
20.82
23.29
25.48
25.3
24.79
27.56
29.75
29.79
28.89
30.32
33.12
35.7
38.69
40.43
38.33
40.13
39.57
41.82
46.78
51.68
54.49
57.41
60.64
66.41
72.54
75.34
78.27
83.52
89.9
93.93
96.72
99.92
103.18
108.49
116.52
120.82
127.43
131.19
134.74
138.43
142.17
145.24
148.23
151.12
154.17
157.45
161.11
164.02
164.19
157.69
156.79
159.53
162.31
165.4
167.54
169.7
172.12
174.7
177.39
180.3
183.45
186.87
190.42
193.86
196.88
199.6
201.94
202.01
198.84
210.98
216.98
218.26
220.1
219.88
221.67
212.44
201.66
201.45
202.03
202.16
201.75
200.91
199.99
198.71
196.86
196.95
197.49
200.89
209.54
208.46
208.03
207.95
207
207.86
206.54
216.1
226.95
226.96
225.91
225.03
224.35
223.73
222.93
222.45
222.9
221.55
220.13
218.64
217.75
218.02
217.98
218.47
219.31
220.38
221.61
222.74
223.81
224.98
226.28
227.49
228.65
229.86
231.02
231.86
232.24
232.49
232.79
233.12
233.33
233.23
231.1
220.67
217.63
217.02
216.43
215.78
214.98
207.32
195.29
191
188.05
180.13
176.88
165.9
154.73
150.06
147.68
144.89
141.77
138.51
136.85
143.03
141.52
137.22
132.61
127.74
122.8
124.36
129.96
127.61
123.8
124.83
121.25
125.73
130.63
129.08
125.11
121.45
118.24
115.28
112.44
109.81
107.42
105.34
103.53
102
100.61
99.48
98.67
98.16
97.88
97.74
97.69
97.54
97.39
97.05
96.58
95.82
94.55
92.98
91.25
89.27
86.97
84.38
81.51
77.18
72.66
69.97
67.02
63.79
60.21
56.35
52.3
48.13
43.81
39.47
35.15
31.02
27.28
23.85
20.67
17.78
15.21
12.94
10.95
10.44
10.16
8.1
6.27
4.67
3.35
2.29
1.44
0.8
0.36
0.1
0
0
0
0
0
0
0
0
0
0
0
0
0
0
0
0
0
0
0
0
0
0
0
0
0
0
0
0
0
0
0
0
0
0
0
0
0
0
0
0
0
0
0
0
0
0
0
0
0
0
0
0
0
0
0
0
0
0
0
0
0
0
0
0
0
0
0
0
0
0
0
0
0
0
0
0
0
0
0
0
0
0
0
0
0
0
0
0
0
0
0
0
0
0
0
0
0
0
0
0
0
0
0
0
0
0
0
0
0
0
0
0
0
0
0
0
0
0
0
0
0
0
0
0
0
0
0
0.1
0.31
0.64
1.08
1.63
2.31
3.21
4.35
5.7
6.72
8.01
9.55
11.33
13.35
15.71
17.92
20.34
23.07
24.44
24.44
24.34
24.55
27.04
30.46
34.03
37.76
41.12
43.38
46.9
50.86
54.73
58.53
62.32
66.21
69.98
74.05
78.1
82.01
87.53
94.76
102.25
109.54
114.66
118.93
121.13
120.67
124.48
129.48
132.41
133.4
137.48
141.79
146.08
150.07
153.98
157.92
161.89
165.98
169.83
173.42
176.87
180.3
183.46
186.39
191.03
198.12
201.32
204.4
208.17
210.17
201.11
200.03
196.24
186.34
185.51
186.25
186.56
183.07
173.32
170.61
164.72
165.61
166.75
168.03
169.62
171.21
172.3
173.41
174.55
179.56
192.43
196.91
203.92
216
213.84
215.4
217.18
222.09
232.87
236.38
242.83
242.24
240.5
235.58
234.49
233.31
232.31
230.93
229.31
224.73
211.67
209.04
205.7
201.19
204.5
202.67
200.82
199.35
198.22
197.17
196.18
195.41
195.78
199.34
199.03
198.93
199.06
199.42
199.97
203.28
215.07
216.47
218.56
222.87
224.31
225.38
226.42
227.51
228.67
229.93
231.2
232.06
232.47
232.65
232.59
232.25
231.69
230.87
229.11
223.8
222.6
221.34
219.86
218.13
216.34
214.4
212.25
200.48
188.67
185.85
182.87
179.62
176.67
173.48
170.03
166.28
162.25
158.15
154.63
154.32
149.54
144.61
139.72
134.93
130.17
125.62
121.28
126.41
131.42
127.3
121.81
114.64
110.99
107.77
104.95
102.62
100.71
99.18
98.11
97.35
96.86
96.52
96.31
96.19
96.08
95.86
95.47
95.01
94.37
93.59
94.19
96.69
95.32
93.44
90.92
87.21
83.54
80.96
77.89
74.45
70.7
66.73
62.47
58.04
53.43
48.72
44.01
39.34
34.97
30.86
26.95
23.34
20.04
17.16
14.87
13.65
12.33
9.78
7.57
5.68
4.11
2.81
1.8
1
0.46
0.14
0
0
0
0
0
0
0
0
0
0
0
0
0
0
0
0
0
0
0
0
0
0
0
0
0
0
0
0
0
0
0
0
0
0
0
0
0
0
0
0
0
0
0
0
0
0
0
0
0
0
0
0
0
0
0
0
0
0
0
0
0
0
0
0
0
0
0
0
0
0
0
0
0
0
0
0
0
0
0
0
0
0
0
0
0
0
0
0
0
0
0
0
0
0
0
0
0
0
0
0
0
0
0
0
0
0
0
0
0
0
0
0
0
0
0
0
0
0
0
0
0
0
0
0
0
0
0
0
0
0
0
0
0
0
0
0
0
0
0
0.05
0.14
0.29
0.51
0.81
1.21
1.7
2.31
3
3
3.07
3.18
3.32
3.32
3.32
3.32
3.32
3.32
3.32
4.19
4.97
5.76
6.41
6.96
6.65
7.1
6.97
6.36
6.29
7.69
9.54
11.59
13.93
16.83
20.25
24.21
28.63
33.45
33.45
32.59
31.75
30.87
34.85
40.32
46.94
53.08
60.08
67.78
75.18
81.56
87.25
92.8
97.96
102.52
106.56
110.04
113.15
115.57
122.74
130.7
137.32
137.9
133.12
134.56
136.25
134.99
127.63
128.42
129.12
130.56
132.51
134.67
137.28
140.34
143.53
146.76
150.22
154.21
158.56
161.12
161.46
167.72
169.71
174.71
179.34
186.82
200.12
205.01
209.68
213.63
216.99
219.83
222.03
223.91
225.53
227.21
228.45
229.27
229.59
230.69
235.12
239.39
248.3
246.34
244.05
241.44
238.72
235.9
233.02
230.54
228.47
226.78
225.5
224.41
223.54
222.64
221.97
221.51
221.32
221.39
221.72
222.4
223.35
224.56
225.74
226.92
228.07
229.17
230.32
231.23
231.93
232.4
232.63
232.68
232.6
232.19
231.63
230.99
230.29
229.51
228.65
227.58
226.29
224.77
223.12
221.28
219.21
216.98
214.47
211.95
209.19
206.24
203.08
199.76
196.22
192.63
188.64
184.27
179.63
174.82
169.92
165.08
160.29
155.73
151.44
147.53
144.01
140.77
137.88
135.15
132.69
130.55
128.73
127.16
125.87
124.88
124.29
124
123.9
123.8
123.69
123.58
123.52
123.16
119.79
113.76
109.55
106.95
102.33
99.89
97.26
94.28
90.97
87.38
83.59
79.68
75.68
72.31
68.87
65.48
61.96
58.22
54.2
49.8
47.27
48.04
46.73
43.47
42.11
39.33
36.62
34.04
31.61
29.33
27.08
24.86
22.71
19.95
17.26
14.65
12.32
10.3
8.61
7.53
7.53
6.76
6.14
5.82
5.54
4.41
3.43
2.59
1.89
1.3
0.84
0.5
0.25
0.07
0
0
0
0
0
0
0
0
0
0
0
0
0
0
0
0
0
0
0
0
0
0
0
0
0
0
0
0
0
0
0
0
0
0
0
0
0
0
0
0
0
0
0
0
0
0
0
0
0
0
0
0
0
0
0
0
0
0
0
0
0
0
0
0
0
0
0
0
0
0
0
0
0
0
0
0
0
0
0
0
0
0
0
0
0
0
0.13
0.43
0.9
1.5
2.22
3.03
3.94
4.91
5.96
6.53
7.16
7.87
8.66
9.53
10.49
11.35
11.95
12.9
13.94
15.33
16.56
17.62
18.41
18.43
19
18.86
19.54
19.18
18.13
19.73
21.26
22.91
24.64
26.5
28.36
28.37
27.77
30.18
32.77
35.14
37.71
40.44
43.46
47.3
50.78
54.93
58.26
62.72
67.89
70.86
73.83
76.66
79.38
81.82
84.13
88.52
93.8
95.77
97.6
99.41
101.3
103.34
105.49
107.56
109.36
111.34
113.45
115.55
117.67
120.06
122.69
125.49
128.52
131.89
135.53
139.18
142.86
146.54
150.27
154.07
157.62
160.78
161.97
159.61
158.64
156.99
159.01
160.88
162.64
164.39
165.96
162.95
154.69
156.19
156.96
155.07
153.17
153.3
155.19
156.96
158.67
160.48
163.99
170.97
175.74
179.44
175.99
176.38
169.59
171.64
174.18
181.09
193.22
195.6
198.65
204.29
209.92
213.47
215.29
217.22
219.52
221.08
222.49
224.42
226.97
230.94
238.12
241.43
251.88
253.18
253.77
254.35
254.53
254.26
253.64
252.81
251.79
250.65
245.66
240.72
238.15
236.3
234.73
232.8
231.18
229.79
228.58
227.49
226.52
225.67
225.01
224.45
224.15
224.1
224.31
224.77
225.57
226.53
231.31
235.96
238.02
240.17
242.13
243.93
243.25
232.97
234.28
235.48
236.59
237.54
238.28
236.4
228.86
227.17
225.52
223.93
217.69
205.16
200.63
195.86
184.43
179.47
166.54
153.58
146.6
153.42
149.33
145.16
140.81
133.89
123.29
121.6
125.46
123.34
121.02
118.46
120.26
128.05
127.42
126.74
132.48
131.46
138.35
145.2
148.34
146.97
144.42
141.55
138.58
138.05
141.18
137.68
133.98
130.1
126.08
121.95
118.22
114.54
110.96
107.41
103.93
100.57
97.11
93.44
89.62
85.9
82.43
79.33
76.43
73.63
70.92
68.31
65.79
63.39
61.14
58.36
54.06
49.95
47.63
44.91
42.62
40.55
38.65
36.99
34.03
31.15
29.8
28.47
27.18
25.94
24.74
23.61
22.53
21.43
19.91
18.68
19.22
20.11
19.3
18.92
18.09
17.01
15.86
14.62
14.79
14.9
13.54
12.16
10.83
9.58
8.4
7.3
6.28
5.36
4.94
4.94
4.41
3.51
2.71
2.03
1.45
0.99
0.61
0.34
0.16
0.06
0
0
0
0
0
0
0
0
0
0
0
0
0
0
0
0
0
0
0
0
0
0
0
0
0
0
0
0
0
0
0
0
0
0
0
0
0
0
0
0
0
0
0
0
0
0
0
0
0
0
0
0
0
0
0
0
0
0
0
0
0
0
0
0
0
0
0
0
0
0
0
0
0
0
0
0
0
0
0
0
0
0
0
0
0
0
0
0
0
0
0
0
0
0
0
0
0
0
0
0
0
0
0
0
0
0
0
0
0
0
0
0
0
0
0
0
0
0
0
0.09
0.28
0.57
0.97
1.51
2.16
2.91
3.76
4.71
5
5.46
6.04
6.76
7.68
8.8
9.75
10.11
11.92
13.63
13.96
16.07
18.56
21.13
23.75
25.23
24.59
25.34
27.58
30.04
33.48
36.86
40.64
44.64
48.75
53.07
57.88
63.67
68.44
73.71
80.74
86.24
91.6
95.4
92.38
92.19
92.17
93.96
100.69
107.37
113.89
119.78
125.87
132.11
138.22
143.98
149.51
154.79
159.78
162.54
157.11
161.41
165.45
170.97
183.12
193.67
206.22
215.57
218.23
212.41
208.81
206.16
195.7
189.7
179.59
179.94
181.54
182.97
184.04
186.82
197.3
195.8
183.71
171.53
171.46
171.38
169.02
161.4
157.92
162.39
167.26
171.68
182.93
188.97
198.87
198.13
195.86
193.45
191.26
188.99
186.72
186.26
196.44
206.77
205.1
203.17
203.27
208.46
209.67
211.11
209.94
208.98
208.43
208.28
208.36
208.69
209.36
209.6
207.44
208.75
210.5
212.37
214.11
215.7
217.22
218.83
220.6
222.49
224.34
226.16
227.85
229.33
230.52
231.47
232.14
232.53
232.65
233.27
236.23
235.82
235.07
234.1
232.74
230.95
228.7
226.07
223.1
219.9
216.68
213.36
209.83
206.08
202.28
198.39
194.39
190.33
186.15
181.82
177.36
172.8
168.09
163.54
159.38
155.64
152.42
149.36
146.34
143.23
139.99
136.8
133.67
130.78
128.06
124.1
116.42
113.27
106.03
104.19
102.63
101.08
99.53
97.96
96.28
94.41
92.28
90.16
87.33
81.53
79.08
76.97
74.78
72.24
70.02
67.45
67.45
63.13
63.13
59.5
55.5
51.45
48.02
44.41
40.64
36.92
33.24
29.57
26.75
27.06
24.12
20.83
17.65
14.82
11.67
10.29
10.29
10.29
10.29
8.79
7.57
6.57
5.13
3.92
2.97
2.17
1.52
1.02
0.61
0.3
0.1
0
0
0
0
0
0
0
0
0
0
0
0
0
0
0
0
0
0
0
0
0
0
0
0
0
0
0
0
0
0
0
0
0
0
0
0
0
0
0
0
0
0
0
0
0
0
0
0
0
0
0
0
0
0
0
0
0
0
0
0
0
0
0
0
0
0
0
0
0
0
0
0
0
0
0
0
0
0
0
0
0
0
0
0
0
0
0
0
0
0
0
0
0
0
0
0
0
0
0
0
0
0
0
0
0
0
0
0
0
0
0
0
0
0
0
0
0
0
0
0.07
0.19
0.38
0.71
1.18
1.82
2.61
3.57
4.69
5.45
6.32
7.35
7.39
7.64
8.11
8.85
9.87
11.18
12.67
14.39
16.25
18.19
20.2
22.16
24.03
25.75
27.23
28.76
30.24
31.92
33.41
35.35
37.98
40.02
42.54
44.66
46.63
48.51
48.24
46.52
47.69
49.04
50.53
52.18
54.11
55.03
53.68
56.05
58.64
61.51
64.68
67.35
70.4
73.7
76.42
79.76
83.33
84.47
83.24
87.02
89.99
92.78
97.18
102.05
106.78
112.74
121.26
126.16
130.98
135.59
140.09
144.76
149.64
155.07
160.79
166.2
171.35
178.83
190.68
198.84
204.74
210.44
214.02
216.57
218.29
220.28
222
223.19
223.76
221.49
222.41
223.73
225.07
225.56
224.19
221.02
220.97
221.11
221.59
221.86
222.03
222.3
222.97
224.08
226.17
228.02
230.19
232.63
235.06
240.5
242.68
244.07
244.96
246.07
248.4
251.3
247.72
246.59
246.05
245.7
245.51
245.49
245.37
245.3
244.74
243.82
242.6
241.31
240.47
239.64
238.77
238.03
237.52
237.25
237.26
238.37
242.76
244.4
244.98
245.48
245.89
245.95
245.88
245.4
245.15
245.02
244.95
244.83
244.61
244.26
243.72
243
242.04
240.83
239.36
237.64
235.66
233.44
231.06
228.44
225.58
222.63
219.5
216.34
212.67
208.47
203.82
198.88
193.73
188.33
183.17
178.21
173.47
168.96
164.7
160.66
156.82
152.82
148.63
144.28
139.8
135.15
130.35
125.4
120.48
115.69
112.67
109.64
106.38
103.07
99.32
95.02
90.22
84.94
79.14
72.89
66.24
60.01
54.2
48.81
43.81
39.19
34.97
31.16
27.75
24.72
20.33
16.32
12.77
9.59
6.77
4.47
2.65
1.3
0.42
0
0
0
0
0
0
0
0
0
0
0
0
0
0
0
0
0
0
0
0
0
0
0
0
0
0
0
0
0
0
0
0
0
0
0
0
0
0
0
0
0
0
0
0
0
0
0
0
0
0
0
0
0
0
0
0
0
0
0
0
0
0
0
0
0
0
0
0
0
0
0
0
0
0
0
0
0
0
0
0
0
0
0
0
0
0
0
0
0
0
0
0
0
0
0
0
0
0
0
0
0
0
0
0
0
0
0
0
0
0
0
0
0
0
0
0
0
0
0
0
0
0
0
0
0
0
0
0
0
0
0
0
0
0
0
0
0
0
0
0
0
0
0
0
0
0
0
0
0
0
0
0
0
0
0
0
0
0
0
0
0
0
0
0
0
0
0
0.06
0.17
0.45
1
1.78
2.8
4.06
5.5
7.13
8.12
9.32
9.32
9.32
9.32
9.88
11.52
13.06
14.96
17.02
17.74
17.67
20.32
23.09
25.47
27.87
29.15
29.16
31.55
34.05
37.43
40.91
45.94
51.3
56.89
61.63
60
58.45
56.55
61.82
68.65
72.51
69.75
74.51
79.46
83.58
85.54
90.73
95.07
99.03
102.36
106.39
110.26
113.99
117.37
121.05
129.97
138.81
144.11
136.78
129.23
125.37
125.37
123.31
123.27
115.97
111.99
116.75
119.95
123.22
126.78
129.37
131.69
133.75
135.71
136.83
139.58
142.64
149.31
161.33
173.36
185.27
195.18
194.76
196.59
207.8
218.91
219.2
219.46
218.57
211.12
201.01
201.17
202
203.12
204.89
204.76
204.12
203.18
201.97
200.63
199.37
200.19
205.62
206.52
205.77
204.8
203.61
202.32
202.17
208.67
217.8
216.78
215.16
213.49
212.01
211.12
210.52
210.79
211.44
212.3
213.3
214.28
215.37
216.73
218.3
220.18
222.23
224.33
226.44
228.56
230.61
232.58
234.46
236.16
237.77
238.22
236.08
236.38
236.18
235.59
234.65
233.37
231.71
229.67
227.26
224.11
220.43
216.15
211.4
206.25
201.16
195.74
189.08
183.91
178.63
173.61
170.26
164.95
160.06
155.5
151.19
147.17
143.46
140.06
136.91
134.21
131.99
130.36
129.25
128.5
127.68
126.95
127.21
125.81
124.38
123.25
122.69
120.69
118.37
115.77
113.56
110.8
106.39
101.11
94.64
88.19
83.91
80.04
75.97
71.71
67.3
63.12
59.21
55.58
52.15
49.04
46.25
43.75
41.38
39.09
36
32.65
31.52
31.12
31.8
31.91
29.9
28.29
26.69
25.16
23.69
22.17
20.62
19.03
17.4
15.7
13.94
12.14
10.46
8.95
7.84
7.54
6.63
5.81
5.13
5.02
4.83
3.79
2.9
2.16
1.57
1.1
0.72
0.42
0.19
0.06
0
0
0
0
0
0
0
0
0
0
0
0
0
0
0
0
0
0
0
0
0
0
0
0
0
0
0
0
0
0
0
0
0
0
0
0
0
0
0
0
0
0
0
0
0
0
0
0
0
0
0
0
0
0
0
0
0
0
0
0
0
0
0
0
0
0
0
0
0
0
0
0
0
0
0
0
0
0
0
0
0
0
0
0
0
0
0
0
0
0
0
0
0
0
0
0
0
0
0
0
0.2
0.63
1.2
1.94
2.83
3.85
5.01
6.33
7.79
8.66
9.67
10.53
10.56
10.56
10.56
10.56
12.86
15.4
18.21
21.22
23.6
25.78
27.91
27.17
26.28
27.18
27.99
29.15
31.02
33.75
36.45
39.32
43.1
45.23
45.23
48.24
48.77
50.04
50.5
51.15
52.45
53.89
55.22
58.04
58.04
56.11
56.11
58.16
59.35
60.37
61.46
62.85
64.43
67.73
73.31
76.12
79.05
81.24
84.25
87.13
90.06
93.22
96.6
101.44
109.27
117.32
123.6
127.61
131.96
136.34
138.83
142.29
146.11
150.09
154.07
157.65
161.19
164.55
167.61
169.09
168.42
170.85
170.7
163.05
163.51
166.11
168.79
171.43
173.88
176.41
180.89
184.42
187.6
190.85
194.1
197.84
201.86
205.92
210.11
215.76
218.53
208.9
210.08
221.39
221.32
223.84
226.11
227.94
229.61
230.86
231.66
231.92
231.83
231.4
230.71
229.64
228.35
226.91
225.19
223.23
225.94
237.57
240.78
241.13
244.45
242.78
240.94
239.46
237.99
237.02
236.43
236.15
236.08
236.18
236.45
236.77
237.14
237.63
238.33
239.16
240.08
240.89
241.62
242.32
243.2
244.24
245.4
246.31
247.08
247.53
247.75
247.8
247.66
247.37
247.05
246.77
246.44
245.91
245.11
244.2
243.02
241.65
239.99
238.01
235.61
232.8
229.66
226.23
222.53
218.44
213.2
205.14
200.32
195.65
190.82
185.87
180.87
175.97
171.25
166.66
162.38
158.45
154.91
151.72
148.87
146.38
144.19
142.29
140.68
139.33
137.69
136.54
135.87
134.92
133.9
132.8
131.64
130.4
129.06
127.55
125.7
123.5
121.04
118.32
115.18
111.32
107.84
104.38
100.88
98.11
96.65
96.93
91.83
88.33
84.98
81.56
78.02
74.39
70.69
66.99
63.57
60.45
57.53
54.89
51.57
48.22
44.49
40.86
37.86
33.83
29.98
27.57
27.45
25.91
24.31
22.82
21.48
20.28
19.18
18.11
16.94
15.65
14.26
13.27
13.26
13.88
14.4
14.79
14.57
14.78
14.93
14.21
12.88
11.51
10.24
9.1
8.06
7.1
6.22
5.47
4.84
4.31
3.89
3.06
2.33
1.71
1.19
0.8
0.5
0.29
0.14
0.04
0
0
0
0
0
0
0
0
0
0
0
0
0
0
0
0
0
0
0
0
0
0
0
0
0
0
0
0
0
0
0
0
0
0
0
0
0
0
0
0
0
0
0
0
0
0
0
0
0
0
0
0
0
0
0
0
0
0
0
0
0
0
0
0
0
0
0
0
0
0
0
0
0
0
0
0
0
0
0
0
0
0
0
0
0
0
0
0
0
0
0
0
0
0
0
0
0
0
0
0
0
0
0
0
0
0
0
0
0
0
0
0
0
0
0
0
0
0
0
0
0
0
0
0
0
0
0
0.18
0.59
1.2
2
2.99
4.16
5.48
6.93
8.53
8.53
8.66
9.15
9.99
11.19
12.75
14.7
17.04
19.78
22.83
26.18
29.48
32.74
35.99
39.3
42.61
46.01
49.56
53.32
57.24
62.92
68.66
74.22
78.94
81.68
86.99
92.18
97.28
102.28
107.41
112.68
118.09
123.61
129.17
133.74
137.71
140.55
145.77
151.2
156.7
162.39
168.21
173.96
174.9
170.96
174.71
179.47
184.07
188.45
192.41
195.73
198.93
202.22
205.35
209.26
213.59
218.79
221.17
222.94
224.18
225.05
225.76
226.72
233.25
246.57
249.31
250.75
252.04
253.32
254.68
256.1
257.24
257.79
257.99
257.98
257.88
257.82
258.07
258.45
259.02
259.49
259.58
259.05
257.89
256.16
254.41
252.56
250.68
248.57
246.23
244.14
242.3
240.79
239.62
238.65
237.77
236.96
234.96
228.51
227.88
226.8
224.45
223.61
224.44
225.74
227.18
228.81
230.53
232.35
234.27
236.01
237.56
239.02
240.41
241.77
243.13
244.34
246.4
252.56
252.56
252.76
254.12
253.91
252.02
249.59
246.83
243.59
239.96
236
231.73
227.22
222.51
217.6
212.5
207.12
201.4
195.23
188.13
182.15
176.35
170.36
164.24
157.98
151.61
145.2
138.54
131.87
125.22
118.59
113.84
109.03
104.07
98.86
93.39
87.82
82.22
76.77
71.96
65.91
59.53
53.66
48.29
43.38
38.92
34.87
31.25
28.03
25.16
22.64
18.57
14.88
11.59
8.75
6.36
4.33
2.65
1.35
0.46
0
0
0
0
0
0
0
0
0
0
0
0
0
0
0
0
0
0
0
0
0
0
0
0
0
0
0
0
0
0
0
0
0
0
0
0
0
0
0
0
0
0
0
0
0
0
0
0
0
0
0
0
0
0
0
0
0
0
0
0
0
0
0
0
0
0
0
0
0
0
0
0
0
0
0
0
0
0
0
0
0
0
0
0
0
0
0
0
0
0
0
0
0
0
0
0
0
0
0
0
0
0
0
0
0
0
0
0
0
0
0
0
0
0
0
0
0
0
0
0
0
0
0
0
0
0
0
0
0
0
0
0
0
0
0
0
0
0
0
0
0
0
0
0
0
0
0
0
0
0
0
0
0
0
0
0
0
0
0
0
0
0
0
0
0
0
0.14
0.4
0.81
1.37
2.09
3.03
4.27
5.77
7.68
7.68
7.68
7.68
7.68
9.21
11.33
13.76
16.25
18.11
20.38
22.66
25.05
27.56
29.99
32.45
34.9
37.22
39.16
40.8
41.89
44.84
47.88
51.15
54.53
56.13
55.59
55.7
56.08
57.81
60.22
63.01
65.85
68.82
71.96
75.04
78.08
81.05
84.31
87.78
91.5
95.33
99.07
102.59
106.04
109.82
115.25
118.87
122.3
124.84
122.19
123.15
125.85
128.33
130.75
133.29
136.02
139.01
142.06
145.16
148.21
151.45
154.88
158.54
162.42
166.48
170.73
176.14
181.53
187.25
197.15
203.25
207.62
212.16
216.79
221.21
225.41
229.37
233.15
236.82
240.77
244.64
248.46
252.22
255.76
259.04
261.92
264.36
266.64
268.63
270.46
271.84
272.53
272.43
271.71
270.85
269.69
268.37
266.81
264.99
262.68
259.81
254.78
247.01
232.76
228.01
224.58
221.29
217.93
214.73
211.58
208.73
202.93
193.08
192.1
191.47
191.25
191.27
191.51
191.97
192.69
193.43
196.47
202.33
214.56
217.2
218.59
219.94
221.32
221.15
214.93
214.21
218.39
226.81
226.4
225.44
224.16
222.77
221.26
219.42
217.22
215.18
212.66
209.7
206.59
203.37
200.01
196.46
192.89
190.65
194.05
190.67
186.85
183.17
179.6
176.21
172.67
168.76
164.58
160.5
156.59
152.84
149.4
146.31
143.57
141.09
138.9
137
135.21
133.64
132.49
132.6
131.6
130.74
129.99
129.32
128.9
128.89
129.25
129.77
130.29
130.73
130.74
130.32
129.5
128.34
126.79
125
123.01
120.84
118.55
116.14
113.54
110.85
108.16
105.45
102.6
99.49
95.94
92.01
87.88
83.63
79.43
75.23
71.01
66.77
62.58
60.33
58.01
55.58
52.98
50.24
47.35
44.29
41.02
37.56
34.05
30.6
27.54
24.84
22.42
20.27
18.37
16.74
15.42
14.37
13.55
10.98
8.66
6.6
4.83
3.34
2.12
1.2
0.55
0.17
0
0
0
0
0
0
0
0
0
0
0
0
0
0
0
0
0
0
0
0
0
0
0
0
0
0
0
0
0
0
0
0
0
0
0
0
0
0
0
0
0
0
0
0
0
0
0
0
0
0
0
0
0
0
0
0
0
0
0
0
0
0
0
0
0
0
0
0
0
0
0
0
0
0
0
0
0
0
0
0
0
0
0
0
0
0
0
0
0
0
0
0
0
0
0
0
0
0
0
0
0
0
0
0
0
0
0
0
0
0
0
0
0
0
0
0
0
0
0
0
0
0
0
0
0
0
0
0
0
0
0
0
0
0
0
0
0
0
0
0
0
0
0
0
0
0
0
0
0
0
0
0
0
0
0
0
0
0
0
0.19
0.58
1.19
2.05
3.17
4.5
6.12
8.12
10.49
11.58
13
14.77
16.92
18.89
21.41
24.54
28.04
31.92
35.98
40.5
45.08
49.72
54.41
59.17
63.99
69.03
74.09
78.99
83.61
89.78
95.96
102.05
107.99
114.32
120.41
125.8
131.17
136.87
142.65
148.27
154.11
160.08
166
171.67
177.09
182.13
186.97
191.78
196.69
201.23
205.46
209.47
212
210.87
213.22
216.7
219.77
210.65
200.8
202.64
203.82
204.51
205
205.59
206.22
207.03
207.94
208.72
209.39
210.28
211.21
212.12
214.4
220.18
222.05
222.81
222.62
231.52
236.73
224.76
224.22
224.59
224.81
224.75
224.42
223.37
221.73
219.81
217.87
216.01
214.18
212.34
210.38
208.09
206.16
204.35
203.59
205.23
211.04
222.05
221.81
220.43
219.41
218.37
217.35
216.84
216.74
216.77
216.46
215.56
214.26
212.21
203.84
193.19
191.67
190.04
188.29
186.17
184.16
182
179.72
177.64
173.86
169.26
167.02
164.55
161.34
158.03
155.22
152.84
150.57
148.86
153.29
159.99
157.05
153.94
150.69
147.35
144
138.45
129.73
126.5
124.46
123.63
120.62
117.82
115.8
114.1
112.34
110.64
109.12
107.71
106.47
105.52
104.69
104
103.44
103.19
102.66
104.27
109.02
105.01
99.92
98.96
97.87
96.07
93.54
88.26
85.86
83.27
80.44
77.43
74.14
69.72
64.1
60.5
56.49
51.2
46.08
43.3
38.55
37.18
37.18
32.77
28.49
25.18
22.25
22.9
20.32
17.65
15.18
12.86
10.76
9.75
9.99
8.23
6.88
6.88
6.88
4.74
4.74
4.74
4.74
4.74
4.74
4.46
4.46
3.5
2.73
2.13
1.6
1.15
0.77
0.46
0.22
0.07
0
0
0
0
0
0
0
0
0
0
0
0
0
0
0
0
0
0
0
0
0
0
0
0
0
0
0
0
0
0
0
0
0
0
0
0
0
0
0
0
0
0
0
0
0
0
0
0
0
0
0
0
0
0
0
0
0
0
0
0
0
0
0
0
0
0
0
0
0
0
0
0
0
0
0
0
0
0
0
0
0
0
0
0
0
0
0
0
0
0
0
0
0
0
0
0
0
0
0
0
0
0
0
0
0
0
0
0
0
0
0
0
0
0
0
0
0
0
0
0
0.07
0.2
0.4
0.68
1.09
1.64
2.31
3.13
4.13
4.69
5.38
6.19
7.17
7.97
8.94
10.08
11.35
12.88
14.62
16.56
18.52
20.57
22.75
25.1
27.6
30.22
32.96
35.78
38.6
42.05
45.69
49.55
53.59
58.15
62.88
67.76
72.99
78.32
83.78
89.41
94.87
99.03
103.93
106.84
112.5
118.02
123.49
128.83
134.22
139.84
145.57
151.25
156.63
161.73
166.37
170.76
174.61
178.01
181.01
183.71
186.49
190.56
193.83
196.21
190.82
192.69
191.77
186.64
187.94
188.75
189.05
188.93
188.4
186.45
186.71
187.8
189.09
190.67
192.55
194.5
196.49
198.45
200.46
205.42
215.09
215.25
220.35
230.05
233.23
236.47
239.8
243.36
247.29
252.39
255.22
257.04
258.74
260.11
261.13
261.91
262.62
263.13
263.2
262.65
261.46
259.84
256.78
255.29
253.57
250.35
240.85
237.33
234.48
232.31
230.42
228.69
226.06
224.14
222.92
221.94
220.93
220.02
219.25
218.06
218.03
209.97
199.97
197.38
196.51
193.73
197.38
194.21
194.78
194.75
194.5
194.01
194.03
191.61
180.95
168.94
156.98
153.85
150.98
146.73
141.02
150.15
159.55
153.93
151.58
153.59
155.43
158.11
156.28
154.36
152.4
150.36
148.35
148.03
154.99
162.88
170.55
169.16
167.34
167.41
168.18
164.44
161.2
163.25
160.18
156.01
151.66
145.82
137.66
133.1
128.63
124.38
120.41
116.53
113.05
109.8
106.66
103.76
101.22
98.9
96.85
95.05
93.53
92.26
90.95
89.99
89.23
89.81
92.78
92.31
91.93
91.57
91.23
90.95
90.66
90.44
90.32
90.12
89.67
89.11
88.36
87.42
86.26
84.99
83.75
81.84
77.78
74.57
72.16
70.28
68.2
65.78
62.76
58.35
55.46
52.46
49.3
46.12
43
39.85
36.83
33.95
31.28
28.68
26.21
24.03
23.53
22.24
20.15
17.8
15.57
13.64
12.75
13.18
12.04
10.95
9.97
9.04
8.17
7.39
6.62
5.85
5.03
4.3
3.65
3.15
3.15
3.15
3.15
2.9
2.72
2.63
2.13
1.7
1.33
1
0.72
0.5
0.32
0.16
0.06
0
0
0
0
0
0
0
0
0
0
0
0
0
0
0
0
0
0
0
0
0
0
0
0
0
0
0
0
0
0
0
0
0
0
0
0
0
0
0
0
0
0
0
0
0
0
0
0
0
0
0
0
0
0
0
0
0
0
0
0
0
0
0
0
0
0
0
0
0
0
0
0
0
0
0
0
0
0
0
0
0
0
0
0
0
0
0
0
0
0
0
0
0
0
0
0
0
0
0
0
0
0
0
0
0
0
0.1
0.31
0.68
1.37
2.3
3.45
4.82
6.42
8.24
10.01
11.86
13.97
16.38
19.01
21.88
25.04
28.46
32.14
36.08
40.37
44.88
49.51
54.15
58.4
62.49
66.45
70.36
74.14
72.33
73.63
71.78
74.79
76.19
79.34
81.44
82.04
78.61
74.93
72.2
74.88
77.53
79.71
80.47
81.45
84.05
86.72
89.34
92.05
99.24
97.74
100.35
103.21
103.06
97.28
101.4
107.75
118.33
129.18
139.08
143.39
147.53
152.26
158.47
164.71
166.58
158.8
150.9
154.76
154.19
156.07
166.16
169.67
178.25
191.49
195.69
198.5
199.53
199.05
200.88
202.53
204.04
205.04
205.74
206.04
208.88
221.05
233.43
234.01
239.43
246.36
245.82
246.48
246.02
244.73
243.2
241.89
241.71
242.57
240.67
238.67
236.7
234.88
233.19
231.83
230.8
230.12
229.15
227.86
227.01
227.83
226.93
226.17
225.87
225.16
224.91
225.04
225.38
225.94
226.75
227.66
228.57
229.44
230.28
230.98
231.35
231.23
231.17
231.58
232.03
232.44
232.56
232.31
231.74
231.18
230.08
228.41
226.4
224.18
221.62
218.8
215.71
212.37
207.53
199.34
192.71
188.47
184.1
179.1
173.89
168.4
163.07
157.91
153.02
148.38
144.18
140.48
137.13
133.91
130.94
128.2
125.7
123.43
122.6
125.11
126.13
119.91
112.93
109.57
106.15
100.03
98.75
98.48
98.04
92.9
86.69
85.44
83.89
77.63
71.32
65.03
63.81
62.65
61.51
60.3
59.09
62.95
67.41
67.82
69.19
73.61
73.23
71.83
70.44
73.61
77.54
76.26
75.05
78.55
82.05
85.42
83.61
81.68
79.08
74.16
69.61
64.84
62.05
60.65
57.7
54.72
51.3
48.73
45.3
41.23
38.61
35.58
31.93
29.18
26.38
23.61
21.26
18.95
17.24
17.84
18.07
18.5
17.2
15.11
13.82
12.45
11.48
9.74
8.98
8.98
7.68
6.88
6.88
6.04
5.33
4.74
3.86
3.07
2.38
1.78
1.25
0.81
0.46
0.23
0.08
0
0
0
0
0
0
0
0
0
0
0
0
0
0
0
0
0
0
0
0
0
0
0
0
0
0
0
0
0
0
0
0
0
0
0
0
0
0
0
0
0
0
0
0
0
0
0
0
0
0
0
0
0
0
0
0
0
0
0
0
0
0
0
0
0
0
0
0
0
0
0
0
0
0
0
0
0
0
0
0
0
0
0
0
0
0
0
0
0
0.23
0.6
1.14
1.86
2.75
3.8
5.01
6.36
7.96
9.43
11.19
12.61
14.31
16.2
17.51
17.51
17.51
19.95
23.18
26.67
29.94
32.96
35.46
35.59
34.69
33.64
34.77
33.45
31.85
30.39
28.63
31.53
34.75
38.46
42.24
47.38
52.48
55.11
57.01
57.77
57.73
59.6
61.28
60.76
60.76
63.17
65.84
71.02
74.34
74.34
76.23
77.86
79.12
74.21
69.13
70.78
72.58
74.64
76.84
80.13
84.22
86.71
89.63
95.65
103.61
109.6
113.04
115.61
115.31
119.89
126.47
129.39
132.3
140.8
150.1
152.65
155.32
157.81
158.69
157.79
160.45
163.2
166.34
171.03
174.27
177.18
179.96
183.39
191.77
198.7
202.02
205
207.88
210.8
213.43
215.24
218.3
221.37
225.9
231.95
234.26
236.1
236.74
233.8
234.15
234.55
235.11
234.7
231.6
220.09
218.49
216.46
214.27
207.62
200.89
199.42
195.98
190.27
186.74
183.87
181.3
178.92
177.17
178.91
177.31
175.69
174.03
173.46
175.68
186.47
187.31
188.7
190.27
196.29
202.74
204.8
207.53
212.59
215.53
217.97
220.18
222.05
224.91
227.65
230.27
232.76
235.23
237.5
239.34
240.43
240.15
240.55
240.39
239.93
238.8
237.22
235.29
233.22
230.8
228.01
224.92
220.8
215.95
211.82
207.42
202.79
197.94
191.18
178.83
173.99
169.99
163.06
158.7
153.9
149.51
143.41
133.47
128.94
124.61
120.33
116.29
113.46
108.71
100.27
95.21
91.3
85.07
80.22
83.99
79.93
73.19
72.32
69.43
67.24
65.16
65.41
69.66
68.62
67.76
67.13
66.59
66.3
68.01
72.68
74.34
75.21
78.73
82.87
84.17
86.25
91.25
92.32
93.18
93.78
94.23
94.29
94.26
93.97
93.37
92.64
91.91
90.88
89.63
88.16
86.37
84.25
81.85
79.23
76.36
73.29
70.14
66.93
63.66
60.34
57.08
53.85
50.62
47.45
44.33
41.21
38.02
34.84
31.69
28.62
25.64
22.85
20.23
17.8
16.18
14.71
13.33
12.06
10.89
9.84
8.86
7.91
6.99
6.09
5.26
4.55
3.99
3.6
3.36
3.23
3.23
3.23
3.23
3.23
2.65
2.12
1.66
1.25
0.9
0.6
0.35
0.16
0.04
0
0
0
0
0
0
0
0
0
0
0
0
0
0
0
0
0
0
0
0
0
0
0
0
0
0
0
0
0
0
0
0
0
0
0
0
0
0
0
0
0
0
0
0
0
0
0
0
0
0
0
0
0
0
0
0
0
0
0
0
0
0
0
0
0
0
0
0
0
0
0
0
0
0
0
0
0
0
0
0
0
0
0
0
0
0
0
0
0
0
0
0.12
0.32
0.63
1.02
1.5
2.09
2.76
3.5
4.29
4.29
4.78
5.15
5.24
5.96
6.75
7.48
7.48
8.32
9.45
10.93
12.37
13.79
15.15
16.47
17.84
19.17
20.56
21.59
22.88
24.58
24.93
25.31
25.78
27.68
29.78
32.01
34.41
33.81
35.27
37.73
40.32
43.14
45.36
43.87
42.02
40.1
43.68
46.65
50.77
55.47
60.2
59.44
58.89
63.71
68.45
68.51
66.11
65.88
68.05
72.44
77.05
81.6
86.97
96.31
106.04
115.84
120.15
125.55
129.82
134.03
139.07
149.73
160.41
160.35
152.72
160.63
171.7
182.88
189.41
192.51
195.1
197.37
199.38
201.28
203.27
205.41
207.52
209.3
210.74
212.11
213.48
214.82
216.18
220.88
232.98
234.14
235.13
234.91
228.32
227.04
228.17
229.47
230.58
231
230.76
230.02
229.06
227.92
226.91
225.86
224.9
223.86
222.61
221.14
219.46
217.52
215.4
214.29
219.43
219.09
216.38
213.51
211.02
209.24
208.01
207.25
206.79
206.89
207.15
207.61
208.14
208.67
207.51
201.57
203.49
205.86
208.62
211.5
214.3
217.02
219.71
222.38
224.82
226.94
228.82
230.44
231.8
232.68
233.17
233.33
233.25
233.2
234.93
241.42
239.99
238.24
233.68
221.3
218.83
216.28
213.58
210.68
202.82
190.59
186.44
182.95
179.12
175.14
170.92
166.46
159.41
147.97
139.98
134.3
128.72
121.41
118.36
123.48
118.75
114.22
110.11
106.42
107.96
114.1
112.42
110.22
108.5
107.16
106.31
105.85
108.02
114.59
117.79
118.93
120.31
123.56
125.14
126.29
126.62
124.85
125.3
125.32
124.86
124.02
122.8
121.34
119.67
117.82
115.73
113.41
111.02
107.88
103.12
100.36
97.37
94.19
90.94
86.09
80.31
76.62
73.45
69.47
63.94
58.64
53.56
49.27
44.77
41.08
36.61
32.31
28.45
25
24.07
20.41
16.71
14.12
11.19
9.43
9.43
9.43
6.51
5.09
5.37
5.52
5.61
5.46
5.62
5.03
5.36
5.66
5.57
5.79
5.09
5
5.05
4.1
3.6
3.6
3.6
3.6
3.6
3.2
2.92
2.76
2.67
2.21
1.8
1.44
1.11
0.82
0.55
0.33
0.17
0.06
0
0
0
0
0
0
0
0
0
0
0
0
0
0
0
0
0
0
0
0
0
0
0
0
0
0
0
0
0
0
0
0
0
0
0
0
0
0
0
0
0
0
0
0
0
0
0
0
0
0
0
0
0
0
0
0
0
0
0
0
0
0
0
0
0
0
0
0
0
0
0
0
0
0.12
0.36
0.7
1.12
1.65
2.29
3.04
3.91
4.91
5.56
5.56
5.56
5.56
5.77
5.77
7.01
8.47
10.03
11.68
13.26
14.21
15.27
15.19
14.77
15.04
15.67
16.17
16.53
17.21
17.92
19.46
21.23
23.04
24.72
26.7
27.48
28.12
28.07
28.11
28.4
29.34
30.23
32.37
34.92
36.84
36.45
35.2
36.85
35.32
37.02
39.82
42.67
45.57
48.63
51.81
55.1
58.57
62.89
67.28
70.12
68.11
72.1
76.62
81.27
86.01
93.02
101.05
106.09
113.97
119.06
122.87
126.48
130.09
133.64
137.18
140.77
144.24
147.54
147.74
143.03
149.5
153.17
153.25
146.05
143.72
145.03
146.09
147.21
148.25
149.17
150.27
151.47
152.96
154.44
155.62
156.52
157.31
157.76
160.83
170.68
174.15
174.19
177.05
186.4
184.92
175.72
176.15
175.48
177.18
179.11
181.05
182.87
180.55
170.57
170.2
171.17
172.79
174.72
176.94
178.85
180.89
183.17
185.6
188.27
195.33
207.86
209.97
210.23
212.29
214.07
215.51
216.63
221.1
232.43
234.83
235.86
236.12
236.27
236.29
236
235.24
234.19
232.94
231.91
232.18
230.65
230.01
232.41
230.56
228.81
227.34
226.28
225.81
226.13
226.1
226.28
226.69
227.21
227.86
228.64
229.72
230.89
232.12
233.4
234.64
235.82
236.96
237.95
238.81
239.5
239.93
240.02
239.69
239.09
238.17
236.93
235.39
233.54
231.39
228.8
225.74
222.26
218.37
214.04
209.39
204.65
199.76
195.03
190.37
185.75
181.1
176.5
171.92
167.25
162.47
157.75
153.07
148.43
143.94
139.86
136.25
132.59
126.56
122.99
120.97
119.1
117.31
115.04
113.06
111.04
104.4
97.61
95.53
93.28
91.98
90.68
89.49
88.57
87.73
86.82
85.76
85.06
87.08
86.9
85.51
84
82.47
81.22
79.58
77.92
80.86
83.99
82.53
81.35
76.5
71.76
67.06
62.28
59.57
56.7
53.71
50.57
47.29
44.02
40.56
38.1
35.58
33.12
30.7
28.33
25.99
23.58
21.04
18.4
18.55
18.55
18.55
18.55
16.51
14.7
13.13
11.82
10.73
9.81
9.1
7.5
6.09
4.8
3.64
2.61
1.7
0.99
0.47
0.15
0
0
0
0
0
0
0
0
0
0
0
0
0
0
0
0
0
0
0
0
0
0
0
0
0
0
0
0
0
0
0
0
0
0
0
0
0
0
0
0
0
0
0
0
0
0
0
0
0
0
0
0
0
0
0
0
0
0
0
0
0
0
0
0
0
0
0
0
0
0
0
0
0
0
0
0
0
0
0
0
0
0
0
0
0
0
0
0
0
0
0
0
0
0
0
0
0
0
0
0
0.1
0.29
0.55
0.9
1.33
1.84
2.43
3.08
3.81
3.92
4.19
4.62
4.99
4.99
5.66
5.79
5.97
7.44
8.48
8.48
8.43
9.56
9.69
11.49
11.06
10.54
11.95
14.06
14.9
14.78
16.99
19.01
20.09
23.16
25.72
28.89
32.18
34.37
37.21
40.91
43.88
46.96
51.12
53.69
58.67
64.01
67.47
70.15
74.12
77.12
74.65
77.92
83.36
87.5
91.66
93.39
89.91
89.94
93.35
96.95
101.29
104.44
107.67
110.9
113.9
116.55
119.09
121.77
124.58
129.92
138.11
140.49
141.59
142.41
142.39
141.41
141.78
146.3
142.21
134.92
129.49
131.2
133.19
135.12
135.2
127.2
124.17
126.53
128.88
131.32
134.19
137.2
140.31
142.87
145.95
152.41
163.28
166.33
174.27
184.62
193.54
195.4
196.95
197.91
200.53
211.99
218.67
219.91
220.96
221.83
222.24
222.62
223.04
223.96
224.92
226.08
226.71
227.35
228.03
229.46
230.22
230.71
230.94
231.48
232.02
231.59
230.78
229.67
228.49
227.59
227.06
226.62
226.22
225.92
225.88
225.68
225.35
225.05
224.81
224.68
224.9
225.15
225.52
226.16
227.09
228.3
229.77
231.46
233.13
234.56
235.81
236.99
237.92
238.78
239.46
240.15
240.76
241.18
241.46
241.49
241.07
240.32
239.33
237.96
236.19
234.06
231.65
229.05
226.4
223.55
220.45
217.04
213.58
209.74
205.45
200.67
195.51
190.38
185.45
180.79
176.36
172.31
168.58
165.24
162.27
159.62
157.24
155.11
153.14
151.48
150.08
148.97
148.08
147.55
147.41
147.63
148.17
148.57
148.61
148.28
147.76
146.87
145.53
143.78
141.74
139.47
136.98
134.03
130.08
126.26
118.67
110.95
105.89
101.18
96.27
90.84
84.58
79.44
75.05
70.71
64.24
58.06
53.58
48
42.65
38.39
34.91
31.78
29.5
26.99
28.16
29.37
27.88
26.05
24.43
23.37
23.24
22.22
20.74
19.46
20.49
20.49
19.13
19.13
19.7
19.37
18.4
17.48
16.62
15.8
15.03
14.32
13.66
13.01
12.21
11.11
9.98
8.84
7.74
6.68
5.66
5.66
5.66
5.67
5.1
4.51
3.94
3.38
2.84
2.31
2.12
1.9
1.64
1.37
1.22
1.36
1.47
1.55
1.6
1.63
1.63
1.63
1.63
1.61
1.61
1.61
1.61
1.61
1.61
1.61
1.3
1.02
0.78
0.57
0.4
0.26
0.16
0.08
0.03
0
0
0
0
0
0
0
0
0
0
0
0
0
0
0
0
0
0
0
0
0
0
0
0
0
0
0
0
0
0
0
0
0
0
0
0
0
0
0
0
0
0
0
0
0
0
0
0
0
0
0
0
0
0
0
0
0
0
0
0
0
0
0
0
0
0
0
0
0
0
0
0
0
0
0
0
0
0
0
0
0
0
0
0
0
0
0
0
0
0
0
0
0
0
0
0
0
0
0
0
0
0
0
0
0
0
0
0
0
0
0
0
0.07
0.22
0.46
0.79
1.3
2.05
3.09
4.41
6.01
7.59
9.44
11.59
14.09
15.9
17.97
20.32
22.96
25.95
29.31
33.06
37.04
41.12
45.49
50.16
54.67
59.46
64.26
69
73.68
78.7
83.85
85.55
83.06
88.89
94.68
100.43
106.17
111.72
117.03
122.11
127.1
131.91
136.38
140.54
144.79
148.67
151.86
155.39
157.84
151.71
148.05
154.68
165.46
168.94
172.48
176.12
179.44
181.6
178.23
182.02
185.85
189.99
194.33
197.92
198.21
198.33
189.85
189.28
194.09
206.8
215.21
217.25
215.51
206.75
195.35
191.14
181.59
178.26
172.97
170.41
169.68
168.06
163.63
161.21
163.3
165.35
176.34
178.75
176.48
174.52
173.86
172.33
174.21
182.69
193.52
196.8
205.62
209.37
220.64
221.82
220.97
220.72
223.18
224.44
224.49
224.67
224.94
225.39
225.97
226.48
227.21
227.99
228.8
229.59
230.34
230.75
230.01
230.24
230.31
230.26
230.05
229.73
229.34
228.82
228.18
227.42
225.86
221.15
219.86
218.66
217.29
215.77
214.27
212.64
210.83
203.54
193.31
191.02
188.46
185.73
182.64
178.55
174.83
170.64
166.02
161.07
156.72
155.29
150.25
145.08
139.35
133.67
128.36
122.32
116.24
112.31
112.31
104.64
100.05
95.84
92.11
89.47
86.34
83.62
79.24
76.15
70.24
65.92
64.56
63.39
62.92
62.57
61.83
61.15
57.45
60.88
65
67.53
67.03
66.2
65.08
63.68
62.11
60.34
60.38
59.27
62.18
63.41
61.56
59.34
56.76
53.81
50.62
48.05
48.47
45.21
41.09
37.17
33.49
30.05
26.91
24.06
21.42
19.02
16.93
15.07
12.15
9.53
7.21
5.22
3.57
2.28
1.29
0.6
0.17
0
0
0
0
0
0
0
0
0
0
0
0
0
0
0
0
0
0
0
0
0
0
0
0
0
0
0
0
0
0
0
0
0
0
0
0
0
0
0
0
0
0
0
0
0
0
0
0
0
0
0
0
0
0
0
0
0
0
0
0
0
0
0
0
0
0
0
0
0
0
0
0
0
0
0
0
0
0
0
0
0
0
0
0
0
0
0
0
0
0
0
0
0
0
0
0
0
0
0
0
0
0.1
0.34
0.67
1.11
1.69
2.4
3.17
4.02
4.96
5.67
6.38
6.9
7.93
7.93
7.93
7.93
7.93
8.97
10.67
12.44
13.59
15.49
22.6
23.95
24.41
23.71
24.57
23.72
24.53
24.69
23.98
25.75
24.72
24.72
24.72
28.13
30.91
32.6
34.77
36.92
39.65
41.61
38.36
40.82
44.07
48.44
51.35
55.83
58.51
62.02
66.32
68.23
72.18
73.62
73.62
74.31
75.68
77.01
77.18
77.74
76.65
76.66
77.58
73.9
69.59
70.21
71.55
73.23
73.43
69.05
70.82
72.74
72.1
74.29
81.01
84.04
87.37
91.1
95.19
98.76
104.66
109.69
114.11
123.5
133.56
139
143.77
148.25
154.4
165.39
170.58
175.98
182.38
181.74
187.15
192.28
196.96
201.01
204.61
208.43
211.58
214.35
216.18
216.93
216.63
209.28
209.74
210.8
211.81
212.55
213.01
213.27
215.39
224.21
223.96
223.49
223.08
223.04
222.94
222.48
220.57
208.66
199.33
199.28
200.16
206.52
198.33
196.77
195.67
194.66
193.54
192.15
190.6
188.85
186.85
185
183.12
181.24
179.57
178.13
176.31
176.54
180.32
179.53
178.84
179.62
187.17
187.72
187.84
188.05
188.53
189.46
190.68
192.26
194.08
195.86
197.85
199.81
201.72
203.55
207.05
218.59
224.55
226.51
228.39
229.8
230.5
230.67
230.61
230.01
228.75
225.79
221.66
219.88
217.33
211.72
208.8
202.71
190.84
179.75
176.29
171.36
167.58
163.16
158.89
154.64
150.8
146.57
140.57
136.97
133.69
131.65
130.32
126.47
123.14
122.79
119.56
119.38
124.93
129.69
126.85
125.31
122.56
120.4
117.94
115.52
113.11
111.35
110.96
105.82
99.26
92.93
91.17
89.34
87.73
86.24
84.78
83.44
82.14
80.96
79.88
78.95
77.93
76.8
75.72
73.81
69.62
67.88
67.26
69.39
73.07
76.76
76.13
75.57
74.76
73.74
72.6
71.33
69.09
64.79
60.46
58.38
56.59
54.8
53.03
52.13
51.91
48.8
45.05
41.34
37.66
34.51
30.87
27.27
23.84
20.61
18.53
16.44
15.25
15.92
16.5
14.72
12.66
10.6
8.52
6.45
5.95
5.95
5.95
5.95
5.95
5.4
5.4
5.4
5.4
5.4
4.36
3.45
2.64
1.97
1.39
0.9
0.53
0.25
0.08
0
0
0
0
0
0
0
0
0
0
0
0
0
0
0
0
0
0
0
0
0
0
0
0
0
0
0
0
0
0
0
0
0
0
0
0
0
0
0
0
0
0
0
0
0
0
0
0
0
0
0
0
0
0
0
0
0
0
0
0
0
0
0
0
0
0
0
0
0
0
0
0
0
0
0
0
0
0
0
0
0
0
0
0
0
0
0
0
0
0
0
0
0
0
0.13
0.4
0.78
1.27
1.87
2.53
3.29
4.13
5.14
5.51
5.51
5.7
7.1
8.66
10.45
10.45
10.45
12.67
14.66
16.35
17.58
17.31
19.57
21.65
21.05
20.39
19.72
22.48
21.55
21.18
23.59
24.3
26.27
27.97
30.37
34.66
38.94
40.93
43.11
44.86
45.65
49.71
51.37
53.07
57.51
61.92
66.22
66.98
71.39
76.13
77.99
77.87
74.49
76.03
74.79
76.56
78.35
80.36
82.67
85.91
90.84
91.62
87.32
90.87
94.5
98.31
102.3
106.54
110.78
114.91
119.66
128.23
137.74
141.64
146.97
150.5
154.29
158.1
161.79
165.28
168.12
173.02
182.64
184.47
185.95
184.26
175.9
168.91
160.17
158.33
159.6
160.52
161.23
162.62
164.4
165.22
165.95
166.75
167.56
168.62
170.04
170.51
172.69
175.11
177.74
183.48
195.66
206.2
218.3
223.21
224.67
226.04
227.37
228.81
230.33
231.34
231.97
232.17
232.08
231.66
231.04
231.48
230.26
228.72
226.97
225.05
223.32
221.69
219.3
217.76
216.98
216.53
216.37
216.14
215.38
215.55
215.6
216.5
217.54
217.91
213.9
204.81
205.9
207.09
208.4
209.79
211.01
211.91
213.42
214.18
214.28
214.15
213.57
212.77
212.2
210.62
209.1
206.84
204.41
202.62
205.21
212.8
210.06
207.11
204
201.01
198.03
195.33
192.79
190.17
187.34
184.15
173.34
162.83
152.59
150.18
147.93
145.6
143.32
140.95
138.55
136.26
134.16
132.06
129.91
127.45
124.78
121.58
117.78
114.3
110.91
107.95
112.49
114.22
115.94
112.91
109.94
107.12
104.39
101.82
99.29
96.76
94.23
89.96
83.47
80.8
78.96
77.64
76.95
76.07
75.25
74.23
72.58
70.84
69.12
64.56
60.03
55.52
53.57
50.41
46.03
41.71
37.41
35.16
36.54
34.31
31.35
28.18
24.8
20.65
16.59
12.72
9.83
9.99
10.17
10.87
11.5
12.04
9.96
9.03
9.3
9.5
9.64
9.6
8.27
6.9
5.67
4.64
3.82
3.82
3.82
3.82
3.82
3.65
3.47
2.77
2.14
1.6
1.15
0.78
0.51
0.31
0.16
0.05
0
0
0
0
0
0
0
0
0
0
0
0
0
0
0
0
0
0
0
0
0
0
0
0
0
0
0
0
0
0
0
0
0
0
0
0
0
0
0
0
0
0
0
0
0
0
0
0
0
0
0
0
0
0
0
0
0
0
0
0
0
0
0
0
0
0
0
0
0
0
0
0
0
0
0
0
0
0
0
0
0
0
0
0
0
0
0
0
0
0
0
0
0
0
0
0
0
0
0
0
0
0
0
0
0
0
0
0
0
0
0
0
0
0
0
0
0
0
0.11
0.35
0.7
1.19
1.82
2.63
3.62
4.83
6.34
7.82
9.52
11.43
13.54
15.88
17.79
19.88
22.17
24.58
27.19
30.04
32.89
35.48
35.73
38.08
39.92
39.1
41.41
44
47.2
50.5
53.83
57.18
60.5
63.65
67.5
71.34
75.15
78.98
82.92
86.86
90.95
95.28
101.98
106.66
111.88
119.6
124.24
128.56
132.4
136.59
140.76
144.9
149.14
153.42
157.54
161.74
165.83
169.83
173.72
177.23
179.06
180.42
175.38
174.82
177.35
170.46
162.53
165.23
167.96
169.62
171.39
173.37
175.15
177.15
179.55
181.95
184.66
187.63
190.49
193.52
198.04
202.95
214.13
220.68
223.9
236.34
249.52
251.68
253.21
255.29
256.91
257.99
258.89
259.44
259.22
258.61
257.47
255.89
254.05
251.99
249.81
247.66
245.43
243.12
241.05
239.37
237.93
236.73
235.77
234.95
234.33
233.98
234.02
234.22
234.73
235.32
236.08
236.96
238.06
239.41
240.88
242.24
243.61
244.65
242.07
230.48
218.75
218.56
218.38
218.12
217.67
216.8
215.39
213.36
210.88
208.21
205.11
201.71
198.1
194.28
190.23
186.11
181.92
176.9
173.63
181.73
189.78
186.21
182.53
178.69
174.66
170.86
167.27
164.05
161.06
158.15
155.59
153.25
150.51
146.92
144.57
142.17
139.65
132.81
127.29
119.2
111.14
107.59
105.01
101.84
94.34
86.9
84.66
81.98
75.57
74.39
73.26
72.26
71.77
72.26
71.58
70.98
70.7
75.91
81.31
86.54
91.54
91.68
90.47
89.68
93.17
96.32
93.94
91.29
92.74
88.81
85.57
82.03
78.29
74.27
70.06
65.63
60.85
55.77
50.63
45.53
40.53
35.91
31.71
27.88
24.38
21.24
18.47
16.53
14.4
12.58
10.08
7.84
5.87
4.19
2.8
1.7
0.88
0.38
0.12
0
0
0
0
0
0
0
0
0
0
0
0
0
0
0
0
0
0
0
0
0
0
0
0
0
0
0
0
0
0
0
0
0
0
0
0
0
0
0
0
0
0
0
0
0
0
0
0
0
0
0
0
0
0
0
0
0
0
0
0
0
0
0
0
0
0
0
0
0
0
0
0
0
0
0
0
0
0
0
0
0
0
0
0
0
0
0
0
0
0
0
0
0
0
0
0.05
0.17
0.34
0.57
0.89
1.35
1.94
2.64
3.5
3.5
3.5
3.5
3.5
3.9
5.44
6.8
7.01
8.99
17.98
19.77
21.19
23.24
25.34
27.36
27.04
26.58
25.99
25.29
25.72
25.72
25.72
27.66
30.34
32.7
42.52
44.17
47.12
48.46
43
44.84
47.09
47.92
49.04
50.57
54.46
58.5
62.73
67.08
70.11
74.47
78.93
81.59
83.47
85.43
78.88
80.54
81.8
82.82
83.83
84.91
85.76
86.59
88.42
90.09
91.54
91.4
91.42
92.37
93.44
93.88
92.22
93.41
94.86
96.23
97.6
99.02
100.89
103.25
105.59
107.83
110.06
107.56
102.35
100.27
94.92
97.87
101.04
103.55
106.25
109.79
115.22
117.47
119.58
121.78
124.13
126.98
129.87
132.52
135.19
137.42
137.68
147.02
158.24
166.43
178.27
183.48
188.14
192.37
196.23
199.88
203.17
204.81
197.25
201.47
205.42
206.86
201.95
204.49
206.59
208.68
212.36
211.95
209.49
200.14
196.69
194.6
192.57
190.17
188.18
186.31
184.82
185.07
194.56
192.15
189.79
189.55
195.45
193.85
192.67
192.11
192.15
192.8
195.02
203.27
204.63
205.64
206.18
205.62
206.21
206.99
207.94
209.04
209.99
210.91
211.83
212.81
213.76
214.52
215.06
215.33
215.46
215.42
215.32
215.56
216.24
215.51
215.01
215.97
215.3
214.09
212.61
210.87
209.26
207.5
205.64
203.54
201.35
199.11
196.85
194.52
192.22
189.91
187.5
185.16
182.91
180.79
178.76
176.89
175.36
174.19
173.27
172.6
171.7
170.8
169.93
169.14
168.39
167.75
167.18
166.7
166.19
165.55
164.86
164.17
163.53
162.78
161.87
160.47
158.54
156.04
153.17
150.02
146.86
143.63
140.41
137.18
132.94
124.75
116.58
108.42
100.32
92.38
85.45
81.48
77.44
70.09
62.93
56.15
49.75
46.32
44.49
42.42
40.08
38.54
36.86
35.03
34.08
37.04
39.84
42.57
45.14
47.57
48.97
47.37
45.84
47.73
49.46
50.99
52.2
50.53
47.89
45.72
43.98
41.63
39.54
37.67
36
34.37
31.57
28.84
26.67
24.24
22.01
20.95
20.11
19.29
18.53
17.85
17.41
16.49
15.25
14.24
13.26
12.13
11.7
11.15
10.47
9.65
10.03
10.32
10.16
10.34
10.47
9.49
8.32
7.25
6.29
5.43
4.66
4.66
4.66
4.43
4.18
4.05
3.18
2.42
1.79
1.28
0.9
0.6
0.37
0.18
0.06
0
0
0
0
0
0
0
0
0
0
0
0
0
0
0
0
0
0
0
0
0
0
0
0
0
0
0
0
0
0
0
0
0
0
0
0
0
0
0
0
0
0
0
0
0
0
0
0
0
0
0
0
0
0
0
0
0
0
0
0
0
0
0
0
0
0
0
0
0
0
0
0
0
0
0
0
0
0
0
0
0
0
0
0
0
0
0
0
0
0
0
0
0
0
0
0
0
0
0
0
0
0.09
0.3
0.64
1.09
1.6
2.27
3.1
4.09
5.28
5.98
6.92
8.06
9.36
10.87
12.43
14.39
16.75
19.55
22.65
25.92
29.3
32.86
36.59
40.53
44.73
49.04
53.51
58.17
63
68.46
73.87
79.28
84.78
90.22
95.78
101.16
106.27
111.18
116.11
120.15
116.68
112.92
117.99
123.21
128.32
133.6
138.84
143.83
148.59
153.37
158.04
162.62
167.16
171.76
176.26
180.48
184.42
187.91
190.96
194.71
205.77
216.54
217.93
218.85
218.73
214.64
214.77
214.9
214.96
215.14
214.18
212.47
213.06
213.69
214.5
215.68
217.36
218.27
213.53
211.56
210.13
212.69
215.56
218.31
221.67
226.95
223.99
222.27
220.9
222.02
224.05
226.71
226.88
226.68
226.07
224.98
223.39
222.41
227.77
229.82
228.64
225.53
220.16
217.14
215.88
216.38
220.8
223.95
226.69
226.63
226.53
226.31
225.97
225.69
225.47
225.45
225.59
218.5
206.81
195.67
194.69
194.52
186.5
184.82
185.66
186.3
186.69
186.9
187.04
187.25
187.76
188.29
188.78
189.22
189.59
189.64
189.3
196.18
206.77
216.91
219.32
218.87
228.34
229.12
225.69
222.09
218.28
214.34
210.24
205.96
201.37
196.72
192.03
187.35
182.87
178.77
175.1
171.84
168.95
166.53
164.39
162.35
160.1
156.31
154.29
152.44
150.89
149.69
148.84
148.15
147.6
147.23
147.06
146.94
146.75
146.47
146.11
145.73
145.23
144.61
143.81
143.02
142.52
143.6
143.03
142.5
141.87
140.83
139.46
137.94
136.31
134.44
132.28
129.9
127.29
124.4
121.23
117.81
114.35
110.86
107.45
104.09
100.61
96.99
93.16
89.12
84.94
80.86
76.86
72.88
68.89
65.04
61.36
57.88
54.63
51.62
48.83
46.18
43.57
41.07
38.15
34.74
31.48
29.3
27.3
25.45
23.61
22.05
20.58
19.16
17.84
16.5
14.94
13.46
12.06
10.67
9.36
8.13
7
6.55
6.53
7.03
7.48
7.01
6.53
6.05
5.71
5.2
4.71
4.21
3.79
3.49
3.49
3.49
3.45
3.45
3.45
3.45
3.45
2.78
2.2
1.7
1.25
0.87
0.57
0.33
0.16
0.06
0
0
0
0
0
0
0
0
0
0
0
0
0
0
0
0
0
0
0
0
0
0
0
0
0
0
0
0
0
0
0
0
0
0
0
0
0
0
0
0
0
0
0
0
0
0
0
0
0
0
0
0
0
0
0
0
0
0
0
0
0
0
0
0
0
0
0
0
0
0
0
0
0
0
0.03
0.11
0.27
0.54
0.85
1.23
1.69
2.23
2.86
2.91
3.12
3.12
3.12
3.66
4.32
5.03
5.85
6.73
7.7
8.8
10.02
11.28
12.51
13.59
14.4
15.59
16.66
18.07
19.48
21.36
23.35
25.72
28.18
30.27
32.43
34.7
35.91
37.56
40.61
43.57
46.68
49.97
53.29
56.8
60.58
63.81
65.94
63.99
61.95
64.94
67.42
70.35
72.79
72.63
72.65
72.74
74.72
77.04
78.24
79.52
80.46
81.13
81.6
81.14
82.08
83.63
85.33
92.68
97.98
96.15
96.69
91.39
90.11
95.19
101.28
107.13
110.23
113.71
118.69
122.88
123.58
128.99
134.76
141.41
146.4
150.69
155.67
158.49
163.56
170.92
175.97
182.72
179.1
181.18
181.65
175.22
168.18
168.02
166.93
159.73
153.74
151.13
145.09
141.71
135.37
134.71
136.47
138.7
140.81
142.96
145.37
150.68
162.25
165.41
168.84
179.17
191.92
196.46
199.95
210.03
222.1
225.72
232.3
235.95
242.64
243.58
242.17
240.23
238
235.48
232.69
230.4
228.69
225.93
223.34
221.09
219.08
217.38
215.95
214.91
214.47
214.64
215.25
216.08
217.12
218.54
220.31
222.44
224.77
227.23
229.91
232.76
235.54
238.11
240.33
242.04
243.34
244.27
244.79
244.85
244.32
243.16
241.46
239.44
237.21
234.5
231.33
227.82
224.09
220.25
216.25
211.97
207.47
202.83
198.03
193.23
188.37
183.42
178.85
174.68
171.14
168.24
165.9
163.99
162.38
161.23
160.48
160
159.72
159.52
159.42
159.47
159.75
160.23
160.87
161.42
162.02
162.65
162.73
162.32
161.28
159.61
157.48
154.9
151.98
148.5
143.68
139.85
136.12
132.42
128.72
124.96
121.03
116.97
113
109.19
105.44
101.83
98.59
95.67
93
90.48
88.12
85.99
84.02
82.53
82.21
80.74
79.03
77.22
75.32
73.36
71.44
69.53
67.5
65.53
63.64
61.78
59.94
58.01
56.06
54.23
52.4
50.5
48.51
46.39
44.29
42.25
40.32
37.32
34.47
31.78
29.34
26.88
24.57
22.49
20.3
18.14
16.02
14.01
12.12
10.29
8.56
6.95
5.46
4.06
3.42
2.75
2.04
2.47
2.82
3.11
3.22
3.38
3.49
3.37
3.37
3.37
3.37
3.37
3.37
3.37
3.37
3.37
3.37
3.37
2.7
2.13
1.63
1.19
0.84
0.55
0.32
0.16
0.05
0
0
0
0
0
0
0
0
0
0
0
0
0
0
0
0
0
0
0
0
0
0
0
0
0
0
0
0
0
0
0
0
0
0
0
0
0
0
0
0
0
0
0
0
0
0
0
0
0
0
0
0
0
0
0
0
0
0
0
0
0
0
0
0
0
0
0
0
0
0
0
0
0
0
0
0
0
0
0
0
0
0
0
0
0
0
0
0
0
0
0
0
0
0.14
0.42
0.85
1.42
2.08
2.91
4.04
5.55
7.44
8.9
8.9
8.9
8.9
8.9
10.01
13.27
16.83
20.73
24.97
29.56
33.63
37.76
41.97
46.18
50.52
53.45
52.83
56.34
59.47
63.26
68.86
71.08
71.08
71.08
69.96
67.58
64.02
67.08
70.21
73.19
76.64
79.99
83.05
86
88.89
93.16
100.79
104.15
106.99
104.03
98.44
99.43
108.05
116.76
125.51
133.47
142.15
143.79
145.08
146.03
146.89
147.8
149.14
145.94
138.05
137.66
139.68
141.57
142.62
143.87
152.87
160.5
162.82
165.21
167.74
170.21
173.21
176.53
179.77
183.33
187.05
190.75
194.23
202.13
214.52
219.32
221.09
219.88
223.44
232.65
236.18
237.63
238.64
239.24
239.36
239.21
238.48
237.57
236.78
235.9
234.81
232.77
229.95
228.19
226.4
224.53
223.13
224.57
222.42
219.76
217.37
215.33
213.93
212.91
212.32
212.12
212.2
212.17
212.02
211.69
211.35
211.9
213.15
213.48
213.92
214.3
214.62
215.02
215.66
216.68
217.74
218.75
219.44
220.03
220.59
221.04
221.36
221.68
221.97
222.23
221.65
216.22
212.13
210.62
209.89
209.07
208.21
207.12
205.78
204.15
202.38
200.03
197.79
195.27
191.82
185.58
180.63
176.96
173.1
169.19
165.94
167.24
166.41
160.76
156.64
152.51
148.37
144.27
140.17
136.09
131.95
128.33
124.48
120.82
118.07
118.17
117.17
115.13
113.48
109.2
102.21
95.46
89.43
91.52
91.25
91.05
90.95
90.9
90.86
90.39
88.33
88.23
87.56
83.55
83.22
82.91
82.26
81.15
79.79
81.07
85.21
89.37
93.52
91.73
89.93
88.16
86.38
84.68
83.05
81.87
82.29
80.62
79.54
81.56
78.52
73.59
68.85
64.36
59.98
56.97
52.83
48.66
46.08
43.22
40.17
37.07
33.93
30.68
27.38
24.07
20.71
17.31
13.91
10.8
8.99
8.99
8.99
8.99
8.99
7.79
7.79
7.79
6.22
4.95
3.88
2.93
2.11
1.41
0.84
0.41
0.12
0
0
0
0
0
0
0
0
0
0
0
0
0
0
0
0
0
0
0
0
0
0
0
0
0
0
0
0
0
0
0
0
0
0
0
0
0
0
0
0
0
0
0
0
0
0
0
0
0
0
0
0
0
0
0
0
0
0
0
0
0
0
0
0
0
0
0
0
0
0
0
0
0
0
0
0
0
0
0
0
0
0
0
0
0
0
0
0
0
0
0
0
0
0
0
0
0
0
0
0
0
0
0
0
0
0
0
0
0.06
0.21
0.45
0.76
1.18
1.68
2.29
3
3.9
4.66
5.43
5.43
5.93
7.63
9.49
11.59
13.88
16.02
18.47
21.17
24.03
27.1
30.37
33.88
37.58
41.42
45.45
49.61
53.72
58.11
62.59
67.85
69.96
68.27
71.31
75.1
78.88
82.59
83.99
81.29
83.7
87.12
90.29
93.68
94.78
90.43
93
95.5
98.05
100.5
102.95
105.64
111.05
119.24
122.67
125.39
128.18
131.36
136.69
145.87
149.61
152.07
154.34
156.03
159.94
168.91
169
168.04
162.99
155.39
147.69
149.46
148.87
141.02
135.35
134.3
127.8
118.77
117.25
118.19
119.58
121.24
123.06
124.89
126.3
128.15
131.83
136.18
144.78
156.37
168.12
170.32
175.01
185.71
190.4
195.29
205.46
218.02
222.87
225.19
227.11
228.7
230.21
231.67
233.17
234.21
235
235.87
236.25
235.98
235.24
234.59
233.64
233.66
237.26
235.72
234.19
232.87
231.72
230.16
228.17
227.85
227.72
227.78
228.04
223.51
211.75
200.11
201.29
202.82
204.48
205.65
206.67
207.86
209.24
210.79
212.36
213.52
214.61
216.09
217.95
218.06
217.87
217.49
216.98
221.22
229.53
229.53
223.21
221.15
219.19
217.49
216.06
214.41
212.34
209.37
196.81
184.4
177.81
165.45
154.34
150.41
146.56
142.73
138.53
133.83
133.61
141.67
141.8
134.41
131.77
129.07
126.25
123.44
120.88
119.04
126.69
134.23
135.82
143.18
149.31
148.31
147.34
146.39
145.83
145.9
144.34
142.8
142.91
145.84
143.86
141.64
139.28
136.74
131.2
123.55
120.76
118.09
115.41
112.69
109.99
107.28
104.48
101.6
98.65
95.72
93.1
90.38
87.55
84.82
82.13
79.46
76.88
74.53
75.08
77.63
75.17
72.21
67.46
64.88
62.33
59.06
54.96
52.3
49.62
46.79
43.88
40.9
37.8
34.67
31.27
28.1
25.28
22.99
20.75
18.6
16.53
14.88
15.09
13.19
11.27
10.15
9.95
8.4
7
5.83
4.83
4
3.37
2.89
2.89
2.89
2.71
2.12
1.62
1.22
0.89
0.62
0.41
0.25
0.13
0.04
0
0
0
0
0
0
0
0
0
0
0
0
0
0
0
0
0
0
0
0
0
0
0
0
0
0
0
0
0
0
0
0
0
0
0
0
0
0
0
0
0
0
0
0
0
0
0
0
0
0
0
0
0
0
0
0
0
0
0
0
0
0
0
0
0
0
0
0
0
0
0
0
0
0
0
0
0.05
0.16
0.33
0.57
0.89
1.31
1.8
2.4
3.11
3.52
4
4.62
4.84
4.84
4.84
4.84
4.84
4.84
5.49
6.05
7.51
11.38
12.53
13.24
13.24
12.82
13.95
14.6
15.58
16.89
18.16
19.32
20.92
22.83
24.82
25.29
25.29
26.57
25.92
25.36
26.73
25.62
27.22
29.08
31.7
34.7
36.24
38.06
39.36
37.64
35.89
37.1
38.92
40.16
42.25
45.9
50.06
53.1
57.57
61.57
59.88
57.02
57.82
59.5
60.11
59.56
59.4
61.11
61.13
66.03
72.26
75.82
78.92
82.69
84.91
86.14
88.85
90.65
93.56
97.23
103.81
111.38
114.61
118.39
122.91
127.79
129.46
124.68
130.18
132.41
126.18
119.63
116.78
118.78
121.73
125.69
128.38
132.05
134.52
136.86
139.13
141.76
144.25
140.59
140.35
143.93
150.26
161.36
163.96
167.84
178.99
190.32
197.81
200.41
202.91
205.46
207.74
209.78
211.72
213.42
214.96
216.42
218.73
225.55
228.69
229.4
229.95
230.4
230.73
230.68
231.78
231.64
229.62
222.34
222.07
222.29
222.45
222.51
222.52
222.53
222.6
222.4
221.97
221.85
222.23
222.07
221.9
221.75
221.64
221.92
219.33
211.69
209.9
216.82
216.66
216.04
215.67
215.52
215.51
215.28
215.68
216.41
217.24
218.04
218.75
219.45
220.32
221.17
222.03
222.91
225.36
233.94
238.44
239.31
239.95
240.39
240.6
240.7
240.69
240.81
238.75
232.55
230.31
229.13
227.74
225.33
218.91
214.66
211.8
208.63
205.25
201.72
198.41
195.05
191.62
188.04
184.32
180.32
176.09
171.99
169.47
170.9
168.22
164.41
160.79
158.05
159.19
158.14
155.68
153.58
151.54
149.39
146.86
144.22
141.5
138.86
136.32
133.97
131.86
129.73
127.5
125.23
123.08
120.98
118.81
116.55
114.19
111.77
109.37
106.94
104.62
102.38
100.22
98.09
96.07
94.03
91.96
89.84
87.57
85.25
82.93
80.52
78
75.35
72.66
69.94
67.26
64.51
61.58
58.44
54.76
50.54
46.47
42.56
38.93
35.28
31.77
29.3
26.9
24.52
22.16
19.91
17.76
15.76
13.83
12
10.16
8.39
6.86
5.57
4.89
4.89
4.89
4.89
4.74
4.74
4.74
3.86
3.07
2.4
1.84
1.34
0.92
0.56
0.29
0.09
0
0
0
0
0
0
0
0
0
0
0
0
0
0
0
0
0
0
0
0
0
0
0
0
0
0
0
0
0
0
0
0
0
0
0
0
0
0
0
0
0
0
0
0
0
0
0
0
0
0
0
0
0
0
0
0
0
0
0
0
0
0
0
0
0
0
0
0
0
0
0
0
0
0
0
0.05
0.16
0.34
0.6
0.95
1.38
1.88
2.48
3.15
3.15
3.15
3.15
3.71
4.33
5.01
5.75
6.56
7.49
8.47
9.69
10.77
12.01
13.46
14.82
15.7
16.55
17.74
18.97
20.3
22.49
24.89
27.54
29.69
30.27
29.59
31.21
34.12
37.11
40.17
42.84
44.69
47.72
50.72
54.01
57.87
61.91
65.63
69.35
73.04
76.54
79.84
83
86.16
90.99
97.21
101.25
104.02
106.46
104.72
103.98
103.45
101.72
102.26
104.01
102.55
97.42
92.01
94.33
96.66
99.25
101.98
104.7
107.65
110.67
113.71
116.78
120.09
124
131.84
138.53
146.72
154.95
161.14
166.08
174.2
185.08
194.94
195.91
200.43
204.76
209.04
213.37
217.49
221.48
225.25
228.82
231.91
234.46
235.23
235.67
237.49
239.07
240.08
240.85
241.39
242.53
244.64
247.55
246.55
245.54
244.6
243.6
242.39
240.92
239.16
237.19
235.27
233.29
233.27
233.93
232.57
230.51
227.57
224.89
223.59
223.21
223.51
224.33
225.18
226.31
227.21
227.89
228.75
228.96
225.33
214.27
216.31
218.55
217.02
207.97
200.3
199.07
202.66
205.03
205.95
206.05
205.91
205.5
205.31
204.82
204.49
204.35
203.88
203.98
208.04
219.55
217.99
216.25
217.9
226.06
231.93
233.49
231.11
229.61
228.12
226.55
224.66
222.61
220.38
217.96
215.43
212.91
210.76
209.05
207.62
206.57
205.74
205.06
204.77
205.51
207.09
207.27
207.54
207.88
207.25
205.36
204.27
204.02
203.95
203.97
203.98
203.99
203.87
203.53
202.94
202.02
200.78
199.29
197.49
195.35
192.91
190.14
182.69
171.79
168.89
164.72
162.45
159.61
156.47
153.15
149.44
145.31
140.82
136.13
131.28
126.41
121.57
116.81
112.19
107.77
103.52
99.55
100.21
104.26
101.39
100.72
97.56
94.37
91.41
88.67
86.3
84.27
82.56
79.71
74.85
72.7
71.69
70.74
69.88
69.01
68.16
67.21
66.2
65.22
64.24
63.63
63
62.29
61.55
60.81
60.07
59.19
55.52
53.27
56.03
56.15
55.19
54.22
53.22
49.85
46.53
43.31
40.19
37.12
34.09
31.08
29.35
26.9
25.01
22.47
19.46
17.28
17.47
18.45
16.54
14.64
12.76
10.84
8.88
9.27
9.54
9.68
9.76
9.76
9.76
9.76
8.39
7.73
6.54
6.03
6.03
5.37
5.18
4.21
3.35
2.6
1.92
1.35
0.88
0.48
0.22
0.07
0
0
0
0
0
0
0
0
0
0
0
0
0
0
0
0
0
0
0
0
0
0
0
0
0
0
0
0
0
0
0
0
0
0
0
0
0
0
0
0
0
0
0
0
0
0
0
0
0
0
0
0
0
0
0
0
0
0
0
0
0
0
0
0
0
0
0
0
0
0
0
0
0
0
0
0
0
0
0
0
0
0
0
0
0
0
0
0
0
0
0
0
0
0
0
0
0
0
0.13
0.4
0.84
1.45
2.2
3.1
4.18
5.41
6.78
7.61
8.73
9.96
11.56
12.96
14.21
14.21
14.21
14.21
14.21
14.77
17.44
19.6
19.52
21.35
21.25
23.52
26.59
28.92
30.51
32.24
31.12
29.89
28.28
31.31
34.42
38.92
42.5
42.5
46.32
48.72
46.71
50.61
56.61
60.6
66.47
69.91
67.84
64.28
61.32
65.53
72.52
79.48
86.42
90
93.85
97.7
102.55
111
116.02
122.12
130.49
133.45
136.59
139.81
142.53
144.85
152.53
162.13
164.71
157.95
159.5
162.65
165.79
167.18
159.12
150.78
142.34
133.89
131.22
122.16
113
107.77
108.63
109.61
111.12
113.24
114.66
116.4
125.06
136.18
138.83
140.14
141.69
144.1
155.8
167.61
179.62
191.75
197.79
209.95
221.91
229.66
231.04
231.98
232.59
232.64
232.29
231.5
230.81
230.15
229.17
227.57
225.51
223.07
220.38
217.68
214.57
211.18
207.58
203.87
200.4
197.11
193.97
191.05
188.43
186.08
184.07
182.26
180.71
179.49
178.72
178.57
178.81
179.36
180.2
181.01
182.06
183.38
185.02
187.03
189.1
191.22
193.03
192.42
193.2
195.21
197.21
197.76
198.91
200.37
194.7
185.02
180.17
180.3
178.72
170.53
170.21
169.47
168.14
166.21
163.85
161.17
158.42
157.73
155.24
151.2
147.01
144.32
140.71
136.46
139
145.15
146.29
142.21
139.55
143.41
139.23
135.19
131.54
128.19
125.1
122.22
119.67
115.41
108.38
106.64
105.1
103.43
101.67
99.84
98.04
96.45
94.85
93.3
91.9
90.57
89.31
88.13
86.84
85.55
84.29
83.02
79.34
76.24
79.64
77.93
75.64
71.82
67.04
65.06
63.25
59.52
55.03
50.6
48.61
46.68
44.79
42.86
41.08
39.28
37.44
35.58
36.07
37.89
36.22
34.49
33.03
33.06
34
32.13
30.01
29.57
29.79
29.85
28.7
27.43
26.06
24.66
23.12
21.53
19.92
18.28
16.57
14.82
13.1
11.55
10.21
9.07
8.13
7.36
6.78
6.39
6.17
6.11
4.89
3.83
2.93
2.14
1.5
0.98
0.56
0.26
0.08
0
0
0
0
0
0
0
0
0
0
0
0
0
0
0
0
0
0
0
0
0
0
0
0
0
0
0
0
0
0
0
0
0
0
0
0
0
0
0
0
0
0
0
0
0
0
0
0
0
0
0
0
0
0
0
0
0
0
0
0
0
0
0
0
0
0
0
0
0
0
0
0
0
0
0
0
0
0
0
0
0
0
0
0
0
0
0.05
0.17
0.36
0.67
1.08
1.59
2.2
2.89
3.67
4.03
4.66
5.44
6.34
7.38
8.52
9.45
10.96
12.19
13.01
14.98
16.92
18.37
18.17
20.63
23.13
25.67
28.21
30.87
32.84
32.77
35.73
38.81
42.01
45.29
48.51
50.82
50.06
52.73
55.38
57.46
61.47
66.34
73.13
77.33
81.57
85.8
90
94.01
98.75
106.18
110.55
114.72
118.72
122.59
125.03
125.29
131.43
135.8
141.02
145.74
148.41
151.44
154.2
156.04
148.88
141.6
134.26
134.52
131.12
134.11
137.02
140.02
143.11
146.32
150.31
156.01
157.17
151.54
150.42
141.64
139.18
129.72
131.61
135.36
148.05
160.84
173.65
179.06
188.12
190.66
192.92
189.55
179.29
181.59
184.48
188.81
190.81
193.49
198.98
211.91
218.5
230.9
231.88
231.68
231.3
230.75
230.11
229.21
228.18
227.06
226.07
230.36
241.25
239.14
236.93
234.78
236.11
242.25
240.67
239.25
238
237.5
237.14
237
236.97
237.13
237.49
238.08
238.88
239.78
240.79
242.04
243.55
245.42
247.62
250.03
252.51
255.04
257.59
260.33
263.18
265.57
267.66
267.88
268.28
269.03
269.45
269.37
268.74
267.7
266.31
264.47
262.2
259.49
256.33
252.78
248.95
244.8
240.44
235.49
230.2
224.91
219.76
216.44
212.98
209.12
205.54
202.36
199.63
197.26
195.21
193.63
192.4
191.49
190.87
190.49
190.26
190.22
190.27
190.68
191.12
191.38
191.36
190.96
190.11
188.99
187.57
185.86
183.92
181.81
179.7
177.5
175.37
170.72
160.85
158.76
156.73
154.72
152.66
150.4
148.12
145.92
143.85
141.8
140
138.24
136.53
134.81
132.98
131
128.54
124.64
120.86
119.68
123.39
119.02
114.32
109.3
104.26
99.25
94.26
89.33
84.53
79.97
75.5
70.71
66.28
61.44
56.89
53.48
50.48
48.89
47.03
44.99
43.12
41.44
39.94
38.63
37.38
36.21
33.94
31.8
30.61
29.86
28.96
28.44
27.56
27.15
26.53
24.87
23.1
21.21
19.24
17.26
15.41
13.69
12.11
10.64
9.28
8
8
8
7.11
5.75
4.55
3.46
2.52
1.73
1.11
0.64
0.3
0.09
0
0
0
0
0
0
0
0
0
0
0
0
0
0
0
0
0
0
0
0
0
0
0
0
0
0
0
0
0
0
0
0
0
0
0
0
0
0
0
0
0
0
0
0
0
0
0
0
0
0
0
0
0
0
0
0
0
0
0
0
0
0
0
0
0
0
0
0
0
0
0
0
0
0
0.04
0.15
0.31
0.54
0.84
1.22
1.7
2.28
2.95
3.26
3.74
4.38
5.12
6.01
7.02
8.06
9.3
10.7
12.24
12.24
12.2
12.1
13.25
13.5
15.48
16.97
16.49
15.91
15.24
14.94
14.45
13.81
13.07
12.19
14.19
13.15
11.91
10.51
9.81
10.33
12.08
12.48
11.41
14.98
47.99
50.44
54.81
59.23
63.74
67.59
70.06
75.15
80.44
85.75
84.92
84.92
84.92
84.92
89.32
94.26
96.68
96.28
96.03
98
68.99
71.08
72.61
74.44
73.42
69.57
74.03
75.96
77.62
79.56
84.82
91.56
93.53
93.53
88.3
85.14
80.97
86.02
91.38
85.36
85.11
86.42
88.3
89.46
91.49
99.05
99.74
101.21
102.81
104.22
105.48
107.61
114.76
123.91
133.2
140.2
149.79
154.68
159.53
170.24
175.15
178.51
181.88
185.53
190.64
191.86
195.36
196.08
189.8
191.96
194.33
196.63
194.23
185.09
186.87
188.57
189.81
190.59
191.06
185.43
174.49
163.41
162.7
159.65
153.11
153.16
152.73
154.38
162.93
162.79
162.25
161.45
165.16
175.55
174.83
174.1
173.52
172.99
172.53
177.6
187.66
197.71
197.36
199.51
205.71
207.31
207.09
205.78
202.47
202.26
202.52
203.06
203.61
204.07
203.92
204.67
205.28
205.26
205.79
207.12
208.65
210.22
211.71
213.08
214.25
214.98
215.43
216.58
219.54
219.24
218.33
217.04
215.43
213.8
212.53
210.07
207.55
205.5
202.59
198.59
194.1
189.24
184.16
178.99
173.85
169.12
164.82
160.8
157.12
153.84
150.93
148.41
146.18
144.14
142.43
141.21
140.25
139.5
138.99
138.84
139.06
139.65
140.54
141.41
142.19
142.72
142.9
142.87
142.63
142.1
141.29
140.18
138.87
137.38
135.74
133.76
131.65
129.43
127.11
124.61
121.92
119
115.82
112.63
109.47
106.32
103.23
100.18
97.18
94.28
91.52
88.82
86.14
83.52
80.93
78.46
76.03
73.67
71.34
66.52
63.42
61.36
59.46
57.54
55.54
53.48
51.37
49.2
46.94
44.59
42.55
40.54
38.53
36.46
34.32
32.17
29.96
27.7
25.44
25.76
24.47
22.51
20.59
18.79
17.15
15.66
14.28
13.02
11.88
10.85
9.52
8.24
7.09
6.1
5.24
4.49
3.86
3.34
2.91
2.59
2.36
1.93
1.55
1.21
0.92
0.66
0.44
0.26
0.13
0.04
0
0
0
0
0
0
0
0
0
0
0
0
0
0
0
0
0
0
0
0
0
0
0
0
0
0
0
0
0
0
0
0
0
0
0
0
0
0
0
0
0
0
0
0
0
0
0
0
0
0
0
0
0
0
0
0
0
0
0
0
0
0
0
0
0
0
0
0
0
0
0
0
0
0
0
0
0
0
0
0
0
0
0
0
0
0
0
0
0
0
0
0
0
0
0
0
0
0.04
0.14
0.3
0.53
0.82
1.25
1.83
2.53
3.38
3.8
4.42
5.3
6.37
7.67
8.64
9.41
10.25
12.09
14.15
14.15
14.11
14.01
17.07
20.36
22.39
22.21
25.37
28.71
32.22
36.38
40.39
43.95
47.28
49.91
52.34
55.13
58.81
61.86
64.77
68.89
70.62
70.62
67.93
67.29
69.97
74.67
76.82
72.99
68.63
70.51
72.5
74.88
77.48
80.68
84.57
88.58
91.87
95.09
98.48
102.94
109.72
118.25
126.3
132.14
135.9
139.85
142.99
149.01
149.01
142.55
135.93
129.11
122.11
125
124.94
117.38
114.81
117.07
119.21
121.31
122.53
121.05
123.94
126.91
130.06
133.13
136.12
142.04
154.4
167
179.76
192.65
205.62
208.79
214.8
228.16
236.38
239.29
241.74
243.74
246.33
248.71
241.24
241.41
240.85
239.69
239.73
238.54
235.51
233.79
221.44
208.55
195.58
193.22
190.82
188.48
186.2
184.48
183.34
182.86
183.1
186.43
195.14
196.11
197.37
198.91
199.06
200.24
202.52
202.61
212.3
224.87
237.59
239.54
241.68
243.61
245.37
246.68
247.61
248
247.71
247.07
246.15
244.41
243.52
242.74
241.91
240.9
240.17
239.82
240.09
237.82
235.13
232.12
228.51
224.55
220.35
216.04
211.25
203.11
195.38
191.87
188.71
186.29
183.28
180.49
177.98
175.76
173.85
172.18
170.74
169.07
166.85
165.53
164.77
164.38
164.1
163.88
164.06
167.58
170.76
169.61
168.25
166.63
164.74
162.62
160.23
157.53
154.7
151.9
149.05
140.42
132.61
130.26
127.72
125.16
122.72
120.35
118.05
115.82
113.63
111.58
109.62
107.76
106.04
104.37
102.76
101.3
99.76
97.94
95.99
99.87
103.47
100.71
97.72
94.44
90.9
87.14
83.23
78.97
73.44
69.1
64.87
60.59
55.49
50.5
45.64
41.4
37.8
34.3
30.88
27.58
24.43
21.43
18.59
16
13.63
11.5
9.57
8.1
8.1
7.02
5.95
5.04
5.04
5.04
5.04
4.52
3.52
2.69
1.99
1.41
0.96
0.62
0.38
0.18
0.06
0
0
0
0
0
0
0
0
0
0
0
0
0
0
0
0
0
0
0
0
0
0
0
0
0
0
0
0
0
0
0
0
0
0
0
0
0
0
0
0
0
0
0
0
0
0
0
0
0
0
0
0
0
0
0
0
0
0
0
0
0
0
0
0
0
0
0
0
0
0
0
0
0
0
0
0
0
0
0
0
0
0
0
0
0
0
0
0
0
0
0
0
0
0
0
0
0
0
0
0
0
0
0
0
0
0
0
0
0.06
0.19
0.43
0.76
1.2
1.79
2.53
3.46
4.52
4.52
4.52
5.62
6.72
6.89
7.95
9.16
10.52
12.1
13.92
15.81
17.66
19.15
21.22
22.9
24.6
26.65
28.62
30.5
32.36
35.35
38.5
40.32
40.82
44.35
47.01
49.69
52.09
54.67
57.39
60.22
63.31
66.12
66.89
65.89
63.76
61.12
62.41
59.6
62.3
65.86
69.37
72.63
74.53
76.23
77.34
81.21
85.52
89.65
93.8
98.13
102.48
107.53
114.1
123.13
133.56
144.34
151.37
162.55
168.25
173.03
177.79
183.11
191.22
197.37
204.18
208.16
208.21
199.92
201.67
203.94
204.63
201.33
199.63
196.79
197.11
195.86
195.79
194.3
184.11
172.78
172.93
173.12
173.17
173.27
173.14
169.65
162.69
173.21
172.72
171.93
172.38
176.62
179.02
182.07
181.37
181.63
180.29
180.03
188.37
197.91
195.89
193.72
190.82
185.24
181.92
176.75
183.59
183.13
183.43
183.38
183.61
184.04
184.65
185.48
186.58
188.05
189.76
191.91
194.25
196.6
199
201.44
204.71
210.72
214.59
223.67
227.96
230.31
232.48
234.29
235.78
236.79
237.9
233.7
222.57
222.5
222.54
221.86
220.63
219.04
217.21
215.42
213.55
211.55
209.41
206.88
204.04
201.08
198.11
195.19
192.28
189.55
186.41
188.26
196.98
186.18
174.81
172.14
170.41
168.84
167.34
165.49
163.13
160.99
158.93
157.12
155.37
153.39
151.28
149.15
147.03
145.06
143.37
141.78
140.17
146.84
153.32
151.65
149.63
147.67
142.83
134.51
130.08
127.6
124.23
121.94
120.15
118.74
117.31
115.8
114.23
112.42
110.31
108.21
105.89
103.38
101.25
98.83
92.41
85.64
85.37
88.54
87.82
82.36
78.13
72.59
66.67
61.1
57.18
53.24
49.45
45.75
42.12
38.48
34.99
31.63
28.39
25.25
25.77
26.64
23.9
21.89
20.32
21.3
21.93
22.51
22.61
22.13
20.15
18.84
17.37
16.07
14.93
13.54
12.25
11.04
10.19
9.44
8.51
7.64
6.86
5.71
4.64
3.79
2.97
2.39
2.29
2.29
2.29
1.79
1.45
1.08
0.72
0.72
0.72
0.72
0.45
0.2
0.2
0.2
0.52
0.8
1.04
1.12
1.22
1.37
1.49
1.58
1.63
1.67
1.67
1.67
1.67
1.67
1.67
1.67
1.67
1.67
1.67
1.67
1.35
1.06
0.82
0.62
0.44
0.29
0.18
0.09
0.03
0
0
0
0
0
0
0
0
0
0
0
0
0
0
0
0
0
0
0
0
0
0
0
0
0
0
0
0
0
0
0
0
0
0
0
0
0
0
0
0
0
0
0
0
0
0
0
0
0
0
0
0
0
0
0
0
0
0
0
0
0
0
0
0
0
0
0
0
0
0.05
0.24
0.65
1.22
2
3.02
4.24
5.67
7.27
8.56
9.3
9.3
9.3
9.3
9.74
9.74
10.87
10.87
13.42
16.7
16.65
16.46
19.65
20.33
19.55
22.3
23.67
24.4
26.45
28.52
29.61
33.64
37.28
39.57
42.46
46.85
50.09
54.51
56.48
57.89
62.75
67.79
69.47
73.79
79.21
80.88
84.84
89.55
93.05
97.24
103.31
106.92
109.55
111.97
111.45
107.06
105.91
101.49
96.97
92.28
95.94
99.66
101.25
95.68
90.25
90.72
88.29
81.43
80.05
80.46
76.67
69.03
70.49
73.6
77.66
80.36
77.14
85.62
90.41
90.41
81.9
81.63
84.75
94.96
104.86
108.44
114.94
125.79
131.1
134.46
141.05
147.26
139.52
140.27
144.85
153.45
165.23
168.42
175.16
186.5
197.82
200.87
202.62
201.78
197.6
198.37
193.94
193.01
193.25
193.18
193.6
198.39
209.27
211.2
210.37
209.56
208.16
206.79
205.46
204.1
203.38
202.44
201.26
202.37
207.12
207.52
212.15
213.24
213.06
213.14
213.47
214.08
214.98
216.4
217.76
219.22
221.05
223.07
225.34
228.08
230.22
232.27
233.69
235.2
237.05
238.64
239.98
241.11
241.89
242.23
242.14
241.53
240.39
238.81
236.91
234.7
231.94
228.72
225.02
220.56
215.59
210.75
206.49
202.14
197.36
192.6
187.76
182.9
178.34
174.17
170.41
167.08
164.22
161.76
159.61
157.76
156.2
155.01
154.2
153.96
154.26
154.18
150.52
145.17
144.02
143.5
142.93
142.15
141.06
139.66
137.95
135.95
133.69
131.22
128.61
126.17
123.79
121.35
115.92
110.9
107.75
102.77
100.63
102.55
100.24
96.95
93.65
90.67
87.7
85.26
82.78
79.91
77.18
74.37
71.32
67.83
63.56
59.07
57.52
55.25
50.94
49.16
48.11
44.61
41.17
38.06
35.03
31.86
28.78
25.3
21.97
19.14
16.36
13.77
11.51
9.55
8.31
7.31
6.34
5.61
5
4.01
3.16
2.43
1.79
1.25
0.81
0.47
0.23
0.07
0
0
0
0
0
0
0
0
0
0
0
0
0
0
0
0
0
0
0
0
0
0
0
0
0
0
0
0
0
0
0
0
0
0
0
0
0
0
0
0
0
0
0
0
0
0
0
0
0
0
0
0
0
0
0
0
0
0
0
0
0
0
0
0
0
0
0
0
0
0
0
0
0
0
0
0
0
0
0
0
0
0
0
0
0
0
0
0
0
0
0
0
0
0
0
0
0
0
0
0
0
0
0
0
0
0
0
0
0
0
0
0
0
0
0
0
0
0
0
0
0
0
0
0
0
0
0
0
0
0
0
0
0
0
0
0
0
0
0
0
0
0
0
0
0
0
0
0
0
0
0.1
0.32
0.68
1.25
2
2.89
3.98
5.29
6.88
7.98
9.37
11.03
11.97
13.33
15.03
16.97
19.16
20.07
20.07
20.07
23.02
26.2
29.4
32.53
35.68
38.99
42.19
44.9
46.34
49.8
52.5
56.25
61
65.46
69.85
74.37
78.96
85.08
92.39
100.08
104.89
109.46
114.07
118.72
122.34
126
130.43
134.14
139.63
144.53
150.09
154.44
158.68
163.02
167.23
171.22
175.05
178.83
182.47
185.74
189.03
192.54
196.18
199.79
204.33
208.74
212.58
217.67
222.07
225.6
228.92
232.02
234.74
237.12
239.41
241.55
243.54
245.35
247.07
248.87
250.65
252.16
253.34
254.33
255.48
256.47
257.07
257.34
257.37
257.17
256.83
256.55
256.45
256.32
255.89
255.24
254.39
253.35
252.03
250.4
248.38
245.97
243.38
240.71
237.64
234.45
231.13
227.69
224.42
221.48
218.83
216.4
213.31
208.38
196.22
184.51
182.63
171.05
159.69
148.55
147.38
146.53
147.21
148.06
148.98
149.88
151.03
152.32
153.41
154.23
154.62
147.85
144.84
139.94
148.65
155.83
152.59
155.84
155.84
162.85
160.48
157.72
153.24
148.34
143.1
137.56
131.61
125.4
118.94
112.06
105.35
105.52
102.47
103.16
97.55
93.06
89.14
88.35
90.61
85.66
80.26
75.07
70.1
65.33
60.81
56.55
52.47
48.59
45.06
41.99
39.04
36.18
33.47
30.91
28.02
25.1
23.04
21.13
19.35
17.68
16.03
14.43
12.91
11.47
10.16
9.99
9.93
9.93
9.89
9.79
9.62
9.35
8.97
8.47
8.35
8.35
7.71
7.15
6.67
6.28
6
5.8
5.69
5.68
5.68
4.69
3.77
2.94
2.21
1.58
1.04
0.62
0.3
0.1
0
0
0
0
0
0
0
0
0
0
0
0
0
0
0
0
0
0
0
0
0
0
0
0
0
0
0
0
0
0
0
0
0
0
0
0
0
0
0
0
0
0
0
0
0
0
0
0
0
0
0
0
0
0
0
0
0
0
0
0
0
0
0
0
0
0
0
0
0
0
0
0
0
0
0
0
0
0
0
0
0
0
0
0
0
0
0
0
0
0
0
0
0
0
0
0
0
0
0
0
0
0
0
0
0
0
0
0
0
0
0
0
0
0
0
0
0
0
0
0
0
0
0
0
0
0
0
0
0
0
0.07
0.33
0.83
1.53
2.44
3.52
4.86
6.4
8.12
9.66
10.71
12.05
13.69
15.65
17.79
20.2
22.99
25.95
29.21
32.95
32.89
32.63
32.74
34.62
38.62
37.54
36.2
40.1
44.03
48.4
52.78
57.65
62.27
66.63
70.98
74.51
78.28
82.14
85.77
85.89
92.28
98.7
104.52
108.39
103.98
109.46
115.47
116.98
117.41
118.79
120.89
120.23
121.27
114.95
116.16
118.79
121.06
123.29
125.65
131.29
134.7
138.35
142.33
146.58
157.04
162.67
167.91
172.24
177.33
181.13
184.5
189.81
193.28
204.22
207.69
210.44
212.94
208.76
210.34
212.67
214.96
217.19
219.17
220.92
222.42
223.9
225.35
226.89
228.62
230.48
232.51
234.5
236.47
237.95
238.82
239.3
239.64
246.26
246.72
245.92
244.66
242.99
241.09
239.13
226.66
223.81
221.4
218.72
215.98
213.27
210.72
208.45
206.42
204.94
204.05
203.55
203.27
203.3
203.7
204.53
205.7
207.19
208.87
210.59
222.78
225.16
227.01
229.03
231.06
232.99
234.68
236.04
237.23
238.16
238.79
239.25
239.54
239.6
239.32
238.66
237.47
235.76
233.74
231.55
229.19
226.74
224.15
221.33
218.23
214.98
211.66
208.32
204.78
200.85
196.7
192.24
187.51
182.68
177.92
173.34
169.04
165.06
154.89
148.83
139
129.32
125.41
121.61
117.35
113.88
110.58
107.47
104.63
102.36
100.39
98.77
97.59
92.84
91.2
90.14
89.13
88.25
93.86
95.5
101.07
106.61
106.51
106.5
107.17
107.14
107.01
106.67
106.05
105.17
104.28
103.33
102.17
104.7
104.13
102.91
97.42
94.24
88.63
86.68
84.58
81.74
79.43
76.94
74.3
71.56
68.79
63.65
61.26
58.77
56.11
53.29
49.31
46.25
43.03
38.69
38.86
37.07
38.67
36.49
34.27
32.61
30.23
27.92
25.63
23.37
21.11
21.25
18.74
16.43
14.33
12.43
11.78
10.32
9.1
9.1
8.93
8.34
6.74
5.3
4.04
2.99
2.16
1.43
0.86
0.43
0.15
0
0
0
0
0
0
0
0
0
0
0
0
0
0
0
0
0
0
0
0
0
0
0
0
0
0
0
0
0
0
0
0
0
0
0
0
0
0
0
0
0
0
0
0
0
0
0
0
0
0
0
0
0
0
0
0
0
0
0
0
0
0
0
0
0
0
0
0
0
0
0
0
0
0
0
0
0
0
0
0
0
0
0
0
0
0
0
0
0
0
0
0
0
0
0
0
0
0
0
0
0
0
0
0
0
0
0.1
0.32
0.68
1.2
1.91
2.79
3.84
5.04
6.38
6.38
6.38
7.56
7.56
8.94
10.45
12.08
13.88
15.82
17.9
20.12
22.26
24.3
23.94
23.42
23.75
25.31
26.86
26.33
28.03
31.42
35.1
37.93
41.93
44.85
43.35
41.71
43.19
46.51
49.21
52.64
56.37
60.41
66.94
72.69
78.78
83.83
88.93
96.2
101.36
106.26
111.06
115.51
119.97
124.31
133.09
142.2
148.27
152.57
157.85
162.78
156.82
150.51
155.69
161.88
166.75
171.25
175.66
179.97
184.14
188.3
192.22
196.21
200.37
204.27
208
211.47
214.76
217.86
220.22
221.88
233.81
243.97
243.61
243.78
244.05
244.46
244.86
245.14
244.69
245.01
245.72
246.67
247.41
248.36
249.21
249.89
250.49
251.2
252.33
253.7
255.7
259.61
260.49
251.98
251.21
252.4
253.35
254.11
255.33
255.47
255.03
254.13
252.57
251.48
250.46
249.48
248.34
234.98
232.31
230.05
227.04
223.7
222.22
229.55
229.12
226.72
224.47
222.38
219.63
217.81
216.34
215.13
214.68
213.69
212.9
212.36
210.36
222.43
223.8
224.88
226.46
228.11
229.72
231.16
232.5
233.75
235.06
235.25
237.47
238.9
240.12
241.03
241.67
242.21
242.55
242.61
244
243.09
241.67
239.78
237.52
235.04
232.11
228.73
224.83
220.37
215.58
211.78
206.61
201.43
196.28
191.25
186.37
181.34
176.24
171.1
166.23
161.73
157.59
153.78
150.32
140.41
130.97
128.87
127.26
126.19
124.74
123.89
123.05
122.14
121.23
120.38
119.47
118.78
111.99
111.3
110.54
109.59
108.43
106.85
104.85
109.24
113.24
110.02
106.44
102.58
99.08
94.8
91.16
87.35
83.28
78.91
74.31
69.38
70.38
65.16
59.77
54.27
48.74
43.59
38.82
34.43
30.43
26.77
23.46
20.4
17.63
15.15
12.2
9.57
7.29
5.35
3.73
2.43
1.43
0.69
0.22
0
0
0
0
0
0
0
0
0
0
0
0
0
0
0
0
0
0
0
0
0
0
0
0
0
0
0
0
0
0
0
0
0
0
0
0
0
0
0
0
0
0
0
0
0
0
0
0
0
0
0
0
0
0
0
0
0
0
0
0
0
0
0
0
0
0
0
0
0
0
0
0
0
0
0
0
0
0
0
0
0
0
0
0
0
0
0
0
0
0
0
0
0
0
0
0
0
0
0
0
0
0
0
0
0
0
0
0
0
0
0
0
0
0
0
0
0
0
0
0
0
0
0
0
0
0
0
0
0
0
0
0
0
0
0
0
0
0
0
0.07
0.27
0.6
1.11
1.82
2.73
3.94
5.43
7.25
9.09
10.39
11.84
13.49
15.35
15.35
17.76
19.45
21.88
25.29
26.75
30.57
30.37
31.49
35.26
38.9
42.55
45.78
48.99
52.17
55.64
60
64.52
69.07
70.74
70.74
68.33
73.22
76.81
80.25
85.78
88.96
96.14
102.15
105.64
109.29
112.61
116.29
119.53
122.28
124.65
126.66
128.43
130.11
134.58
140.99
143.96
145.41
148.31
150.53
152.89
155.46
158.24
160.87
162.64
164.95
167.54
168.28
166.81
170.18
173.83
177.7
181.65
185.66
189.75
195.45
204.56
208.63
211.88
215.02
218.05
220.78
223.32
225.98
229.5
231.37
234.39
239.18
241.38
230.26
232.67
234.59
236.1
237.18
237.89
238.5
239.07
239.55
239.84
240.03
239.8
239.34
238.69
237.55
235.87
234.94
232.67
230.3
232.91
244.25
241.75
239.72
238.11
236.87
235.88
235.09
234.52
234.12
233.84
233.66
233.78
234.13
234.53
234.92
235.4
235.91
236.42
236.81
237.06
237.18
237.39
237.42
235.48
234.53
234.13
233.61
232.83
231.85
230.68
229.24
227.56
225.78
223.79
221.98
220.12
218.18
216.26
214.28
212.25
210.11
207.76
205.23
204.27
201.93
198.63
194.99
191.14
186.5
182.45
178.56
174.75
170.88
167.13
163.34
159.71
156.21
152.47
148.64
144.76
140.98
137.33
133.8
130.45
127.39
124.69
122.38
120.46
119.49
118.16
116.88
115.64
114.3
112.84
111.21
109.38
107.44
105.59
103.95
102.33
100.62
99.45
98.03
95.37
93.22
90.65
87.42
84.05
80.38
76.3
71.98
67.82
63.78
59.87
56.11
52.46
48.84
45.2
41.44
37.69
33.99
29.69
25.74
23.05
19.84
17
14.76
12.58
10.68
9.11
7.84
6.47
5.22
4.09
3.07
2.18
1.43
0.83
0.4
0.13
0
0
0
0
0
0
0
0
0
0
0
0
0
0
0
0
0
0
0
0
0
0
0
0
0
0
0
0
0
0
0
0
0
0
0
0
0
0
0
0
0
0
0
0
0
0
0
0
0
0
0
0
0
0
0
0
0
0
0
0
0
0
0
0
0
0
0
0
0
0
0
0
0
0
0
0
0
0
0
0
0
0
0
0
0
0
0
0
0
0
0
0
0
0.07
0.22
0.48
0.79
1.17
1.59
2.05
2.58
3.15
3.15
3.15
3.62
4.14
4.74
5.41
6.13
6.91
7.78
8.33
8.99
10
10.94
11.78
12.58
13.35
14.11
14.88
14.39
15.27
17.03
18.52
20.07
19.55
18.95
18.28
20.09
22
23.6
25.63
26.28
25.2
27.35
29.65
28.53
27.39
30.06
32.74
36.88
39.83
38.07
40.11
42.64
46.2
46.2
50.88
50.56
52.68
55.01
57.13
60.44
63.43
61.79
58.41
60.23
63.94
64.86
65.86
66.59
67.02
71.75
68.22
68.69
69.72
69.72
68.4
70.7
71.5
70.83
66.13
66.71
69.58
70.99
70.99
73.11
76.24
78.44
78.57
73.67
74.27
69.55
69.55
71.33
74.39
82.46
87.58
91.74
95.03
100.19
109.84
114.63
118.92
126.18
136.31
142.5
145.93
149.5
155.3
166.47
172.55
184.3
196.2
201.38
205.94
210
213.61
217.18
220.63
223.72
226.56
229.02
231.36
233.51
235.07
237.18
238.98
240.43
241.54
242.31
242.75
243.01
243.2
243.11
242.63
241.45
240.83
239.95
238.79
237.55
236.13
234.77
233.45
232.24
231.85
230.88
230.09
229.32
228.48
225.82
224.69
223.36
221.91
220.78
220.08
220.41
220.4
220.52
221
221.59
222.31
223.07
223.83
224.65
225.58
226.56
219.91
208.68
209.79
212.72
214.03
215.37
216.7
217.76
218.29
212.89
212.28
210.98
209.9
208.68
207.36
205.95
204.32
202.35
199.99
197.37
202.3
211.8
208.94
206.04
203.04
199.96
196.78
193.52
182.79
176.91
173.55
171.34
168.53
165.48
162.42
159.02
155.44
151.75
148.13
144.77
141.52
138.21
134.92
131.64
128.48
124.75
121.71
113.12
117.3
122.24
120.4
118.2
116.31
114.89
113.62
112.8
112.39
112.35
112.46
112.38
112.08
111.76
111.41
110.95
110.4
110.6
110.22
115.48
115.56
115.5
114.4
112.84
110.74
108.11
105.07
101.67
97.98
94.01
89.84
85.58
81.35
77.29
73.2
69.14
65.03
60.76
56.44
52.08
47.81
43.62
39.62
35.83
32.35
29.16
26.21
23.42
20.82
18.42
16.25
14.66
13.2
11.67
10.27
8.99
7.83
6.81
5.86
5.01
4.23
3.53
2.98
2.56
2.24
2.02
1.88
1.85
1.85
1.85
1.85
1.49
1.17
0.9
0.66
0.45
0.28
0.15
0.07
0.02
0
0
0
0
0
0
0
0
0
0
0
0
0
0
0
0
0
0
0
0
0
0
0
0
0
0
0
0
0
0
0
0
0
0
0
0
0
0
0
0
0
0
0
0
0
0
0
0
0
0
0
0
0
0
0
0
0
0
0
0
0
0
0
0
0
0
0
0
0
0
0
0
0
0
0
0
0
0
0
0
0
0
0
0
0
0
0
0
0
0
0
0
0
0
0
0.08
0.24
0.48
0.81
1.25
1.79
2.44
3.19
4.06
4.57
5.26
6.1
7.08
8.16
9.34
10.66
12.22
14.02
16.01
17.58
19.21
20.9
21.72
23.65
24.62
26.5
28.45
28.41
30.56
33.27
36.02
38.82
41.62
44.49
47.42
50.3
53.04
55.46
57.84
60.65
63.41
65.16
65.13
62.87
65.03
66.45
69.59
70.88
73.12
69.9
72.1
74.96
77.99
81.1
84.29
87.64
91.06
94.86
98.69
102.72
106.87
111.99
119.85
128.86
134.26
138.72
141.9
139.9
135.6
144.7
147.51
149.99
152.06
153.91
155.56
148.01
144.98
145.86
146.59
147.29
147.95
148.53
149.01
149.47
150.22
149.09
149.21
159.47
168.81
169.9
171.65
173.03
174.61
176.28
178.01
188.8
195.17
197.59
197.41
199.89
201.59
203.95
206.32
208.63
210.7
215.22
217.84
219.36
221.13
223.28
225.66
227.9
230.01
231.96
233.66
235.13
236.18
224.86
227.84
222.91
222.71
222.31
221.67
220.85
219.91
218.98
218.09
217
215.31
213.11
210.64
208.28
206.13
204.24
202.64
201.35
200.31
211.54
211.18
216.01
216.81
217.19
217.79
218.52
214.02
214.91
215.69
216.42
217.43
218.7
219.83
220.74
221.4
221.83
222.04
221.78
221.13
220.2
218.85
217.14
215.11
212.77
210.11
207.19
209.37
206
202.58
199.07
195.43
191.57
187.74
183.67
172.58
167.27
162.22
156.33
151.69
147.15
143.05
139.32
135.93
132.92
130.27
127.99
125.97
124.11
122.43
120.94
119.61
118.35
117.09
115.93
121.71
121.68
121.55
122.56
122.56
122.56
122.21
121.53
119.93
118.6
116.36
114.48
112.56
110.7
108.75
106.74
104.63
102.58
100.69
98.93
97.24
95.51
93.56
91.47
89.28
86.98
84.75
80.58
78.44
76.37
74.98
73.04
71.03
68.91
66.79
64.57
60.26
57.9
53.66
50.18
47.69
43.7
39.84
37.15
33.55
30.08
26.75
25.55
23.43
20.72
18.92
17.04
15.13
13.21
11.22
9.32
9.56
7.85
7.98
7.36
5.76
5.76
5.76
4.71
4.71
4.71
4.71
4.71
4.42
4.25
3.27
2.47
1.82
1.29
0.92
0.62
0.38
0.19
0.07
0
0
0
0
0
0
0
0
0
0
0
0
0
0
0
0
0
0
0
0
0
0
0
0
0
0
0
0
0
0
0
0
0
0
0
0
0
0
0
0
0
0
0
0
0
0
0
0
0
0
0
0
0
0
0
0
0
0
0
0
0
0
0
0
0
0
0
0
0
0
0
0
0
0
0
0
0
0
0
0
0
0
0
0
0
0
0
0
0
0
0.08
0.25
0.51
0.87
1.33
1.87
2.49
3.21
3.99
4.34
4.77
5.28
5.85
6.55
7.41
8.39
9.48
10.69
12.06
13.55
13.47
14.93
14.66
14.3
13.84
15.43
17.05
18.37
17.59
19.68
20.13
22.32
24.6
26.92
28.1
27.12
29.22
31.29
33.37
32.9
32.9
35.18
39.19
43.27
47.45
47.6
49.8
52.38
52.38
53.19
55.92
58.67
61.5
64.34
68.31
68.31
67.16
70.88
74.52
73.5
73.5
77.02
73
74.54
77.67
80.93
76.64
75.08
80.78
80.8
77.19
71.74
73.7
76.62
79.71
84.39
90.62
83.61
84.69
85.57
86.17
88.89
95.9
100.84
104.06
108.88
118.98
126.17
130.91
138.07
148.51
156.05
158.71
160.31
161.52
167.2
169.38
179.92
182.28
190.67
196.17
195.8
198.52
197.58
196.76
196.36
196.3
196.49
196.69
193.21
193.94
189.88
191.03
192.22
193.65
195.17
196.69
198.12
199.69
200.37
205.76
208.18
210.69
213.13
215.27
216.91
218.25
219.22
219.92
224.31
224.58
232.71
232.35
231.83
231.68
231.27
230.69
230.03
229.15
230.3
230.07
229.28
228.63
228.35
228.46
229.11
229.87
230.82
231.86
232.97
233.9
234.58
235.69
236.81
237.34
238
238.82
239.66
240.6
241.61
242.42
242.95
243.18
243.11
242.76
241.86
240.71
239.39
237.88
236.13
234.26
232.27
230.13
227.79
225.15
222.23
219.01
215.62
212
208.12
204
199.91
195.75
191.52
187.12
182.65
178.02
173.09
167.98
162.75
157.5
152.28
147.1
141.96
137.16
132.65
128.4
124.37
120.56
116.93
113.58
110.28
105.48
102.48
99.76
97.56
95.96
94.78
89.02
88.44
87.88
87.32
86.89
86.54
86
85.22
82.13
77.4
74.95
74.02
72.99
71.81
72.19
70.82
69.28
67.18
64.55
61.75
63.74
60.03
56.35
53.71
51.07
48.51
46.07
43.83
43.73
45.17
44.22
41.72
39.21
35.83
33.48
30.38
28.07
26.37
24.89
23.44
22.01
21.28
20.62
18.99
17.38
15.74
14.08
12.41
10.86
9.42
8.11
6.93
5.87
5.87
4.99
4.99
4.37
3.47
2.68
2
1.44
0.98
0.63
0.38
0.19
0.07
0
0
0
0
0
0
0
0
0
0
0
0
0
0
0
0
0
0
0
0
0
0
0
0
0
0
0
0
0
0
0
0
0
0
0
0
0
0
0
0
0
0
0
0
0
0
0
0
0
0
0
0
0
0
0
0
0
0
0
0
0
0
0
0
0
0
0
0
0
0
0
0
0
0
0
0
0
0
0
0
0
0
0
0
0
0
0
0
0
0
0
0
0
0
0
0
0
0
0
0
0
0
0
0
0
0
0
0
0
0
0
0
0
0
0
0
0
0
0
0
0
0
0
0
0
0
0
0
0.1
0.28
0.57
0.96
1.49
2.17
3.09
4.37
5.86
7.12
7.12
7.12
9.22
11.65
14.41
16.46
16.46
18.15
21.25
24.74
28.42
32.34
36.46
40.74
45.13
49.41
53.73
57.82
61.98
66.6
72.79
79.38
84.24
89.11
94.02
99.8
107.72
114.09
119.14
123.82
128.26
132.43
136.33
131.66
135.12
138.65
139.08
142.48
145.72
148.83
151.82
151.58
154.07
156.34
158.23
160.07
162.08
164.16
158.85
161.24
163.72
166.19
168.89
180.22
183.43
186.67
192.8
195.21
198.28
200.69
203.14
209.4
212.78
216.21
219.81
223.41
226.82
230.02
240.52
243.21
245.8
248.31
250.47
252.07
240.59
233.43
233.6
234.93
235.33
236.03
236.26
235.23
233.77
231.93
229.81
227.46
225.12
222.88
220.66
218.67
216.81
215.15
213.77
212.85
224.96
232.67
233.04
232.88
232.87
233.35
234.09
235.11
236.3
237.66
239.18
240.73
242.02
243.11
244.13
244.83
245.2
245.26
244.35
232.33
231.16
227.34
225.49
223.48
221.3
218.54
215.59
212.2
208.48
204.57
200.37
196.15
192.07
187.9
183.62
179.44
175.39
171.42
168.13
175.64
172.08
171.19
168.28
165.5
162.82
160.53
158.47
156.95
155.87
154.81
153.7
152.42
150.39
149.13
147.8
146.33
144.64
142.8
140.9
136.18
134.13
132.06
130.02
128.11
126.39
124.61
122.64
120.38
117.91
115.61
113.66
111.94
110.99
109.47
108.19
107.09
106.29
105.74
105.37
102.58
102.18
101.42
100.3
98.79
96.87
94.86
92.85
90.94
89.13
83.89
79.62
77.2
74.52
71.51
68.21
64.64
60.73
56.47
51.89
53.96
50.8
47.78
44.86
42.03
39.24
36.33
33.34
30.19
26.9
26.9
25.88
23.02
20.47
18.25
16.31
14.66
13.31
12.27
11.55
9.48
7.59
5.89
4.37
3.07
1.99
1.18
0.57
0.18
0
0
0
0
0
0
0
0
0
0
0
0
0
0
0
0
0
0
0
0
0
0
0
0
0
0
0
0
0
0
0
0
0
0
0
0
0
0
0
0
0
0
0
0
0
0
0
0
0
0
0
0
0
0
0
0
0
0
0
0
0
0
0
0
0
0
0
0
0
0
0
0
0
0
0
0
0
0
0
0
0
0
0
0
0
0
0
0
0
0
0
0
0
0
0
0
0
0
0
0
0
0
0
0
0
0
0
0
0
0
0
0
0.09
0.24
0.49
0.81
1.23
1.79
2.48
3.33
4.32
4.9
5.7
5.7
6.57
8.15
9.97
12.08
13.75
15.65
17.8
20.2
22.63
25.16
27.84
28.54
28.14
30.36
33.19
32.34
35.06
38.3
37.51
41.67
45.02
47.79
48.83
49.35
52.79
51.15
53.31
56.39
59.32
62.17
64.88
69.66
75.77
79.54
82.9
84.94
88.04
89.04
93.55
97.41
101.56
105.71
108.69
113.91
117.98
127.02
132.17
136.39
140.91
145.64
150.47
155.29
159.79
163.9
167.8
176.79
181.21
187.85
195.02
198.77
202.22
205.43
211.06
214.55
216.74
218.87
221.03
223.18
225.34
215.08
208.93
210.8
212.73
214.71
216.54
216.31
217.66
218.77
219.61
220.31
220.89
221.77
223.1
224.73
226.3
227.73
229.04
230.05
230.59
243.15
251.29
251.15
250.85
250.41
249.86
251
250.24
249.35
248.4
247.5
246.73
245.68
244.29
242.56
240.71
237.87
236
233.57
232.14
230.85
229.7
228.67
226.68
215.68
215.19
214.85
214.63
214.67
214.92
215.23
215.55
215.97
216.48
217.21
218.09
220.05
220.79
222.08
222.47
222.78
222.99
223.15
224.28
234.37
233.94
233.22
232.15
230.65
228.73
226.41
223.75
220.86
217.77
214.45
210.91
204
200.31
196.48
192.48
188.26
183.86
179.24
174.35
169.42
164.75
160.53
149.99
146.64
143.73
141.29
139.23
137.33
135.56
133.99
132.6
134.52
133.32
132.02
130.87
129.96
129.16
128.48
128.14
127.93
126.79
125.93
128.23
126.53
124.36
121.65
118.58
115.28
111.86
108.2
104.32
97.34
93.77
87.17
83.02
79.36
74.22
70.47
66.59
62.54
59.04
54.83
53.98
48.81
44.58
41.2
38.35
35.79
33.03
29.62
26.44
26.44
23.11
23.11
21.97
27.52
27.51
26.2
24.98
23.95
23.17
22.68
21.57
22.38
22.86
22.84
22.51
22.05
21.9
22.62
23.3
23.92
24.47
24.99
23.8
15.86
14.68
13.56
12.64
11.65
10.59
9.51
9.17
8.36
7.7
7.06
6.44
5.88
5.38
4.88
4.37
3.89
3.45
2.98
2.98
2.59
2.59
2.59
2.43
2.36
2.36
2.36
2.36
2.36
1.94
1.56
1.23
0.94
0.69
0.47
0.29
0.15
0.05
0
0
0
0
0
0
0
0
0
0
0
0
0
0
0
0
0
0
0
0
0
0
0
0
0
0
0
0
0
0
0
0
0
0
0
0
0
0
0
0
0
0
0
0
0
0
0
0
0
0
0
0
0
0
0
0
0
0
0
0
0
0
0
0
0
0
0
0
0
0
0
0
0
0
0
0
0
0
0
0
0
0
0
0
0
0
0
0
0
0
0
0
0
0
0
0
0
0
0
0
0
0
0
0
0
0
0
0
0
0
0
0
0
0
0
0
0
0
0
0
0
0
0
0
0
0
0.11
0.34
0.71
1.31
2.15
3.18
4.45
5.94
7.72
8.76
10.04
11.62
13.24
15.25
17.74
20.74
24.23
28.25
32.66
37.38
42.25
47.18
52.18
57.09
61.98
66.78
71.47
74.2
78.81
84.65
85.62
91.09
89.47
95.5
93.01
90.01
86.52
89.92
92.67
96.32
99.89
100.31
104.16
108.06
111.98
116.17
120.5
126.91
131.14
134.91
143.27
146.98
158.07
161.47
173.17
185.22
197.59
202.81
208.56
213.42
218.3
226.24
230.56
234.65
238.48
241.96
245.25
248.31
251.48
254.62
258.01
261.32
264.32
266.75
268.69
270.03
270.74
270.86
270.44
269.47
268.11
266.44
264.57
262.67
260.63
258.44
255.96
253.2
250.1
246.82
240.32
236.43
232.32
228.47
224.97
221.86
219.19
217.03
215.25
213.7
212.39
211.39
210.67
210.09
209.82
198.52
197.09
197.69
198.54
199.51
203.24
204.07
204.97
205.72
206.38
204.62
204.86
204.83
204.68
204.54
204.27
203.67
202.75
201.55
199.97
209.36
208.81
206.09
203.12
200.02
196.99
194.15
191.21
188.1
184.6
183.15
179.28
175.25
170.94
166.28
161.5
156.78
152.12
147.59
143.21
138.99
134.96
131.34
128.05
125.02
122.3
119.65
117.28
115.05
113.04
111.11
109.34
107.78
106.51
105.47
104.57
103.76
101.01
95.73
90.51
88.9
86.98
84.57
81.7
78.35
74.47
70.18
66.79
63.26
59.71
56.12
52.41
48.43
44.19
39.8
35.33
30.77
28.15
28.15
28.15
24.59
21.4
18.63
16.23
14.22
12.62
11.38
9.23
7.31
5.57
4.02
2.71
1.71
0.99
0.49
0.17
0
0
0
0
0
0
0
0
0
0
0
0
0
0
0
0
0
0
0
0
0
0
0
0
0
0
0
0
0
0
0
0
0
0
0
0
0
0
0
0
0
0
0
0
0
0
0
0
0
0
0
0
0
0
0
0
0
0
0
0
0
0
0
0
0
0
0
0
0
0
0
0
0
0
0
0
0
0
0
0
0
0
0
0
0
0
0
0
0
0
0
0
0
0
0
0
0
0
0
0
0
0
0
0
0
0
0
0
0
0
0
0
0
0
0
0
0
0
0
0
0
0
0
0
0
0
0
0
0
0
0
0
0
0
0
0
0
0
0
0.1
0.28
0.75
1.48
2.51
3.82
5.3
6.94
8.77
9.06
9.06
9.06
10.42
12.15
14.26
16.72
18.33
21.24
24.44
27.91
31.42
33.46
36.67
39.61
42.3
44.78
47.37
50.02
52.89
57.63
62.86
68.35
72.64
70.91
68.79
66.34
64.73
68.02
65.83
69.22
72.94
78.51
82.92
87.57
92.48
96.94
100.82
105.8
110.41
114.72
119.12
123.53
128.06
138.38
149.04
160.13
171.57
177.08
187.87
186.07
187.61
186.52
189.86
193.06
196.5
188.26
189.02
188.98
179.67
182.48
184.99
187.16
187.89
185.04
174.38
165.64
165.59
160.13
148.33
154.98
157.81
162.87
163.3
162.81
159.86
172.45
176.3
179.65
192.23
192.55
192.64
192.58
193.42
197.59
209.14
218.34
216.56
221.51
232.52
231.71
230.83
229.79
228.55
228.01
229.53
227.72
226.05
224.49
223.06
221.9
221.19
220.93
221.16
221.75
222.63
223.68
226.89
228.62
230.64
232.76
234.9
236.98
238.92
240.68
242.06
239.21
235.03
234.48
233.06
230.77
219.25
214.02
208.95
202.91
195.94
189.71
182.54
174.56
165.81
156.44
146.51
136.21
125.74
115.08
104.05
96.3
89.71
79.37
69.73
60.79
60.85
54.38
47.48
41.29
35.83
29.45
23.81
18.84
14.56
10.92
7.88
5.38
3.31
1.7
0.73
0.55
0.41
0.29
0.19
0.11
0.05
0.02
0
0
0
0
0
0
0
0
0
0
0
0
0
0
0
0
0
0
0
0
0
0
0
0
0
0
0
0
0
0
0
0
0
0
0
0
0
0
0
0
0
0
0
0
0
0
0
0
0
0
0
0
0
0
0
0
0
0
0
0
0
0
0
0
0
0
0
0
0
0
0
0
0
0
0
0
0
0
0
0
0
0
0
0
0
0
0
0
0
0
0
0
0
0
0
0
0
0
0
0
0
0
0
0
0
0
0
0
0
0
0
0
0
0
0
0
0
0
0
0
0
0
0
0
0
0
0
0
0
0
0
0
0
0
0
0
0
0
0
0
0
0
0
0
0
0
0
0
0
0
0
0
0
0
0
0
0
0
0
0
0
0
0
0
0
0
0
0
0
0
0
0
0
0
0
0.05
0.15
0.29
0.49
0.76
1.06
1.4
1.82
2.28
2.5
2.5
2.82
3.22
3.68
3.68
4.27
4.93
5.65
5.65
5.65
6.5
7.12
6.98
7.49
7.67
8.54
9.55
10.62
11.85
13.5
15.57
17.33
19.25
20.24
20.24
22.7
25.38
28.25
32.01
35.96
35.06
34.34
39.3
43.96
49.13
53.7
58.1
56.61
60.96
64.55
68.66
72.79
76.86
81.75
88.15
91.72
95.18
95.88
98.59
97.18
97.18
104.53
106.85
108.59
110.16
111.44
112.84
116.21
117.42
116.09
117.48
118
119.41
120.84
122.24
115.62
116.57
120.13
121.71
127.43
135.89
137.17
135.8
128.67
124.3
121.02
124.01
130.99
134.25
140.79
144.02
148.03
151.08
154.32
157.72
169.16
173.02
176.85
180.65
182.64
186.31
189.96
196.59
209.23
218.84
227.4
225.68
227.89
230.23
232.66
235.07
237.64
240.2
242.47
244.4
245.95
247.17
248.2
238.37
240.45
240.42
240.09
239.41
238.55
238.19
237.95
241.57
240.92
239.91
238.47
236.75
234.95
233.12
231.43
229.99
228.8
227.87
226.01
236
235.72
235.76
236.01
236.41
236.83
236.93
236.95
236.98
237.15
237.39
237.83
238.44
238.95
239.39
239.76
239.93
239.85
239.58
240.35
239.97
239.48
238.63
237.31
235.63
230.43
228.24
225.68
215.49
212.16
208.51
204.41
199.42
194.95
186.22
181.23
176.2
171.26
166.23
160.89
155.39
149.7
144.24
139.23
134.51
133.27
129
125.06
128.62
125.18
122.07
119.47
117.69
113.36
114.87
113.36
111.98
110.62
109.4
108.4
107.41
106.61
105.78
104.82
103.88
103.03
102.27
101.58
101.05
100.64
100.22
99.59
98.93
100.24
99.94
98.89
97.81
96.65
95.4
94.14
92.99
91.79
90.59
89.27
87.73
85.97
83.93
81.67
76.76
71.84
68.15
63.38
60.89
58.26
55.41
52.32
48.97
45.48
41.92
38.34
34.62
30.89
27.1
23.49
20.14
16.99
14.11
11.47
11.47
11.47
10.27
10.27
8.11
6.19
4.56
3.22
2.2
1.43
0.86
0.43
0.15
0
0
0
0
0
0
0
0
0
0
0
0
0
0
0
0
0
0
0
0
0
0
0
0
0
0
0
0
0
0
0
0
0
0
0
0
0
0
0
0
0
0
0
0
0
0
0
0
0
0
0
0
0
0
0
0
0
0
0
0
0
0
0
0
0
0
0
0
0
0
0
0
0
0
0
0
0
0
0
0
0
0
0
0
0
0
0
0
0
0
0
0
0
0
0
0
0
0
0
0
0
0
0
0
0
0
0
0
0
0
0
0
0
0
0
0
0
0
0
0
0
0
0
0
0
0
0
0
0.04
0.14
0.28
0.47
0.75
1.15
1.84
2.82
4.09
5.23
6.69
8.64
10.96
10.96
12.09
12.09
15.28
18.66
18.66
20.81
24.89
28.51
28.37
29.23
34.11
39.06
43.09
47.41
51.45
55.8
59.87
63.33
66.48
72.02
76.44
82.07
83.81
86.2
92.27
96.46
98.87
101.86
108.71
107.65
108.9
103.55
105.45
107.52
109.68
111.49
113.29
115.26
117.13
111.69
113.86
114.36
117.54
120.02
122.28
118.74
115.55
117.44
119.56
128.74
131.92
141.82
145.33
148.41
151.57
155.14
159
162.15
166.77
178.76
183.18
189.36
193.79
198.24
202.54
212.36
221.77
226.01
230.04
234.02
237.68
241.22
244.73
241.14
244.35
247.4
250.06
253.31
254.94
256.37
257.7
258.82
259.6
259.9
260.33
260.67
260.81
260.81
259.29
258.6
257.75
256.56
255.01
248.14
246.22
244.16
242.07
240
238.06
236.18
234.31
232.44
230.66
229.37
228.09
226.98
226
224.96
225.2
224.31
223.29
222.39
221.68
233.13
232.72
232.39
232.17
232.07
232.05
232.05
232.11
232.27
232.42
232.38
232.3
232.15
231.94
231.78
231.59
231.37
231.29
231.07
230.68
229.99
229.03
228.07
226.95
225.69
224.23
222.61
220.7
218.52
216.11
213.37
210.27
206.86
203.2
199.32
195.41
191.69
187.84
184.01
180.12
176.17
172.21
167.87
163.44
158.96
154.49
149.94
145.52
141.12
136.85
132.77
128.95
125.38
122.01
118.85
115.71
112.44
109.28
101.98
94.89
92.25
89.76
87.59
85.58
79.74
77.8
76.1
74.5
73.21
71.99
70.8
69.48
68
66.33
64.45
62.53
60.47
58.25
60.04
62.31
60.17
57.85
55.34
52.64
53.71
50.78
47.64
44.28
40.61
36.82
33.16
29.7
26.45
23.47
20.74
18.19
15.88
13.81
12.02
9.75
7.73
5.93
4.39
3.09
2.03
1.18
0.56
0.16
0
0
0
0
0
0
0
0
0
0
0
0
0
0
0
0
0
0
0
0
0
0
0
0
0
0
0
0
0
0
0
0
0
0
0
0
0
0
0
0
0
0
0
0
0
0
0
0
0
0
0
0
0
0
0
0
0
0
0
0
0
0
0
0
0
0
0
0
0
0
0
0
0
0
0
0
0
0
0
0
0
0
0
0
0
0
0
0
0
0
0
0
0
0
0
0
0
0
0
0
0
0
0
0
0
0
0
0
0
0
0
0
0
0
0
0
0
0
0
0
0
0
0
0
0
0
0
0
0
0
0
0.13
0.35
0.64
1.06
1.61
2.35
3.24
4.35
5.67
5.67
6.62
6.62
8.84
11.36
12.1
14.2
14.2
16.02
19.32
22.96
26.68
30.57
34.48
36.18
35.63
39.72
43.97
48.31
51.56
57.36
62.35
65.22
69.54
73.92
80.59
86.28
94.21
100.42
105.26
110.08
114.85
119.5
124.15
131
140.08
143.76
147.91
151.96
157.2
161.66
166.36
174.33
177.91
171.01
170.84
173.55
176.33
179.13
181.76
184.03
186.34
188.79
189.63
180.65
182.91
186.64
187.94
190.89
193.29
195.03
196.29
197.37
199.09
210.93
215.71
217.4
218.84
220.35
222.13
224.07
225.81
226.07
224.95
237.53
235.38
235.54
237.11
236.63
235.74
234.98
234.81
234.4
234.08
233.88
233.45
232.89
232.3
231.26
229.77
228.05
226.21
225.55
227.71
225.87
227.38
225.81
224.6
223.67
222.8
222.81
222.42
222.32
222.31
222.26
222.4
222.65
223.09
224
225.24
226.69
228.4
230.13
231.91
233.73
235.57
237.28
238.82
240.26
242.26
243.37
244.33
245.13
245.71
245.77
245.33
244.42
243.18
241.46
235.29
232.82
230.06
227.05
223.78
220.13
216.2
212.03
207.64
203.03
198.18
193.19
188.06
182.79
177.47
172.56
167.88
163.42
159.05
154.91
155.07
151.43
148.01
145
142.46
140.43
138.81
137.41
136.27
135.39
134.81
134.47
134.32
134.39
134.69
135.01
135.39
135.76
136.15
136.48
136.71
136.8
136.68
136.11
135.06
133.62
131.84
129.93
127.91
125.68
123.21
120.55
117.8
114.93
111.79
108.31
104.51
100.57
93.79
87.35
82.89
78.3
72.94
68.26
64.94
61.54
58.1
54.59
50.94
47.29
43.65
39.94
36.07
32.09
28.17
24.6
21.39
18.46
18.46
18.24
16.17
14.37
13.49
12.23
9.89
7.85
6.09
4.53
3.23
2.13
1.23
0.56
0.16
0
0
0
0
0
0
0
0
0
0
0
0
0
0
0
0
0
0
0
0
0
0
0
0
0
0
0
0
0
0
0
0
0
0
0
0
0
0
0
0
0
0
0
0
0
0
0
0
0
0
0
0
0
0
0
0
0
0
0
0
0
0
0
0
0
0
0
0
0
0
0
0
0
0
0
0
0
0
0
0
0
0
0
0
0
0
0
0
0
0
0
0
0
0
0
0
0
0
0
0
0
0
0
0
0
0
0
0
0
0
0
0
0
0
0
0
0
0
0.05
0.16
0.36
0.67
1.1
1.69
2.41
3.37
4.64
5.02
6.14
7.15
8.88
10.9
10.9
10.9
13.99
28.94
32.08
32.09
32.04
31.93
35.3
38.74
42.17
45.6
49.07
52.35
55.35
56.19
58.95
62.61
65.73
68.65
73.51
78.37
80.28
70.56
73
78.7
84.73
91.14
94.19
97.31
100.68
104.21
107.89
111.87
116.09
123.59
123.37
124.15
124.13
128.24
132.73
137.63
142.49
147.09
151.26
155.42
150.17
153.09
156.52
159.78
162.66
164.53
166.82
165.92
167.79
162.78
169.82
164.37
167.96
169.76
172.1
174.07
176.13
178.52
181.28
184.05
196.05
199.87
203.23
206.65
210.13
214.16
217.37
223.37
226.38
235.86
237.97
250.54
254.66
244.91
239.16
239.02
239.82
240.18
239.21
226.57
217.87
211.55
210.62
209.59
208.68
208.11
207.68
207.22
206.59
206.24
206.47
207.05
207.49
219.12
225.71
226.56
226.37
226.48
227.51
240.01
248.53
254.6
255.04
255.44
255.67
255.67
255.62
255.64
255.76
255.79
255.57
255.24
255.12
255.26
255.5
255.6
255.43
254.85
254.2
253.45
252.36
250.79
249.13
245.41
243.33
240.39
237.24
234.58
231.78
228.92
225.87
222.54
218.92
215.03
211.11
207.22
203.37
199.65
192.75
189.1
185.5
174.64
170.62
168.41
164.45
161.28
158.25
154.85
151.78
148.98
146.5
144.43
142.76
141.37
140.11
138.84
137.65
136.56
138.77
137.68
136.62
142.9
142.18
141.5
138.7
137.98
137.16
133.03
128.38
125.89
123
119.67
115.96
112.08
108.18
104.41
99.46
94.68
90.34
86.15
81.9
77.51
73.15
68.82
66.54
62.63
58.63
