start_date: 1960-10-01 24:00
start_date: 2013-09-30 24:00
data_date: 1960-10-01 24:00
timestep: 1 DAY
units: cfs
scale: 1.000000
#Series Slot: ReferenceDemands.Upper Klamath Lake [1 cfs]
0
0
0
0
0
0
0
0
0
0
0
0
0
0
0
0
0
0
0
0
0
0
0
0
0
0
0
0
0
0
0
0
0
0
0
0
0
0
0
0
0
0
0
0
0
0
0
0
0
0
0
0
0
0
0
0
0
0
0
0
0
0
0
0
0
0
0
0
0
0
0
0
0
0
0
0
0
0
0
0
0
0
0
0
0
0
0
0
0
0
0
0
0
0
0
0
0
0
0
0
0
0
0
0
0
0
0
0
0
0
0
0
0
0
0
0
0
0
0
0
0
0
0
0
0
0
0
0
0
0
0
0
0
0
0
0
0
0
0
0
0
0
0
0
0
0
0
0
0
0
0
0
0
0
0
0
0
0
0
0
0
0
0
0
0
0
0
0
0
0
0
0.28
0.86
1.78
3.17
5
7.16
9.7
12.68
16.18
18.08
20.42
23.11
23.11
23.11
26.09
30.41
35.25
40.51
45.08
45.08
46.76
46.18
45.27
43.88
45.49
50.55
55.77
60.6
64.79
70.73
75.57
78.66
81.48
88.67
89.62
90.58
85.75
80.79
83.69
89.08
87.11
87.11
87.32
98.6
107.06
111.59
116.51
121.83
127.7
133.63
140.31
148.38
159.45
165.35
175.01
184.04
196.75
209.82
215.6
218.15
220.04
221.98
231.39
220.1
208.2
196.45
199.04
201.84
200.79
202.64
206.72
211.58
215.09
212.66
216.81
223.98
232.93
241.51
250.46
265.01
285.75
306.54
319.64
342.32
365.08
387.99
395.61
402.35
412.23
418.64
422.42
424.82
427.94
437.25
439.07
436.82
434.12
430.8
426.97
422.63
418.06
413.39
409.35
405.94
402.99
400.4
398.19
396.54
395.54
395.31
395.57
396.49
397.96
399.97
402.27
404.76
407.49
410.61
414.07
417.74
421.51
425.35
428.04
429.6
430.07
429.52
428.26
425.23
418.25
414.37
410.54
406.53
402.41
397.09
383.78
362.06
354.15
350.07
346
342.15
338.38
334.56
331.33
328.68
326.53
324.71
322.88
321.68
323.98
321.64
320.55
319.48
318.29
318.07
321.43
329.14
328.88
326.26
322.9
318.75
313.93
308.54
302.44
295.81
288.89
281.95
275.26
268.59
261.14
245.59
228.51
211.57
196.32
185.75
179.01
175.75
168.21
158.43
148.62
138.81
128.96
119.09
109.43
100.01
90.21
79.98
69.29
59.33
50.2
50.32
50.41
50.47
49.05
43.18
38.02
33.57
27.59
22.32
17.72
13.72
10.32
7.5
5.13
3.01
1.58
0.8
0.6
0.43
0.29
0.18
0.09
0.03
0
0
0
0
0
0
0
0
0
0
0
0
0
0
0
0
0
0
0
0
0
0
0
0
0
0
0
0
0
0
0
0
0
0
0
0
0
0
0
0
0
0
0
0
0
0
0
0
0
0
0
0
0
0
0
0
0
0
0
0
0
0
0
0
0
0
0
0
0
0
0
0
0
0
0
0
0
0
0
0
0
0
0
0
0
0
0
0
0
0
0
0
0
0
0
0
0
0
0
0
0
0
0
0
0
0
0
0
0
0
0
0
0
0
0
0
0
0
0
0
0
0
0
0
0
0
0
0
0
0
0
0
0
0
0
0
0
0
0
0
0
0
0
0
0
0
0
0
0
0
0
0
0
0
0
0
0
0.35
1.09
2.26
3.84
5.82
8.24
11.09
14.32
17.91
18.16
18.96
19.88
21.27
23.55
26.36
29.76
32
35.84
40.77
46.33
51.47
55.65
60.27
58.7
56.71
54.3
57.7
62.5
61.66
67.4
73.39
80.61
88.54
95.43
97.54
100.13
100.87
97.02
96.15
99.25
103.13
107.41
110.06
118.68
127.27
135.58
135.4
134.5
140.81
134.85
130.7
122.56
113.25
111.63
116.4
120.24
127.65
138.71
146.11
147.38
142.22
144.05
148.03
152.03
156.16
160.65
167.53
174.01
179.29
194.25
207.27
222.53
236.6
246.42
254.64
263.06
271.18
278.81
286.23
295.36
309.96
317.84
324.45
331.07
337.75
344.38
350.92
356.37
360.67
363.76
365.69
367.59
370.3
369.39
367.66
365.42
362.72
359.71
356.36
353.2
350.34
347.95
346.5
345.32
344.32
343.64
343.12
343.2
343.81
345.06
346.94
349.23
351.93
354.38
357.54
360.76
364.11
367.35
370.15
371.72
372.71
372.71
370.14
367.27
364.26
345.51
326.54
307.4
290.66
285.07
279.7
274.27
268.69
263.64
258.2
252.9
247.59
241.88
236.44
231.27
225.68
219.49
213.75
206.91
198.9
205.32
214.87
223.6
228.99
222.32
214.45
205.84
196.52
186.42
175.47
163.64
151.07
139.11
127.43
116.29
105.44
95.39
86.96
79.27
72.5
66.67
57.61
49.31
42.4
36.23
30.81
26.17
22.34
19.28
16.99
15.5
14.77
13.52
12.3
11.16
11.05
11.11
10.24
9.74
9.44
9.14
8.72
8.31
7.32
6.41
5.61
4.87
4.12
3.43
2.81
2.21
1.87
4.99
5.19
5.39
5.19
5.06
5.27
5.33
5.22
5.14
5.26
5.45
5.63
5.78
5.89
5.95
6.02
6.03
6.01
6.01
5.79
2.67
2.63
2.57
2.49
2.38
2.26
2.12
1.97
1.8
1.62
1.45
1.27
1.12
0.99
0.9
0.83
0.8
0.79
0.79
0.79
0.79
0.63
0.49
0.37
0.27
0.19
0.12
0.07
0.03
0.01
0
0
0
0
0
0
0
0
0
0
0
0
0
0
0
0
0
0
0
0
0
0
0
0
0
0
0
0
0
0
0
0
0
0
0
0
0
0
0
0
0
0
0
0
0
0
0
0
0
0
0
0
0
0
0
0
0
0
0
0
0
0
0
0
0
0
0
0
0
0
0
0
0
0
0
0
0
0
0.26
0.8
1.6
2.67
4.06
5.81
7.94
10.42
13.21
13.21
13.85
14.79
15.95
17.34
18.99
20.94
22.89
24.19
26.56
27.18
26.92
26.38
25.57
26.72
28.85
30.51
31.62
32.29
31.54
33.34
35.65
36.72
35.56
34.17
32.52
30.57
28.62
27.32
27.66
28.89
28.89
28.89
28.89
26.67
23.15
19.73
16.5
13.35
15.68
16.71
13.76
11.74
11.74
13.83
16.29
16.29
16.29
20.93
24.94
30.27
37.26
42.16
45.62
52.02
59.36
67.33
74.92
82.7
78.7
75.87
75.87
81.46
88.73
91.8
93.53
93.53
100.02
102.76
104.15
105.99
108.91
113.86
120.47
124.62
127.94
130.8
133.23
135.25
143.79
154.46
166.18
172.43
177
183.71
190.67
200.58
204.47
208
210.97
212.84
211.99
212.26
210.16
207.33
207.91
208.86
211.13
214.11
218.46
221.45
223.44
225.33
226.91
227.99
228.43
232.13
236.65
240.69
241.93
237.23
236.52
238.02
243.98
251.42
250.97
248.23
245.55
243.8
242.34
240.81
239.21
237.82
236.92
236.57
236.28
232.32
228.71
225.47
225.02
231.16
235.17
235.85
234.21
231.37
226.22
221.04
224.84
227.7
230.31
232.18
234.78
237.69
240.47
243.24
247.41
253.29
257.62
261.6
265.45
268.83
272.09
275.44
278.83
282.19
292.26
303.77
304.89
302.42
288.02
283.06
281.45
278.92
275.98
272.56
268.78
264.7
260.27
255.54
250.56
245.44
240.3
234.51
229
223.36
217.56
212.03
207.24
205.43
214.13
205.09
191.99
186.21
184.27
183.04
181.7
176.98
165.78
158.63
154
149.5
147.44
148.34
144.1
139.43
130.12
120.28
115.22
114.51
115.5
125.48
134.51
135.62
127.96
123.33
120.6
121.06
127.76
130.23
130.14
129.75
126.6
121.17
120.19
119.49
120.75
120.75
116.08
109.96
103.06
93.93
84.9
76.86
75.72
71.43
65.57
60.12
55.18
50.42
45.68
40
34.73
29.4
24.44
19.78
17.91
17.91
20.19
19.46
18.48
19.21
20.58
21.75
21.09
20.04
18.75
17.25
15.49
13.95
12.68
12.68
12.68
12.68
12.68
12.68
12.68
12.68
10.4
8.34
6.54
4.96
3.58
2.42
1.45
0.7
0.23
0
0
0
0
0
0
0
0
0
0
0
0
0
0
0
0
0
0
0
0
0
0
0
0
0
0
0
0
0
0
0
0
0
0
0
0
0
0
0
0
0
0
0
0
0
0
0
0
0
0
0
0
0
0
0
0
0
0
0
0
0
0
0
0
0
0
0
0
0
0
0
0
0
0
0
0
0
0
0
0
0
0
0
0
0
0
0
0
0
0
0
0
0
0
0
0
0
0
0
0
0
0
0
0
0
0
0
0
0
0
0
0
0
0
0
0
0
0
0
0
0
0
0
0
0
0
0
0
0
0
0
0
0
0
0
0
0
0
0
0
0
0
0
0
0
0
0
0
0
0
0
0
0
0
0
0
0
0
0
0
0
0.41
1.17
2.33
3.91
5.93
8.43
11.46
15.03
19.11
19.11
19.87
21.55
23.12
24.18
26.91
30.58
34.72
39.16
44.67
50.96
57.19
63.42
68.95
67.38
66.81
70.47
75.43
80.16
84.43
93.58
102.1
101.94
102.85
101.79
99.06
95.39
100.16
95.72
95.23
101.18
107.49
113.63
108.8
108.8
112.68
112.87
115.28
121.16
127.91
134.07
140.05
153.68
166.27
181.12
195.9
210.95
217.44
233.06
243.7
247.18
250.6
253.89
267.55
285.21
297.4
308.77
316.5
320.77
324.31
327.78
329.1
329.8
331.13
334.96
340.08
345.11
349.95
354.62
359.19
363.48
366.33
368.34
370.51
370.06
369.68
368.82
364.08
356.82
352.44
345.92
341.96
342.02
341.39
338.22
333.53
328.43
323.3
318.43
313.98
310.14
307.5
306.07
305.67
305.98
306.57
307.56
311.93
318.35
321.55
325.82
328.79
327.51
325.47
322.85
318.54
314.18
308.42
300.53
296.28
290.41
281.68
272.3
261.93
250.2
237.19
223.06
208.11
192.54
176.29
160.92
146.43
132.83
120.11
108.19
98.18
88.41
79.57
72.43
61.89
52.54
45.58
38.74
32.52
27.32
23.11
19.84
17.36
15.59
14.55
13.55
12.53
11.57
10.63
9.7
8.8
7.95
7.45
7.06
6.07
5.11
4.23
3.44
2.74
2.14
1.62
1.47
1.36
1.31
1.31
1.3
1.34
1.37
1.38
1.39
1.41
1.41
1.41
1.41
1.41
1.41
1.41
1.41
1.41
1.41
1.41
1.14
0.9
0.69
0.51
0.36
0.24
0.14
0.07
0.02
0
0
0
0
0
0
0
0
0
0
0
0
0
0
0
0
0
0
0
0
0
0
0
0
0
0
0
0
0
0
0
0
0
0
0
0
0
0
0
0
0
0
0
0
0
0
0
0
0
0
0
0
0
0
0
0
0
0
0
0
0
0
0
0
0
0
0
0
0
0
0
0
0
0
0
0
0
0
0
0
0
0
0
0
0
0
0
0
0
0
0
0
0
0
0
0
0
0
0
0
0
0
0
0
0
0
0
0
0
0
0
0
0
0
0
0
0
0
0
0
0
0
0
0
0
0
0
0
0
0
0
0
0
0
0
0
0
0
0
0
0
0
0
0
0
0
0
0
0
0.83
2.45
4.75
7.9
11.87
16.6
22.09
28.34
35.27
35.27
35.27
35.27
39.31
44.78
51.24
58.14
60.52
65.84
74.2
82.19
88.74
94.79
98.85
98.13
96.44
98.43
101.4
103.63
105.24
113.82
122.51
131.28
135.29
138.03
138.82
140.28
147.14
150.71
148.22
147.52
140.14
136.74
141.15
149.72
158.72
163.55
166.91
170.47
174.23
178.2
182.36
186.91
192.74
198.6
205.51
211.22
215.74
220.5
227.12
231.01
244.64
254.68
258.48
253.06
241.78
240.93
237.35
233.98
236.77
240.72
244.56
248.11
251.25
254.56
257.77
261.13
266.04
271.39
278.5
283.64
270.01
260.3
263.53
275.61
292.92
299.37
308.35
317.08
319.37
320.18
320.67
320.57
320.04
318.86
317.52
316.49
314.57
312.49
310.07
310.78
327.74
341
341.9
343.23
344.98
345.94
341.78
341.46
342.94
344.48
346.15
345.6
339.83
342.24
344.9
346.52
347.29
347.47
346.99
346.26
345.18
338.17
319.46
308.92
303.91
300.19
300.77
296.05
283.61
264.75
249.99
243.5
238.05
231.1
222.34
204.32
186.81
180.84
177.16
173.6
170.26
171.65
183.66
187.02
184.89
182.53
181
180.92
186.84
199.08
206.38
207.19
211.61
208.77
206.78
213.89
220.2
214.62
206.41
201.56
196.22
190.54
184.43
177.82
170.11
161.36
151.59
140.72
128.84
116.6
105.21
94.67
84.99
76.45
68.74
61.85
55.72
50.32
45.63
37.83
30.71
24.2
18.33
13.12
8.9
5.63
3.29
1.89
1.43
1.43
1.43
1.43
1.43
1.15
0.91
0.69
0.51
0.36
0.23
0.14
0.07
0.02
0
0
0
0
0
0
0
0
0
0
0
0
0
0
0
0
0
0
0
0
0
0
0
0
0
0
0
0
0
0
0
0
0
0
0
0
0
0
0
0
0
0
0
0
0
0
0
0
0
0
0
0
0
0
0
0
0
0
0
0
0
0
0
0
0
0
0
0
0
0
0
0
0
0
0
0
0
0
0
0
0
0
0
0
0
0
0
0
0
0
0
0
0
0
0
0
0
0
0
0
0
0
0
0
0
0
0
0
0
0
0
0
0
0
0
0
0
0
0
0
0
0
0
0
0
0
0
0
0
0
0
0
0
0
0
0
0
0
0
0
0
0
0
0
0
0.3
0.93
1.92
3.26
5.03
7.22
9.86
12.9
16.32
18.05
20.2
22.87
26.21
30.28
35.06
40.45
40.45
40.45
40.45
43.72
50.68
57.54
64.31
70.42
75.87
81.46
86.77
91.85
96.81
103.72
110.62
117.35
123.64
129.35
134.49
139.13
149.45
160.22
171.38
179.59
184.08
187.01
188.17
191.9
196.74
200.86
205.08
209.92
214.91
219.86
224.39
228.69
230.2
232.84
237.13
241.61
245.99
250.02
253.81
257.54
261.06
265.97
272.49
276.73
280.69
283.81
286.49
273.54
264.9
267.42
265.34
266.32
272.85
277.94
274.81
270.93
270.29
271.17
274.21
277.71
281.62
285.55
289.51
293.2
295.99
299.55
303.3
321.98
335.76
338.06
337.61
335.76
335.46
335.91
342.59
349.11
351.68
353.45
352.54
338.55
319.51
314.34
313.57
313.59
314.16
315.22
301.77
291.27
291.19
293.31
300.59
303.13
303.85
307.24
310.78
314.8
319.34
323.07
327.19
343.64
364.62
371.34
373.34
374.55
375.22
375.23
389.35
400.08
400.34
398.25
398.18
400.83
400.51
396.78
393.09
389.94
387.25
384.89
382.85
381.15
379.78
378.84
378.15
377.67
377.4
377.67
378.41
379.29
380.12
381.06
381.88
382.64
383.55
384.45
366.85
348.81
347.36
344.97
341.51
336.49
330.59
324.5
317.68
310.63
302.69
293.46
283.14
272.25
260.83
248.7
235.68
221.15
209.94
198
203.78
208.67
195.74
182.55
169.35
156.72
144.03
130.83
117.7
104.88
93.04
82.34
72.66
63.76
55.65
48.39
42.34
38.09
30.63
24.04
18.26
13.37
9.28
6.04
3.53
1.71
0.55
0
0
0
0
0
0
0
0
0
0
0
0
0
0
0
0
0
0
0
0
0
0
0
0
0
0
0
0
0
0
0
0
0
0
0
0
0
0
0
0
0
0
0
0
0
0
0
0
0
0
0
0
0
0
0
0
0
0
0
0
0
0
0
0
0
0
0
0
0
0
0
0
0
0
0
0
0
0
0
0
0
0
0
0
0
0
0
0
0
0
0
0
0
0
0
0
0
0
0
0
0
0
0
0
0
0
0
0
0
0
0
0
0
0
0
0
0
0
0
0
0
0
0
0
0
0
0
0
0
0
0
0
0
0
0
0
0
0
0
0
0
0
0
0
0
0
0
0
0
0
0
0
0
0
0
0
0
0
0
0
0
0
0
0
0
0
0
0
0
0
0
0
0
0
0
0
0
0
0
0
0
0
0
0
0
0
0
0
0
0
0
0
0
0
0
0.01
0.04
0.08
0.14
0.21
0.3
1.06
2.33
4.06
6.2
8.99
12.49
16.73
21.7
27.23
27.23
27.23
27.23
27.23
32.13
37.72
43.96
50.78
58.22
66.3
75
83.04
90.09
96.88
103.3
109.19
114.43
119.04
120.84
117.64
122.02
123.05
123.05
123.05
124.73
128.86
132.22
134.16
135.72
138.01
139.99
142.29
146.04
150.24
154.79
160.01
165.76
171.81
180.37
193.74
202.96
201.93
201.93
211.73
220.84
228.29
236.88
246.58
256.18
264.42
272.38
280.4
287.27
293.32
299.06
304.35
309.38
314.08
318.26
321.92
327.73
347.13
366.38
375.58
378.76
380.28
380.73
380.87
380.79
380.68
380.55
379.64
378.48
377.07
375.11
372.35
368.81
364.94
360.96
356.88
352.46
347.39
342.87
338.55
334.73
331.45
328.52
325.93
323.67
321.67
319.9
318.6
317.92
317.22
317.52
318.4
319.65
321.15
322.81
324.69
326.86
329.01
331.29
333.52
334.95
335.5
335.25
334.2
332.31
329.01
325.49
321.42
316.75
312.19
306.74
300.72
294.26
287.38
280.19
272.69
265
257.85
249.88
241.67
228.83
217.43
210.17
204.45
199.4
195.61
192.01
186.68
183.19
181
179.17
177.77
176.73
176.08
175.54
175.17
174.91
174.65
174.59
173.57
175.94
171.36
163.12
153.86
146.33
140.57
136.54
134.16
129.6
123.28
114.67
105
96.57
87.75
79.12
74.93
70.31
65.35
59.94
55.19
51.54
53.3
54.55
55.38
53.92
50.17
44.51
39.36
34.99
31.41
30.11
29.89
28.57
27.71
26.88
21.76
17.17
13.07
9.51
6.56
4.22
2.45
1.21
0.38
0
0
0
0
0
0
0
0
0
0
0
0
0
0
0
0
0
0
0
0
0
0
0
0
0
0
0
0
0
0
0
0
0
0
0
0
0
0
0
0
0
0
0
0
0
0
0
0
0
0
0
0
0
0
0
0
0
0
0
0
0
0
0
0
0
0
0
0
0
0
0
0
0
0
0
0
0
0
0
0
0
0
0
0
0
0
0
0
0
0
0
0
0
0
0
0
0
0
0
0
0
0.35
1.07
2.16
3.58
5.24
7.16
9.36
11.87
14.68
16.5
18.66
18.66
18.66
18.66
19.89
22.54
25.8
29.81
32.66
32.66
32.31
31.58
30.49
29.08
27.42
28.6
31.55
39.96
42.72
45.51
43.35
43.35
43.35
47.77
51.53
55.3
59.85
73.46
76.98
83.49
91.35
100.07
105.1
110.64
119.14
125.22
129.23
127.47
131.07
135.41
143.91
152.33
160.06
162.52
164.47
166.08
166.47
157.22
159.73
162.09
161.89
154.04
154.55
157.95
158.47
158.71
159.16
159.78
160.56
162.02
164.36
166.53
169.85
174.16
178.51
182.33
186.2
190.04
181.17
172.29
164.63
163.77
169.5
173.01
176.46
179.69
181.24
171.45
161.51
156.89
155.39
154.78
146.38
140.31
138.36
139.23
140.91
142.59
156.65
171.04
184.71
193.29
193.92
195.73
194.85
195.8
200.36
216.61
233.04
243.88
251.28
258.19
272.55
284.18
291.47
295.31
298.28
301.23
303.82
305.78
308.18
314.33
317.97
320.03
324.99
328.08
329.02
327.74
327.41
328.29
329.53
331.01
332.62
334.68
336.89
339.09
340.96
342.59
344.52
347.07
349.16
351.74
354.35
357.02
359.31
361.28
363.18
366.69
368.47
368.36
367.36
365.57
363.21
360.4
357.43
354.43
351.46
348.48
345.23
341.45
337.82
331.7
326.41
321.97
317.81
313.85
309.87
305.98
299.44
294.15
288.23
283.77
280.53
264.53
248.68
232.92
217.29
201.79
186.46
171.35
156.82
149.09
148.74
148.03
146.14
131.44
116.87
112.91
114.76
115.85
118
119.06
119.22
132.16
144.78
157.06
169.06
180.82
192.24
203.35
213.89
220.2
216.65
211.09
198.28
198.28
201.96
198.09
189.9
180.54
171.72
164.05
157.04
150.02
143.13
136.32
129.59
123
116.52
109.81
103.29
97.25
91.76
86.71
89.02
90.05
87.93
82.6
80.52
79.15
76.91
73.23
68.56
63.84
59.02
54.2
49.27
44.28
39.34
34.95
30.93
27.2
23.71
20.5
18.19
17.17
15.61
14.17
11.26
8.78
6.63
4.8
3.29
2.09
1.17
0.53
0.18
0
0
0
0
0
0
0
0
0
0
0
0
0
0
0
0
0
0
0
0
0
0
0
0
0
0
0
0
0
0
0
0
0
0
0
0
0
0
0
0
0
0
0
0
0
0
0
0
0
0
0
0
0
0
0
0
0
0
0
0
0
0
0
0
0
0
0
0
0
0
0
0
0
0
0
0
0
0
0
0
0
0
0
0
0
0
0
0
0
0
0
0
0
0
0
0
0
0
0
0
0
0
0
0
0
0
0
0
0
0
0
0
0
0
0
0
0
0
0
0
0
0
0
0
0
0
0
0
0
0
0
0
0
0
0
0
0
0
0
0
0
0
0
0
0
0
0
0
0
0
0
0.2
0.59
1.26
2.34
3.75
5.46
7.54
10.05
13.1
13.1
13.24
13.79
13.79
13.79
15.48
18.16
21.74
21.74
21.74
21.74
24.86
30.03
35.34
34.3
36.53
42.06
47.69
52.45
57
65.29
74.2
82.95
92.64
102.69
111.48
118.84
125.5
128.24
128.24
129.92
138.8
145.7
152.27
152.22
154.78
160.21
165.21
170.84
176.24
181.04
185.21
180.43
179.24
183.3
184.49
187.34
191.65
203.3
217.84
230.97
233.09
229.35
229.18
240.71
234.51
221.83
209.12
203.36
208.63
214.05
219.18
231.94
240.67
244.16
241.71
229.7
224.16
227.99
214.04
199.22
193.24
195.19
194.02
192.07
205.44
221.9
238.76
248.63
247.11
245.04
243.24
242.58
237.51
234.89
242.6
258.76
266.8
265.48
281.66
298.33
306.72
312.78
318.19
325.21
328.43
328.59
328.77
329.17
330.31
331.78
333.62
336.16
343.41
347.76
350.21
352.51
354.76
357.12
359.52
361.93
364.02
366.04
368.23
370.39
372.41
374.25
375.1
374.93
373.63
371.71
368.84
364.78
360.21
355.55
350.68
345.52
340.14
334.44
328.53
322.42
316.52
310.62
304.45
298.37
292.59
287.15
282.47
278.69
275.68
273.22
271.18
269.49
267.96
265.85
263.13
259.95
256.31
252.97
248.71
243.95
238.9
233.09
230.17
226.34
221.29
214.97
207.32
198.3
188.18
177.2
165.44
152.87
139.61
127.03
115.26
104.24
93.97
83.75
74.77
66.55
58.68
51.65
41.95
33.1
25.31
18.61
13.04
8.6
5.15
2.6
0.89
0.04
0
0
0
0
0
0
0
0
0
0
0
0
0
0
0
0
0
0
0
0
0
0
0
0
0
0
0
0
0
0
0
0
0
0
0
0
0
0
0
0
0
0
0
0
0
0
0
0
0
0
0
0
0
0
0
0
0
0
0
0
0
0
0
0
0
0
0
0
0
0
0
0
0
0
0
0
0
0
0
0
0
0
0
0
0
0
0
0
0
0
0
0
0
0
0
0
0
0
0
0
0
0
0
0
0
0
0
0
0
0
0
0
0
0
0
0
0
0
0
0
0
0
0
0
0
0
0
0
0
0
0
0
0
0
0
0
0
0
0
0
0
0
0
0
0
0
0
0
0
0
0
0
0
0
0
0
0
0
0
0
0
0
0
0.01
0.34
1.07
2.16
3.54
5.42
7.75
10.48
13.65
16.94
17.97
17.97
17.97
20.2
20.2
20.2
23.77
27.89
31.59
35.27
40.31
45.6
50.54
49.45
48.07
46.49
49.21
52.27
52.9
52.93
51.9
51.9
55.04
59.5
66.92
74.87
80.37
85.39
90.87
96.46
100.98
105.55
99.87
99.87
99.87
99.57
99.03
103.61
112.17
121.67
134.61
147.78
158.16
165.27
171.75
177.94
183.23
187.88
192.94
198.43
204.01
209.05
224.27
239.51
254.89
270.8
282.29
288.07
291.65
294.85
297.85
300.15
302.13
304.11
290.21
276.07
273.78
278.17
277.63
263.82
260.07
264.11
268.33
272.71
277.07
279.46
280.86
283.23
286.52
288.55
291.33
295.61
292.32
289.86
308.29
327.86
335.06
335.84
340.79
358.15
364.79
363.38
361.7
359.73
357.99
358.11
359.99
361.6
363.01
365.84
368.05
369.31
378.18
385.91
388.46
389.76
391.18
392.79
394.69
396.88
399.3
401.88
404.47
407
408.68
409.31
408.43
406.14
402.89
399.29
395.44
391.3
386.86
382.32
377.79
373.37
369.06
364.81
360.97
357.48
354.38
351.7
349.38
347.38
346.01
345.31
345.27
345.78
346.64
347.55
348.43
349.27
350.2
350.95
351.36
351.32
351
350.46
348.92
346.43
342.97
334.75
323.92
313.24
302.45
291.13
279.89
268.28
255.73
242.3
228.26
216.38
204.21
191.65
178.85
165.66
152.33
139.64
126.94
114.1
101.14
91.84
84.82
77.45
70.04
63.08
55.98
49.27
43.55
38.79
34.88
29.03
23.64
18.95
14.89
11.68
8.94
5.82
3.39
1.69
0.75
0.51
0.34
0.2
0.1
0.03
0
0
0
0
0
0
0
0
0
0
0
0
0
0
0
0
0
0
0
0
0
0
0
0
0
0
0
0
0
0
0
0
0
0
0
0
0
0
0
0
0
0
0
0
0
0
0
0
0
0
0
0
0
0
0
0
0
0
0
0
0
0
0
0
0
0
0
0
0
0
0
0
0
0
0
0
0
0
0
0
0
0
0
0
0
0
0
0
0
0
0
0
0
0
0
0
0
0
0
0
0
0
0
0
0
0
0
0
0
0
0
0
0
0
0
0
0
0
0
0
0
0
0
0
0
0
0
0
0
0
0
0
0
0
0
0
0
0
0
0
0
0
0
0
0
0
0
0
0
0
0
0
0
0
0
0
0
0
0
0
0
0
0
0
0
0
0
0
0
0
0
0
0
0.27
0.88
1.88
3.13
4.71
6.68
8.97
11.57
14.6
14.6
14.6
14.6
14.6
14.6
14.6
16.23
19.42
23.14
27.17
31.86
36.72
41.6
45.79
46.12
44.54
43.5
48.19
53.3
50.27
50.27
58.15
66.9
72.65
72.65
75.44
83.24
81.39
83.37
89.83
95.72
100.41
104.43
109.01
117.34
126.86
134.64
127.66
119.94
126.93
135.33
132.69
129.37
123.63
123.63
131.77
133.81
143.96
149.46
150.33
151.21
152.95
145.83
142.61
144.31
146.2
149.63
162.26
174.97
180.77
181.61
185.72
191.48
203.55
216.07
217.94
219.4
207.91
196.7
187.34
190.24
193.78
206.88
216.31
220.89
225.69
229.8
233.48
237.27
241.21
249.23
257.12
245.93
242.49
248.01
253.23
258.4
276.21
293.74
309
311.68
313.51
314.84
315.58
313.35
312.47
312.87
313.1
313.02
312.49
311.19
310.15
326.64
334.88
334.12
333.72
333.6
334
334.81
335.92
337.21
338.56
339.87
341.15
345.09
347.6
348.62
349.47
350.18
351.01
352.01
352.28
351.72
350.24
347.77
342.26
334.59
328.02
321.84
315.18
307.7
300.09
292.98
285.15
267.25
250.34
232.68
217.06
209.45
202.39
195.21
188.23
181.61
175.25
168.69
163.94
160.41
155.05
148.5
141.77
135.13
127.91
119.54
115.73
121.38
125.33
129.48
131.13
125.23
118.13
110.46
102.42
93.87
84.98
76.87
69.58
62.87
56.63
51.02
46.05
41.81
38.37
35.73
29.36
23.72
18.83
14.68
11.25
7.64
4.78
2.67
1.22
0.45
0.3
0.17
0.09
0.03
0
0
0
0
0
0
0
0
0
0
0
0
0
0
0
0
0
0
0
0
0
0
0
0
0
0
0
0
0
0
0
0
0
0
0
0
0
0
0
0
0
0
0
0
0
0
0
0
0
0
0
0
0
0
0
0
0
0
0
0
0
0
0
0
0
0
0
0
0
0
0
0
0
0
0
0
0
0
0
0
0
0
0
0
0
0
0
0
0
0
0
0
0
0
0
0
0
0
0
0
0
0
0
0
0
0
0
0
0
0
0
0
0
0
0
0
0
0
0
0
0
0
0
0
0
0
0
0
0
0
0
0
0.27
0.8
1.65
2.88
4.53
6.68
9.4
12.67
16.41
16.41
16.41
16.41
17.77
19.88
26.22
26.22
26.8
29.87
33.77
33.77
33.5
32.97
32.58
32.54
34.45
37.61
40.65
43.08
45.03
50.29
50.29
50.29
53.4
51.3
44.96
44.96
44.38
42.49
44.41
44.41
44.41
44.41
47.25
53.44
54.84
54.91
56.06
57.93
60.2
60.5
66.98
75.08
71.49
71.49
77.62
86.51
92.14
96.3
98.69
107.83
116.92
126.12
132.25
134.49
139.55
143.75
136.85
132
134.18
138.88
142.9
145.1
154.26
164.23
168.14
159.24
153.61
156.97
157.89
148.75
139.66
137.88
139.44
141.21
142.65
145.12
157.84
168.52
172.6
176.96
181.53
186.96
193.13
199.66
206.41
223.44
227.5
218.81
219.06
226.83
235.03
242.99
249.31
255.29
261.19
265.94
269.34
271.47
272.31
272.67
272.44
271.5
270.19
268.73
266.92
264.83
275.72
290.65
296.2
303.27
310.23
310.35
308.8
307.6
306.88
307.17
308.73
311.35
314.74
318.38
322.07
325.62
328.84
331.84
334.9
337.89
340.74
343.6
346.42
349.42
351.78
353.44
354.53
349.36
346
344.5
342.05
338.82
335.07
329.64
325.2
321.45
318.03
315.05
312.37
310
307.9
305.78
303.48
300.94
298.6
296.59
294.8
298.75
300.37
299.58
292.39
282.16
278.73
279.78
279.75
279.08
278.15
276.23
273.45
269.96
265.89
261.66
257.5
252.78
247.85
243.15
238.15
232.9
227.3
220.86
212.81
208.12
204.66
197.89
190.96
183.82
175.45
167.51
160.03
153.23
146.19
138.73
130.65
122.72
112.47
102.04
96.68
91
85.21
79.87
82.6
85.22
79.5
73.6
67.51
61.25
55.96
50.84
45.81
40.58
35.99
32.04
28.8
26.15
26.15
26.15
21.45
17.42
13.93
10.9
8.16
5.54
3.46
1.89
0.85
0.31
0.2
0.11
0.05
0.02
0
0
0
0
0
0
0
0
0
0
0
0
0
0
0
0
0
0
0
0
0
0
0
0
0
0
0
0
0
0
0
0
0
0
0
0
0
0
0
0
0
0
0
0
0
0
0
0
0
0
0
0
0
0
0
0
0
0
0
0
0
0
0
0
0
0
0
0
0
0
0
0
0
0
0
0
0
0
0
0
0
0
0
0
0
0
0
0
0
0
0
0
0
0
0
0
0
0
0
0
0
0
0
0
0
0
0
0
0
0
0
0
0
0
0
0
0
0
0
0
0
0
0
0
0
0
0
0
0
0
0
0
0
0
0
0
0
0
0
0
0
0
0
0
0
0
0
0
0
0
0
0
0
0
0
0
0
0
0
0
0
0
0
0
0.25
0.88
1.97
3.46
5.37
7.8
10.95
14.84
19.34
19.34
19.34
19.34
19.34
19.34
23.37
30.79
35.71
41.05
46.94
53.35
59.7
65.83
71.58
77.04
82.2
86.88
89.91
86.03
81.52
88.21
95.15
100.12
106.29
114.19
118.48
119.69
123.66
127.49
128.41
129.99
133.3
136.3
139.46
143.1
147.17
151.74
157.48
157.48
157.48
152.63
157.65
164.75
170.79
175.16
174.14
175.1
178.85
182.44
188.51
193.49
196.87
200.52
203.98
206.7
208.73
210.43
212.49
227.15
242.45
255.44
257.66
245.59
233.38
234.08
242.83
249.46
253.16
256.39
259.96
263.76
267.24
270.86
274.58
278.6
282.88
286.7
289.46
290.98
291.37
292.21
293.81
309.7
325.67
328.53
328.19
328.08
328.23
328.98
329.5
329.82
330.28
330.72
331.28
331.97
329.79
323.51
323.44
325.8
328.7
331.6
334.33
336.84
339.12
341.4
343.63
344.92
345.37
345.17
344.39
342.17
337.89
335.02
332.01
328.33
326.94
329.52
326.02
320.33
314.3
308.01
301.81
295.52
289.18
282.93
276.86
271.42
266.6
262.32
258.27
254.86
241.9
234.2
232
230.17
228.82
227.65
226.6
225.73
225.04
224.56
223.74
222.97
222.26
216.11
210.94
209.02
206.4
203.07
199.47
196.29
204.37
205.17
199.97
194.36
187.64
176.2
164.09
152.13
140.24
128.43
116.95
105.6
94.41
93.69
91.45
85.37
79.31
73.37
67.47
65.48
63.14
60.77
58.34
55.92
53.95
56.13
58.43
59.92
60.67
60.67
60.67
60.67
60.67
55.68
51.21
47.27
43.83
40.83
38.19
31.92
26.18
20.84
15.95
11.47
7.63
4.54
2.25
0.75
0
0
0
0
0
0
0
0
0
0
0
0
0
0
0
0
0
0
0
0
0
0
0
0
0
0
0
0
0
0
0
0
0
0
0
0
0
0
0
0
0
0
0
0
0
0
0
0
0
0
0
0
0
0
0
0
0
0
0
0
0
0
0
0
0
0
0
0
0
0
0
0
0
0
0
0
0
0
0
0
0
0
0
0
0
0
0
0
0
0
0
0
0
0
0
0
0
0
0
0
0
0
0
0
0
0
0
0
0
0
0
0
0
0
0
0
0
0
0
0
0
0
0
0
0
0
0
0
0
0
0
0
0
0
0
0
0
0
0
0
0
0
0
0
0
0
0
0
0
0
0.66
1.97
3.77
6.12
9.12
12.82
17.3
22.56
28.46
28.46
28.46
30.86
33.1
37.26
43.01
49.28
56.12
63.41
71.2
77.97
83.95
90.34
96.99
94.64
91.64
87.95
85.14
79.88
78.16
86.5
95
101.46
108.26
113.24
116.62
119.51
121.8
123.78
125.27
127.78
130.33
130.86
129.97
137.15
144.91
147.76
146.08
146.08
141.9
139.81
139.66
140.06
140.57
141.28
142.29
143.69
145.56
147.63
149.64
151.86
154.55
158.6
163.72
169.59
175.74
186.84
187.5
194.79
210.86
221.9
231.19
240.02
249.16
258.44
267.7
276.74
285.25
293.68
302.43
311.22
320.23
307.96
305.95
314.18
321.02
327.14
345.88
357.49
359.79
360.39
360.27
359.21
357.04
353.96
350.25
346.12
341.99
337.51
332.75
324.88
304
303.98
298.76
293.34
289.4
286.64
284.8
283.73
283.6
284.37
284.38
285.77
289
292.93
297.61
302.66
307.82
313.06
318.26
325.49
345.55
365.58
379.64
382.76
384.36
385.02
385.08
383.84
375.99
370.12
368.44
365.53
361.05
356.03
350.15
343.9
337.39
330.99
324.87
319.84
314.83
310.18
306.27
303.05
300.6
298.56
296.83
296.17
301.77
304.97
305.02
305.33
305.8
306.47
307.73
308.98
310.22
310.74
310.34
308.96
306.44
302.97
298.72
293.83
288.21
283.25
277.99
272.42
266.5
260.34
254.08
247.68
241.17
234.47
227.42
220.49
213.7
207.42
201.74
196.17
190.71
185.23
179.66
173.91
168.05
160.88
153.41
145.6
140.67
135.34
129.57
123.79
117.69
111.35
104.74
97.71
90.28
82.4
74.2
66.57
59.52
53.09
47.31
42.19
37.72
33.92
30.75
28.2
23.06
18.57
14.7
11.04
7.94
5.34
3.26
1.7
0.66
0.14
0.07
0.02
0
0
0
0
0
0
0
0
0
0
0
0
0
0
0
0
0
0
0
0
0
0
0
0
0
0
0
0
0
0
0
0
0
0
0
0
0
0
0
0
0
0
0
0
0
0
0
0
0
0
0
0
0
0
0
0
0
0
0
0
0
0
0
0
0
0
0
0
0
0
0
0
0
0
0
0
0
0
0
0
0
0
0
0
0
0
0
0
0
0
0
0
0
0
0
0
0
0
0
0
0
0
0
0
0
0
0
0
0
0
0
0
0
0
0
0
0
0
0
0
0
0
0
0
0
0
0
0
0
0
0
0
0
0
0
0
0
0
0
0
0
0
0
0
0
0
0
0
0
0
0
0
0
0
0
0
0
0
0
0
0
0
0
0
0
0
0
0
0
0
0
0
0
0
0.31
0.96
1.96
3.43
5.34
7.65
10.48
13.87
17.75
17.75
18.15
19.07
19.07
19.07
21.04
23.49
26.42
29.87
33.91
38.55
43.19
45.94
49.05
52.71
54.88
57.92
61.57
64.92
68.08
75.6
83.14
90.55
99.19
108.34
106.37
107.48
115.04
122.39
129.51
136.41
143.32
152.11
160.13
167.04
174.85
181.33
186.62
191.9
196.98
201.34
205.18
204.77
202.93
203.73
215.28
223.23
212.74
201.94
201.07
199.49
199.24
199.58
200.85
203.06
206.13
209.67
213.53
216.72
220.09
224.52
229.04
237.68
247.62
254.65
260.17
265.44
281.53
281.53
271.23
276.06
281.86
286.3
289.57
291.47
291.99
291.64
290.73
290.13
288.95
286.99
285.18
268.64
258.67
255.8
252.72
249.78
247.45
261.5
275.82
275.56
272.83
270.53
268.31
266.42
263.7
262
261.68
261.51
261.37
261.08
260.53
260.53
253.76
253.78
253.77
253.69
247.81
241.53
238.46
235.69
225.18
210.49
198.2
194.92
193.14
190.74
187.06
183.13
179.38
175.61
171.72
181.52
191
186.1
181.27
176.56
177.67
178.75
173.83
164.56
164.52
171.2
176.87
173.46
169.79
165.95
162.08
158.21
154.22
150.84
147.42
144.22
141.27
138.26
135.12
131.78
128.21
124.48
121.95
123.44
119.31
112.63
104.8
97.99
90.68
83.6
78.45
75.16
72.63
92.78
89.21
85.07
78.54
72.3
67.43
62.17
56.76
51.63
52.39
52.61
56.32
59.56
62.33
63.84
65.62
66.94
66.08
63.13
59.21
32.15
29.08
26.62
26.62
26.62
25.49
25.03
25.03
25.03
20.47
16.3
12.59
9.35
6.58
4.31
2.53
1.22
0.38
0
0
0
0
0
0
0
0
0
0
0
0
0
0
0
0
0
0
0
0
0
0
0
0
0
0
0
0
0
0
0
0
0
0
0
0
0
0
0
0
0
0
0
0
0
0
0
0
0
0
0
0
0
0
0
0
0
0
0
0
0
0
0
0
0
0
0
0
0
0
0
0
0
0
0
0
0
0
0
0
0
0
0
0
0
0
0
0
0
0
0
0
0
0
0
0
0
0
0
0
0
0
0
0
0
0
0
0
0
0
0
0
0
0
0
0
0
0
0
0
0
0
0
0
0
0
0
0
0
0
0
0
0
0
0
0
0
0
0
0
0
0
0
0
0
0
0
0
0
0
0.01
0.03
0.07
0.48
1.32
2.57
4.2
6.18
8.52
11.09
14.12
17.65
18.77
20.75
23.97
27.75
32.2
37.23
42.54
47.07
52.16
59.59
67.49
75.28
82.89
89.59
96.21
102.71
109.2
115.88
122.27
128.28
136.86
144.77
151.5
157.77
163.38
168.52
173.55
179.49
181.66
174.2
166.27
167.29
169.96
173.07
176.03
179.07
182.04
184.71
186.75
177.2
172.75
167.72
165.98
169.56
173.76
178.1
182.43
186.81
194.74
210.33
220.65
225.07
230.95
237.48
244.37
251.26
258.19
265.19
272.97
292.21
303.16
315.73
326.93
332.95
338.43
343.79
349.17
353.23
357.4
361.78
370.82
367.42
365.19
366.78
367.64
367.94
367.22
364.7
361.69
357.41
359.2
359.61
356.53
352.27
348.17
345.65
342.81
340.74
337.89
334.33
330.89
334.03
319.26
300.08
293.16
282.84
276.51
268.42
264.23
249.28
231.29
228.84
228.05
227.93
220.67
208.85
191.64
174.81
168.82
165.89
165.45
168.58
184.53
192.59
191.89
196.71
198.39
205.73
209.55
225.38
241.04
241.05
240.5
239.76
245.23
253.28
266.45
277.59
278.85
277.28
273.25
267.86
262.72
265.15
264.05
255.99
242.69
227.04
211.17
203.9
197.21
189.45
180.79
174.52
168.74
163.19
157.88
154.38
150.95
147.46
144.34
141.36
138.5
131.71
124.33
126.31
133.57
140.76
147.78
146.1
143.89
142.6
142.17
139.33
136.16
132.56
128.67
124.63
119.44
113.77
109.71
105.38
100.76
99.93
99.51
94.31
87.64
80.84
74.78
68.47
61.86
55.65
49.87
44.56
39.72
35.36
31.42
27.84
24.65
21.91
17.64
13.84
10.51
7.64
5.21
3.26
2.61
2.21
1.26
0.7
0.54
0.41
0.29
0.19
0.11
0.06
0.02
0
0
0
0
0
0
0
0
0
0
0
0
0
0
0
0
0
0
0
0
0
0
0
0
0
0
0
0
0
0
0
0
0
0
0
0
0
0
0
0
0
0
0
0
0
0
0
0
0
0
0
0
0
0
0
0
0
0
0
0
0
0
0
0
0
0
0
0
0
0
0
0
0
0
0
0
0
0
0
0
0
0
0
0
0
0
0
0
0
0
0
0
0
0
0
0
0
0
0
0
0
0
0
0
0
0
0
0
0
0
0
0
0
0
0
0
0
0
0
0
0
0
0
0
0
0
0
0
0
0
0
0
0
0
0
0
0
0
0.01
0.02
0.26
0.74
1.53
2.68
4.16
5.96
8.07
10.41
13.04
13.4
14.31
15.48
15.48
15.48
18.17
21.33
24.8
28.44
28.43
28.41
28.18
27.69
26.91
26.11
28.53
32.58
30.46
28.12
28.68
35.41
42.31
47.75
49.59
51.63
55.02
59.87
64.97
69.91
78
78
78
86.11
86.11
85.75
86.62
90.64
100.82
111.26
118.59
122.22
125.09
128.66
137.46
146.48
151.77
153.95
155.21
157.45
149.36
149.36
159.69
156.96
166.33
178.84
186.69
189.5
192.01
181.57
175.35
178.2
181.99
186.57
190.82
194.72
198.21
202.81
207.87
212.14
224.72
224.72
218.49
227.63
231.64
234.19
236.56
238.83
241.01
255.34
264.72
264.31
262.74
260.66
258.31
255.85
253.55
249.9
245.97
242.74
242.24
254.28
262.18
259.62
257.49
254.67
252.57
250.78
249.28
248.5
248.58
249.32
250.4
251.76
253.31
254.94
256.5
253.61
251.33
252.83
254.92
256.96
258.88
260.66
262.68
263.28
262.73
261.3
259.13
256.39
253.14
247.49
241.86
237.55
223.45
209.32
195.19
186.96
180.64
167.27
155.14
147.72
141.89
136.53
131.51
126.75
122.38
118.58
115.21
111.97
108.76
107.49
105.88
102.57
108.72
114.67
120.48
124.45
122.08
122.08
120.04
113.39
105.3
101.22
96.88
88.8
80.84
74.04
69.25
61.68
54.39
47.41
45.75
44.51
43.61
42.89
42.24
43.14
44.79
48.19
52.9
57.61
62.3
62.58
63.04
67.2
71.13
73.77
74.39
77.96
81.49
84.88
82.92
80.62
77.79
73.31
68.16
63.28
61.63
59.67
54.96
50.25
45.56
40.99
36.6
32.44
28.51
26.89
25.03
22.96
20.67
18.3
16.03
13.85
11.94
11.56
11.74
11.74
11.74
10.3
10.3
10.3
10.3
10.3
10.3
10.3
10.3
8.16
6.36
4.87
3.62
2.61
1.75
1.05
0.54
0.18
0
0
0
0
0
0
0
0
0
0
0
0
0
0
0
0
0
0
0
0
0
0
0
0
0
0
0
0
0
0
0
0
0
0
0
0
0
0
0
0
0
0
0
0
0
0
0
0
0
0
0
0
0
0
0
0
0
0
0
0
0
0
0
0
0
0
0
0
0
0
0
0
0
0
0
0
0
0
0
0
0
0
0
0
0
0
0
0
0
0
0
0
0
0
0
0
0
0.5
1.45
2.78
4.44
6.39
8.67
11.34
14.49
18.17
19.54
21.43
21.43
21.43
21.43
21.43
25.3
29.5
34
38.86
40.31
42.57
41.62
40.3
38.63
36.69
34.4
31.73
28.58
29.17
34.55
39.35
46.25
53.22
60.22
66.23
68.39
64.19
59.69
55.87
59.04
56.28
56.28
56.28
56.28
59.97
60.13
60.13
62.34
64.25
64.81
63.32
56.42
53.82
54.67
56.61
57.96
65.71
74.09
81.61
84.59
91.79
96.74
99.89
107.47
112.37
112.21
112.21
115.53
118.61
120.37
124.2
133.24
138.13
139.74
139.84
138
137.18
135.69
135.91
138.85
142.3
148.11
156.29
159.98
163
175.12
187.58
194.89
198.8
203.31
208.16
210.32
209.19
211.98
218.42
227.53
235.29
242.89
248.38
251.95
252.28
253.38
255.17
257.9
260.06
259.25
253.28
246.82
244.67
244.55
230.67
219.47
223.62
220.6
206.11
195.63
194.1
193.03
191.58
189.49
192.16
193.73
193.99
193.39
193.45
196.6
205.08
213.46
218.06
220.82
237.28
253.9
258.31
265.8
282.69
295.52
299.43
301.87
299.67
302.12
305.7
309.55
313.51
317.46
320.61
322.54
323.29
323.33
322.01
319.58
316.44
312.65
308.46
303.94
298.87
291.01
284.13
278.51
271.16
262.02
253.57
245.75
237.65
228.93
211.96
195.55
188.1
173.28
159
154.15
149.99
146.23
133.74
123.22
120.03
119.21
117.37
114.07
116.34
111.01
102.24
97.86
91.33
82.69
82.69
82.69
78.57
78.57
79.07
74.84
65.67
56.61
57.34
61.11
57.54
53.88
49.71
46.4
43.86
46.4
48.36
44.67
42.81
43.13
43.45
43.76
39.94
40.24
40.03
35.59
35.87
36.14
35.67
30.48
25.69
21.27
17.36
13.98
11.23
8.94
7.23
6.09
5.5
5.44
5.38
5.31
5.23
5.14
5.04
4.93
4.8
4.67
4.52
4.37
4.27
4.16
4.04
3.91
3.76
3.6
3.41
3.21
2.98
2.73
2.48
2.24
2.01
1.81
1.62
1.45
1.29
1.16
1.04
0.93
0.77
0.62
0.48
0.36
0.25
0.17
0.1
0.05
0.01
0
0
0
0
0
0
0
0
0
0
0
0
0
0
0
0
0
0
0
0
0
0
0
0
0
0
0
0
0
0
0
0
0
0
0
0
0
0
0
0
0
0
0
0
0
0
0
0
0
0
0
0
0
0
0
0
0
0
0
0
0
0
0
0
0
0
0
0
0
0
0
0
0
0
0
0
0
0
0
0
0
0
0
0
0
0
0
0
0
0
0
0
0
0
0
0
0
0
0
0
0
0
0
0
0
0
0.23
0.74
1.51
2.57
3.85
5.44
7.33
9.46
11.82
13.59
15.69
17.37
17.37
17.37
17.37
17.74
21.21
26.29
31.7
34.82
39.19
44.8
45.68
45.24
48.39
48.19
46.29
44.16
41.8
43.27
48.27
52.71
58.59
58.59
58.59
66.73
72.78
77.35
78.53
75.41
70.82
73.96
83.57
93.82
100.41
110.17
121.33
121.33
122.32
130.94
135.87
135.24
129.36
129.36
129.36
132.82
136.77
141.45
149.33
163.99
178.92
183.74
186.6
190.22
194.16
198.12
202.12
217.38
231.47
234.75
237.26
246.32
261.22
276.24
291.26
294.34
296.16
297.36
298.93
300.8
302.85
306.3
310.11
313.65
316.67
319.65
322.51
325.33
328.44
331.52
335.24
338.91
342.24
344.31
342.57
340.99
342.83
345.75
347.77
348.64
348.39
347.08
345.02
342.74
340.41
337.98
335.74
333.47
331.09
326.88
323.36
320.94
318.7
317.89
321.21
324.69
324.87
322.24
320.54
321.13
322.74
325.05
327.91
331.04
334.42
337.98
341.59
345.27
348.97
354.65
359.76
363.63
367.07
369.84
371.81
372.81
373.03
374.29
374.79
373.32
371.36
369.06
366.38
363.36
359.78
356.13
352.4
348.77
345.29
341.65
337.71
332.39
314.43
303.38
299.4
297
294.98
292.83
276.05
263.76
260.74
259.07
257.65
256.37
255.51
254.35
241.41
225.55
209.52
193.47
188.97
174.62
173.15
167.75
165.79
162.65
159.39
156.45
168.25
175.76
174.08
170.99
167.51
163.76
160.64
157.38
165.4
175.62
185.39
194.79
192.59
201.55
210.24
216.08
208.73
202.31
197.3
192.73
188.1
183.41
178.67
173.99
169.56
165.35
160.36
155.58
151.01
146.92
143.21
139.78
136.41
133.13
129.73
124.19
118.91
112.9
109.45
104.43
97.2
90.14
83.22
78.56
73.75
68.49
62.01
55.66
50.76
45.06
39.48
34.07
28.55
22.98
17.78
14.96
15.03
15.08
11.37
8.96
8.97
8.97
8.97
6.82
4.91
3.55
3.55
3.55
2.28
1.84
1.37
0.81
0.49
0.38
0.29
0.21
0.14
0.08
0.04
0.01
0
0
0
0
0
0
0
0
0
0
0
0
0
0
0
0
0
0
0
0
0
0
0
0
0
0
0
0
0
0
0
0
0
0
0
0
0
0
0
0
0
0
0
0
0
0
0
0
0
0
0
0
0
0
0
0
0
0
0
0
0
0
0
0
0
0
0
0
0
0
0
0
0
0
0
0
0
0
0
0
0
0
0
0
0
0
0
0
0
0
0
0
0
0
0
0
0
0
0
0
0
0
0
0
0
0
0
0
0
0
0
0
0
0
0
0
0
0
0
0
0
0
0
0
0
0
0
0
0
0.03
0.07
0.14
0.23
0.33
0.45
0.59
0.75
0.91
1.36
2.28
3.63
5.4
7.65
10.4
13.53
16.41
20.16
21.39
21.39
21.56
24.31
27.57
31.21
34.95
39.62
44.8
50.47
55.97
61.61
67.09
71.7
75.83
80.74
77.99
74.86
71.98
72.76
80.35
85.84
93.09
99.68
105.68
111.38
117.17
122.08
126.71
131.04
125.37
119.41
113.01
108.61
109.14
110.29
120.09
129.93
139.95
144.84
139.25
133.77
126.32
116.93
107.61
98.17
94.98
97.1
99.23
101.36
101.36
101.24
105.02
115.77
122.4
127.26
130.68
134.12
137.49
141.6
152
152.14
155.14
165.12
172.34
178.92
186.7
189.4
192.17
194.97
205.91
210.62
222.62
226.01
229.37
232.93
236.8
240.76
244.5
248.05
251.48
268.47
282.63
289.89
300.12
311.25
314.55
317.3
319.42
321.03
326.64
338.27
338.71
339.05
338.56
337.6
336.07
333.77
330.55
328.53
326.83
325.3
323.97
322.86
321.76
320.54
319.59
318.78
318.19
317.74
317.21
316.77
316.41
316.17
315.97
315.87
315.92
316.62
318.29
318.6
317.94
316.31
313.74
310.23
305.98
301.02
295.57
290.03
284.35
278.56
272.82
267.02
261
254.8
248.47
241.88
234.92
227.46
219.86
212.38
205.53
196.27
189.44
184.22
178.11
171.74
167.52
163.3
159.84
149.38
146.01
142.62
139.63
136.97
134.6
132.76
131.7
131.4
131.46
131.72
132.05
135.66
137.51
138.39
140.64
143.48
144.32
145.22
145.4
152.3
151.82
151.07
149.43
142.5
135.47
128.22
122.95
116.68
113
108.54
103.42
97.58
91.31
84.64
77.57
70.47
63.37
56.08
48.67
41.77
35.34
29.37
24.16
24.16
24.16
24.16
21.84
20.24
15.87
12.19
9.14
6.66
4.63
3.04
1.86
0.95
0.3
0
0
0
0
0
0
0
0
0
0
0
0
0
0
0
0
0
0
0
0
0
0
0
0
0
0
0
0
0
0
0
0
0
0
0
0
0
0
0
0
0
0
0
0
0
0
0
0
0
0
0
0
0
0
0
0
0
0
0
0
0
0
0
0
0
0
0
0
0
0
0
0
0
0
0
0
0
0
0
0
0
0
0
0
0
0
0
0
0
0
0
0
0
0
0
0
0
0
0
0
0
0
0
0
0
0
0
0
0
0
0.43
1.18
2.13
3.31
4.78
6.47
8.45
10.73
13.37
13.37
15.63
18.32
21.34
24.67
24.67
24.67
28.13
28.13
33.29
38.93
38.5
37.75
43.19
45.44
50.97
49.27
54.54
69.27
74.08
81.35
86.45
91.21
95.99
100.64
108.73
108.73
113.76
122.38
124.16
127.24
136.15
145.4
148.07
153.41
155.17
161.44
154.19
147.1
149.97
153.42
156.92
149.46
141.67
144.46
147.13
157.95
160.14
162.54
166.18
168.14
169.88
171.12
172.64
174.67
176.9
181.61
192.52
193.42
193.84
194.03
188
199.88
212.28
202.26
191.5
180.68
171.57
175.73
180.75
185.99
175.34
164.85
170.69
176.44
182.32
188.14
193.9
199.86
206.16
209.47
221.83
226.8
231.02
246.76
263.25
263.25
272.11
272.8
272.9
270.78
286.54
302.51
302.32
302.3
302.17
302.44
303.25
304.07
304.66
307.94
308.12
308.98
310.34
311.88
312.99
330.39
337.06
338.35
339.71
342.83
343.85
344.54
338.06
334.04
333.51
332.98
332.44
332.08
331.99
332.25
332.91
333.33
333.51
333.61
334.37
335.64
337.52
339.41
341.37
343.63
346.05
348.6
358.09
364.63
367.33
369.21
370.26
370.71
370.51
369.8
368.6
367.05
365.27
363.32
361
358.17
354.82
351.3
347.78
343.98
340.33
336.97
333.99
331.56
329.54
328.02
326.92
326.11
325.63
325.31
325.01
324.77
324.54
324.35
324.15
323.94
323.73
323.45
323.01
322.67
321.67
319.85
317.04
313.2
308.69
303.75
298.45
292.7
286.54
280.14
273.81
267.26
261.15
254.81
248.29
241.63
234.55
227.05
218
209.4
200.66
191.84
183.07
174.36
165.56
157.74
148.73
139.05
130.92
122.64
114.03
105.4
96.27
87.41
78.54
69.73
61.53
53.93
48.01
41.68
35.94
30.76
26.14
22.04
18.48
14.34
11.77
10.32
7.75
5.67
4.1
2.94
2.03
1.24
0.8
0.63
0.48
0.34
0.23
0.14
0.07
0.02
0
0
0
0
0
0
0
0
0
0
0
0
0
0
0
0
0
0
0
0
0
0
0
0
0
0
0
0
0
0
0
0
0
0
0
0
0
0
0
0
0
0
0
0
0
0
0
0
0
0
0
0
0
0
0
0
0
0
0
0
0
0
0
0
0
0
0
0
0
0
0
0
0
0
0
0
0
0
0
0
0
0
0
0
0
0
0
0
0
0
0
0
0
0
0
0
0
0
0
0
0
0
0
0
0
0
0
0
0
0
0
0
0
0
0
0
0
0
0
0
0
0
0
0
0
0
0
0
0
0
0
0
0
0
0
0
0
0
0
0
0
0
0
0
0
0
0
0
0
0
0
0
0
0
0
0
0
0
0
0
0
0
0
0
0
0
0
0
0
0
0
0.37
1.12
2.24
3.69
5.55
7.87
10.65
13.81
17.29
17.29
17.29
17.64
18.48
19.84
21.71
24.16
27.27
30.87
35.04
37.13
41.94
46.68
51.37
56.12
60.49
58.17
61.01
64.78
68.53
76.14
84.08
91.88
99.41
106.61
113.4
119.52
124.92
129.99
134.63
141.5
141.79
145.7
149.38
151.56
154.81
164.42
168.87
172.5
176.3
180.08
183.73
175.58
178.29
182.03
186.06
190.6
195.59
200.55
203.69
206.62
215.1
219.72
224.5
230.6
232.87
238.15
228.08
227.1
216.07
209.71
212.78
212.78
201.69
205.77
209.49
212.8
199.31
202.28
207.06
212.19
215.16
218.1
220.7
223.16
228.31
230.19
246.79
253.56
269.6
280.37
281.36
296.77
311.91
310.31
308.54
306.57
320.87
318.42
315.8
312.75
309.63
306.7
303.82
300.91
298.32
296.05
294.03
292.26
287.11
286
285.09
284.43
284.1
284.36
284.81
285.62
286.75
288.07
289.34
290.69
292.19
293.04
293.69
294.02
293.38
292.11
290.34
288.26
289.57
274.88
268.02
264.64
260.84
256.4
251.53
240.41
234.36
227.82
220.99
213.89
206.45
199.18
191.77
184.34
177.64
171.16
165.13
159.27
153.52
158.55
150.68
139.31
133.6
128.2
122.59
118.44
109.66
100.71
93.74
87.73
79.87
73.94
67.98
66.21
63.9
61.23
57.85
54.05
49.4
46.22
47.67
48.68
43.91
38.83
34.3
34.35
33.79
33.8
32.23
30.2
30.36
28.83
27.67
22.61
18.04
14.03
10.68
7.87
6.07
4.23
2.78
1.76
1.23
1.12
1.04
0.99
0.96
0.95
0.95
0.77
0.61
0.47
0.35
0.24
0.16
0.09
0.05
0.02
0
0
0
0
0
0
0
0
0
0
0
0
0
0
0
0
0
0
0
0
0
0
0
0
0
0
0
0
0
0
0
0
0
0
0
0
0
0
0
0
0
0
0
0
0
0
0
0
0
0
0
0
0
0
0
0
0
0
0
0
0
0
0
0
0
0
0
0
0
0
0
0
0
0
0
0
0
0
0
0
0
0
0
0
0
0
0
0
0
0
0
0
0
0
0
0
0
0
0
0
0
0
0
0
0
0
0
0.25
0.66
1.26
2.08
3.15
4.44
5.98
7.79
9.91
9.91
9.91
9.91
9.91
10.82
10.82
10.82
12.42
46.97
46.97
48.32
48.07
47.66
47.06
48.89
47.81
47.33
45.8
44.8
42.95
46.97
46.97
46.97
51.4
97.48
102.2
107.15
110.73
81.57
87.22
91.67
97.52
103.43
109.25
112.35
117.98
122.68
128.04
127.23
129.77
130.95
136.21
141.66
140
96.04
93.07
94.23
92.21
86.81
81.17
76.19
76.48
76.87
77.75
73.69
68.06
69.65
69.27
69.27
69.8
72.46
75.38
78.29
84.13
86.11
93.41
96.74
103.42
113.72
124.51
134.86
140.03
144.89
148.71
157.46
168.18
172.36
179.17
188.82
198.21
203.48
208.49
213.02
217.23
225.01
228.79
232.15
235.01
237.39
239.11
240.2
231.48
232.71
234.8
237.13
239.09
240.16
240.42
239.99
238.54
236.36
233.84
231.83
229.77
227.55
225.24
223
218.46
216.29
214.15
212.32
209.72
197.33
195.56
193.65
192.08
191.03
190.53
193.1
193.87
195.3
197.29
199.43
202.2
205.44
208.89
212.23
204.08
206.37
209.87
213.49
227.69
241.98
245.32
248.59
248.98
250.52
252.6
254.22
255.44
256.07
256.18
255.72
254.41
252.44
250.16
247.87
259.6
258.49
252.19
249.82
247.16
243.87
240.53
237.05
225.55
222.95
219.58
216.43
213.33
210.5
207.83
205.05
201.02
189.15
177.47
165.86
163.63
161.4
163.41
158.92
147.39
146.46
136.87
136.55
147.13
147.6
148.06
148.35
148.6
148.7
148.67
148.94
150.56
160.17
169.53
178.69
178.01
177.13
175.71
176.29
183.59
180.53
185.96
180.85
170.28
161.64
155.82
149.83
143.63
137.28
130.88
124.29
117.8
111.3
104.94
98.6
92.4
86.25
80.24
74.39
67.09
60.07
53.84
50.43
52.11
51.52
48.04
44.78
41.76
38.95
36.29
33.74
31.33
28.96
25.95
23.61
21.39
19.35
17.55
16.02
16.39
16.39
16.04
14.23
12.55
11.03
9.63
8.34
7.14
6.02
6.29
6.5
6.62
6.78
7.59
7.82
8.01
8.07
7.98
7.74
7.37
7.37
7.28
7.28
7.28
7.28
7.28
7.28
7.28
7.28
6
4.86
3.87
2.97
2.16
1.46
0.85
0.42
0.13
0
0
0
0
0
0
0
0
0
0
0
0
0
0
0
0
0
0
0
0
0
0
0
0
0
0
0
0
0
0
0
0
0
0
0
0
0
0
0
0
0
0
0
0
0
0
0
0
0
0
0
0
0
0
0
0
0
0
0
0
0
0
0
0
0
0
0
0
0
0
0
0
0
0
0
0
0
0
0
0
0
0
0
0
0
0
0
0
0
0
0
0
0
0
0
0
0
0
0
0
0
0
0
0.4
1.21
2.39
3.98
5.84
8.15
10.99
14.19
17.79
20.02
20.02
23.27
23.27
27.26
31.58
36.39
36.39
36.39
43.5
51.54
51.13
58.94
57.76
56.17
57.45
64.13
70.39
76.49
82.08
88.84
92.98
93.87
97.49
102.32
106.99
111.11
120.02
126.05
127.18
127.01
134.63
133.95
135.59
135.59
138.53
129.54
129.6
120.53
121.12
122.17
128.28
134.53
141.81
132.99
134.37
136.25
138.52
143.65
146.81
150.4
154.34
158.05
168.31
180.54
186.76
186.76
189.83
201.68
204.16
206.37
208.29
209.85
210.79
222.53
223.97
225.17
225.93
214.78
205.1
193.65
182.09
184.48
185.7
187.75
189.98
204.41
206.64
209.29
212.05
215.34
219.19
223.68
228.67
233.98
237.49
242.69
248.15
265.65
281.26
298.42
315.27
317.77
320.91
322.63
324.01
325.73
327.49
328.98
330
330.43
330.33
330.39
330.5
330.76
333.27
334.22
335.02
335.81
336.69
337.66
338.96
340.58
342.5
344.73
347.11
344.55
346.62
348.64
350.72
352.71
354.58
355.09
354.55
353.13
350.79
347.78
344.51
340.94
337.25
333.4
329.37
325.14
320.74
316.09
311.23
310.82
305.58
300.66
296.14
292.02
288.21
285.4
283.46
282.12
281.18
280.79
280.52
280.44
280.75
281.56
282.7
284.11
285.7
287.39
273.99
260.8
262.85
264.13
264.51
264.18
263.3
261.68
259.37
256.56
253.38
249.4
245.36
241.05
236.05
230.15
221.4
213.47
204.75
196.23
202.36
202.36
192.01
181.57
171.25
162.71
154.15
145.64
137.03
128.29
119.39
110.63
100.77
91.4
82.11
73.12
66.77
59.54
53.08
46.51
40.38
40.54
35.78
31.63
27.96
23.09
18.68
14.6
11.06
8.2
5.72
3.71
3.01
2.19
1.69
1.53
1.4
1.2
1.01
0.82
0.82
0.81
0.95
1.07
1.18
1.18
1.12
1.17
1.2
1.1
1.11
1.11
1.02
0.88
0.84
0.8
0.79
0.79
0.79
0.79
0.79
0.64
0.5
0.38
0.27
0.18
0.11
0.06
0.03
0.01
0
0
0
0
0
0
0
0
0
0
0
0
0
0
0
0
0
0
0
0
0
0
0
0
0
0
0
0
0
0
0
0
0
0
0
0
0
0
0
0
0
0
0
0
0
0
0
0
0
0
0
0
0
0
0
0
0
0
0
0
0
0
0
0
0
0
0
0
0
0
0
0
0
0
0
0
0
0
0
0
0
0
0
0
0
0
0
0
0
0
0
0
0
0
0
0
0
0
0
0
0
0
0
0
0
0
0
0
0
0
0
0
0
0
0
0
0
0
0
0
0
0
0
0
0.26
0.75
1.5
2.58
4.02
5.83
7.98
10.39
13.25
13.73
15.06
16.81
19.06
21.82
24.25
27.59
31.11
31.11
31.11
31.11
30.84
30.35
29.99
33.52
38.97
46.8
53.7
60.63
67.09
76.18
84.5
92.42
99.86
106.86
114.39
121.12
124.99
133.74
143.28
152.7
162.02
171.13
179.9
184.52
187.19
187.32
188.18
188.93
189.98
190.66
191.31
192.27
193.31
189.8
190.77
191.91
195.73
198.21
188.67
190.71
181.4
173.86
164.71
167.95
158.38
160.38
150.93
153.36
155.57
160.7
166.79
172.92
179.64
191.41
198.78
205.91
213.24
220.93
239.91
247.63
266.82
284.34
303.29
309.67
328.51
335.6
354.06
360.03
365.46
367.5
367.93
367.68
366.43
364.31
361.76
359.17
356.51
353.88
351.5
349.25
347.44
346.19
345.45
344.98
344.61
344.26
343.98
344.22
345.01
346.43
348.47
345.48
348.08
350.87
353.81
356.82
359.77
361.95
363.44
364.2
346.82
328.98
322.3
319.66
316.64
313.42
309.88
306.03
301.9
297.51
293.11
293.7
288.84
283.88
278.82
273.41
267.71
262.22
256.94
239.23
251.75
264.49
265.8
262.96
260.5
257.88
255.27
252.84
250.61
248.25
245.48
242.76
240.04
237.25
223.63
221.56
219.41
216.99
214.43
216.23
203.72
190.98
182.43
178.59
174.41
168.96
156.49
144.27
139.08
135.3
131.89
128.89
125.95
123.27
131.36
127.96
124.75
122.01
119.49
125.21
132.34
139.17
141.07
137.6
133.71
130.79
134.53
137.48
132.84
126.61
119.89
115.24
110.32
104.99
99.41
93.64
87.56
81.05
74.24
67.2
60.31
53.48
47.28
41.7
36.78
32.48
28.73
25.54
22.93
20.85
19.29
15.54
12.19
9.26
6.74
4.63
2.93
1.63
0.73
0.23
0
0
0
0
0
0
0
0
0
0
0
0
0
0
0
0
0
0
0
0
0
0
0
0
0
0
0
0
0
0
0
0
0
0
0
0
0
0
0
0
0
0
0
0
0
0
0
0
0
0
0
0
0
0
0
0
0
0
0
0
0
0
0
0
0
0
0
0
0
0
0
0
0
0
0
0
0
0
0
0
0
0
0
0
0
0
0
0
0
0
0
0
0
0
0
0
0
0
0
0
0
0
0
0
0
0
0
0
0
0
0.32
0.85
1.61
2.62
3.83
5.31
7.05
9
11.26
12.2
12.2
12.2
12.2
12.2
14.84
14.84
14.84
14.84
19.18
78.38
82.89
87.52
92.18
96.85
101.6
106.15
110.66
109.92
114.01
119.5
126.01
132.73
139.7
146.86
151.36
158.47
165.72
172.95
175.73
123.64
125.88
127.52
127.72
128.57
129.14
129.91
130.81
137.27
138.72
140.15
141.61
134.9
135.67
136.08
136.51
136.9
136.39
136.14
136.32
136.62
137.25
135.34
137.88
139.8
141.99
143.92
136.78
129.1
121.3
113.64
105.67
111.11
112.78
115.08
117.71
120.7
124.84
128.46
131.88
135.37
139.22
146.83
151.73
157.16
162.85
169.16
185.04
201.55
218.49
235.46
252.91
265.04
273.23
280.89
288.27
295.49
302.48
309.05
309.64
317.78
325.14
330.93
332.89
336.29
338.74
339.79
339.56
338.3
336.44
333.24
331.04
328.92
327.53
326.8
326.62
326.66
326.76
327.69
334.6
333.81
333.04
332.77
335.81
336.76
338.08
340.33
342.96
345.99
349.12
350.33
353.04
355.42
356.27
355.81
354.28
351.9
349.06
345.83
342.31
338.51
334.79
331.32
327.72
323.8
319.94
315.91
312.04
308.62
305.76
306.39
304.67
303.4
303.26
304.28
306.13
308.69
311.63
314.82
318.2
321.7
325.26
328.61
332.13
321.74
325.41
328.98
332.51
335.11
336.62
337.05
336.45
335.12
333.04
330.13
326.38
322.1
317.38
308.51
302.98
297.23
291.25
284.99
278.39
285.63
278.59
271.37
263.85
256.68
250.79
245.51
240.8
236.45
232.31
228.31
224.66
221.04
217.48
217.83
214.65
211.72
209.06
206.79
204.64
193.5
182.57
177
166.59
160.1
157.27
154.96
151.52
140.63
129.94
119.47
109.17
106.7
105.36
98.99
97.38
95.61
93.55
90.78
87.78
93.69
99.28
99.4
104.2
104.73
100.47
95.27
92.51
96.81
100.57
103.71
106.12
100.44
93.53
91.45
84.44
77.34
70.29
63.86
57.81
52.09
46.49
41.42
36.78
32.44
28.71
25.4
20.8
16.62
12.99
9.96
7.66
5.78
4.26
3.15
2.51
2.14
2.02
1.91
1.78
1.6
1.64
1.5
1.34
1.36
1.22
1.08
0.95
0.82
0.7
0.65
0.6
0.65
0.7
0.74
0.69
0.64
0.57
0.51
0.46
0.46
0.42
0.39
0.39
0.38
0.37
0.37
0.37
0.37
0.37
0.3
0.24
0.19
0.14
0.1
0.06
0.04
0.02
0.01
0
0
0
0
0
0
0
0
0
0
0
0
0
0
0
0
0
0
0
0
0
0
0
0
0
0
0
0
0
0
0
0
0
0
0
0
0
0
0
0
0
0
0
0
0
0
0
0
0
0
0
0
0
0
0
0
0
0
0
0
0
0
0
0
0
0
0
0
0
0
0
0
0
0
0
0
0
0
0
0
0
0
0
0
0
0
0
0
0
0
0
0
0
0
0
0
0.24
0.73
1.51
2.66
4.06
5.77
7.89
10.44
13.44
14.61
17.12
19.87
19.87
23.4
27.46
32
37.09
42.69
48.89
55.74
62.8
69.88
76.99
83.93
90.58
97.03
103.45
109.89
116.38
125.4
133.79
132.44
132.44
141.66
150.75
159.53
168.01
176.27
170.08
177.31
184.21
191.1
197.73
204.32
211.14
218.15
224.71
230.52
235.43
239.08
241.64
251.54
264.54
264.42
263.69
262.97
257.46
256.75
270.14
269.54
269.41
269.27
256.16
257.03
258.38
260.19
262.74
266.33
271.36
277.02
264.1
267.79
275.01
283.12
291.75
300.05
312.85
299.69
305.47
307.69
314.73
321.63
341.22
346.4
350.54
353.41
355.13
355.69
354.57
353.5
371.48
374.95
371.05
366.41
362.15
349.97
347.26
365.93
365.89
369.59
367.76
365.09
361.96
359.15
356.83
354.66
353.03
352.03
352.09
338.95
320.44
314.79
318.14
307.71
290.92
299.26
299.26
300.07
299.86
298.97
298.13
298.56
300.14
301.54
302.55
304.16
305.62
306.45
306.26
318.54
335.51
339.2
335.81
346.15
361.94
360.49
357.65
353.08
348.67
344.31
339.8
334.57
328.63
322.57
316.59
310.23
304.58
299.62
295.49
292.21
289.8
287.98
286.4
285.07
283.86
282.77
281.9
281.41
281.27
281.34
281.16
280.91
280.66
280.5
280.38
280.16
278.78
276.64
274.03
270.82
266.88
262.37
257.39
252.05
246.62
241.04
235.38
229.59
223.63
217.62
212.25
207.14
202.17
197.22
192.25
187.34
182.77
178.44
174.11
169.89
166.01
162.38
159.1
156.09
153.13
150.17
147.21
144.21
141.23
138.27
135
131.56
128.05
124.59
121.14
117.65
114.22
110.83
107.49
104.11
100.74
97.42
94.08
90.68
87.23
83.8
80.35
76.93
71.72
68.29
64.85
61.34
57.76
54.04
49.53
45.79
42.04
38.08
34.32
30.83
28.7
26.51
24.26
22.04
19.89
17.82
15.82
13.92
13.87
12.13
10.45
9.03
7.81
6.84
6.84
6.25
5.83
5.83
5.83
5.83
4.61
3.57
2.71
1.99
1.4
0.92
0.55
0.28
0.1
0
0
0
0
0
0
0
0
0
0
0
0
0
0
0
0
0
0
0
0
0
0
0
0
0
0
0
0
0
0
0
0
0
0
0
0
0
0
0
0
0
0
0
0
0
0
0
0
0
0
0
0
0
0
0
0
0
0
0
0
0
0
0
0
0
0
0
0
0
0
0
0
0
0
0
0
0
0
0
0
0
0
0
0
0
0
0
0
0
0.16
0.43
0.88
1.51
2.32
3.46
4.92
6.55
8.4
8.41
8.41
8.41
8.41
9.59
11.03
11.29
13.44
16.02
18.82
21.95
25.19
28.71
28.26
32.06
34.46
38.23
41.97
45.9
49.82
55.75
61.67
67.49
73.23
72.05
73.77
75.13
78.98
82.53
81.18
84.88
81.94
78.62
85.74
88.67
93.03
95.74
98.15
100.18
94.41
88.47
91.15
94.66
98.98
109.38
106.21
115.44
109.43
112.74
122.5
126.75
137.51
148.63
146.86
151.45
155.93
160.52
157.72
162.63
175.17
187.56
191.01
193.36
194.32
194.46
205.29
205.37
216.36
207.04
197.71
196.14
196.08
184.49
185.02
173.07
162.09
149.88
145.06
132.57
122.88
121.45
109.41
112.91
117.86
124.01
130.06
136.15
142.31
159.73
175.58
183.87
190.51
208.68
220.84
238.7
255.36
272.83
272.83
289.38
302.59
307.39
322.8
322.62
321.31
318.82
315.83
312.51
308.74
304.47
299.91
295.33
291.42
287.68
284.68
282.33
280.45
279.19
295.76
296.18
297.21
298.57
300.26
302.37
304.93
308.15
311.71
315.48
319.59
323.89
328.2
332.29
335.07
336.74
337.18
336.61
335.23
333.05
330.06
326.2
321.86
317.23
312.28
307.08
301.54
296.08
290.8
285.86
281.16
276.56
272.21
268.2
264.89
262.14
259.93
258.15
256.82
255.93
255.54
255.7
256.15
257.29
258.72
260.27
261.84
262.58
262.5
261.37
259.3
256.5
253.03
248.92
244.31
239.25
233.92
228.27
222.23
215.81
209.08
202
194.76
186.84
178.79
167.45
159.3
151.6
144.46
138.02
132.22
126.92
121.91
112.71
108.48
104.71
101.27
98.27
95.7
93.47
91.33
89.24
87.18
85.25
83.38
84.87
83.49
82.28
81.19
80.22
75.31
74.51
74.12
78.51
78.45
78.47
78.42
78.31
78.15
77.92
77.78
77.81
77.98
78.24
78.58
78.88
78.71
78.2
77.26
74.95
74.95
70.89
68.23
63.84
60.26
55.73
51.68
47.28
42.92
38.64
34.45
30.34
26.26
22.22
18.21
15.31
12.68
10.19
7.91
6.77
7.18
7.49
6.09
6.26
5.47
5.47
5.08
5.08
5.08
5.08
5.08
5.08
5.08
5.08
5.08
4.06
3.15
2.36
1.71
1.19
0.78
0.47
0.26
0.09
0
0
0
0
0
0
0
0
0
0
0
0
0
0
0
0
0
0
0
0
0
0
0
0
0
0
0
0
0
0
0
0
0
0
0
0
0
0
0
0
0
0
0
0
0
0
0
0
0
0
0
0
0
0
0
0
0
0
0
0
0
0
0
0
0
0
0
0
0
0
0
0
0
0
0
0
0
0
0
0
0
0
0
0
0
0
0
0
0
0
0
0
0
0
0
0
0
0
0
0
0
0.89
2.74
5.51
8.98
12.98
17.39
22.23
27.51
33.24
38.95
45.05
51.59
58.62
66.17
74.21
82.75
91.73
101.12
110.91
120.39
128.53
134.39
140.26
144.58
140.58
136.17
131.33
126.04
120.32
125.7
131.88
137.26
142.49
147.62
152.41
156.88
161.22
165.48
169.76
174.72
180.52
187.7
179.06
171.27
185.53
199.68
213.78
227.81
241.56
243.92
244.9
246.12
246.7
246.52
246.21
245.97
234.93
223.83
223.13
222.21
220.95
217.96
217.96
232.18
232.3
232.68
233.76
235.61
238.74
242.83
247.42
252.31
257.93
264.38
271.18
277.61
294.47
311.09
316.96
322.71
323.2
330.77
350.31
355.47
360.18
364.41
367.33
368.98
369.15
368.41
367.22
365.91
364.18
356.51
350.79
348.06
345.3
342.41
339.38
336.3
338.38
335.16
331.8
328.95
327.05
326.24
326.47
327.57
329.34
331.46
332.74
335.11
337.38
345.1
350.51
353.04
355.72
358.25
360.64
362.93
365.19
367.05
368.99
370.25
370.46
369.41
367.62
365.24
362.39
359.2
356.77
352.92
348.92
344.83
332.35
327.91
323.25
319.08
315.34
311.69
308.03
304.73
301.54
298.81
296.6
295.03
293.85
282.08
266.11
265.31
264.6
264.12
263.81
263.49
271.28
269.1
269.38
268.99
268.05
266.84
265.5
263.67
261.28
258.22
254.41
249.93
245.11
251.24
261.93
257.66
253.52
249.34
245.15
230.59
216.28
214.1
211.15
206.88
202.67
198.54
194.44
190.57
186.96
174.94
172.35
170.29
166.63
164.28
161.5
158.42
155.01
151.4
147.54
154.01
160.32
156.23
150.4
146.16
142.11
138.13
134.2
130.36
126.6
131.63
127.76
123.53
120.83
112.57
104.65
97.08
89.82
82.86
77.45
70.98
66.85
62.64
58.39
54.03
49.61
45.17
40.74
36.17
31.48
26.66
21.75
17.2
13.01
13.01
13.01
13.01
13.01
13.01
11.76
11.76
9.58
7.67
6.02
4.63
3.4
2.32
1.38
0.69
0.22
0
0
0
0
0
0
0
0
0
0
0
0
0
0
0
0
0
0
0
0
0
0
0
0
0
0
0
0
0
0
0
0
0
0
0
0
0
0
0
0
0
0
0
0
0
0
0
0
0
0
0
0
0
0
0
0
0
0
0
0
0
0
0
0
0
0
0
0
0
0
0
0
0
0
0
0
0
0
0
0
0
0
0
0
0
0
0
0
0
0
0
0
0
0
0
0
0
0
0
0
0
0
0
0
0
0
0
0
0
0
0
0
0
0
0
0
0
0
0
0.22
0.73
1.55
2.66
4.12
5.89
7.98
10.41
13.2
13.95
15.08
16.65
18.71
18.71
22.08
26.16
31
36.29
42.19
48.7
55.44
62.33
69.28
68.17
74.89
81.44
82.9
89.04
95.04
94.29
102.47
110.53
118.41
127.02
131.19
137.12
142.15
146.71
150.66
153.92
156.55
158.59
160.16
169.68
171.13
172.63
179.04
180.64
182.13
192.22
192.93
193.24
193.23
194.55
196.61
196.32
186.46
176.61
166.75
156.98
147.39
148.57
139.24
129.72
120.09
110.27
100.31
102.49
97.1
99.73
102.62
105.5
108.31
111.11
114.47
117.79
130.71
143.98
157.62
171.77
186
189.94
204.77
219.89
235.6
251.54
267.58
271.4
282.72
286.58
290.24
294.22
298.45
302.77
306.9
310.9
315.27
319.32
305.68
308.97
312.29
314.9
317
318.48
319.08
319.27
319.15
318.74
302.52
301.42
300.51
299.4
298.05
296.42
294.7
293.1
291.54
290.31
306.77
305.92
305.04
304.66
304.5
304.66
305.12
305.8
306.79
308
325.03
326.58
327.88
329.08
330.39
331.99
333.59
334.82
320.73
314.81
312.82
309.98
306.69
302.91
298.82
294.25
289.23
283.7
266.8
259.3
242.27
235.2
228.19
221
213.58
196.57
188.85
177.39
182.48
181.59
167.59
163.01
158.61
154.37
150.55
147.45
145.03
143.25
153.02
153.39
163.21
163.03
162.88
162.98
163.27
173.04
173.44
177.96
180.89
181.21
190.38
190.85
191.55
192.36
192.73
183.63
174.3
172.55
169.84
166.38
162.32
157.68
152.45
146.57
140.14
133.24
128.52
123.04
117.14
110.88
103.99
96.5
88.42
79.99
71.58
72.01
72.01
64.26
57.2
50.82
45.07
39.92
35.37
31.42
28.05
25.19
20.26
16.01
12.23
8.91
6.15
3.99
2.39
1.24
0.43
0
0
0
0
0
0
0
0
0
0
0
0
0
0
0
0
0
0
0
0
0
0
0
0
0
0
0
0
0
0
0
0
0
0
0
0
0
0
0
0
0
0
0
0
0
0
0
0
0
0
0
0
0
0
0
0
0
0
0
0
0
0
0
0
0
0
0
0
0
0
0
0
0
0
0
0
0
0
0
0
0
0
0
0
0
0
0
0
0
0
0
0
0
0
0
0
0
0
0
0
0
0
0
0
0
0
0
0
0
0
0
0.22
0.71
1.47
2.54
3.91
5.57
7.46
9.57
11.85
11.85
11.85
12.67
13.75
16
46.02
48.87
48.87
48.87
48.87
52.69
52.48
55.68
71.05
73.57
75.87
74.21
72.32
70.21
67.92
67.92
70.06
71.68
76.37
128.91
104.8
107.93
114.16
120.57
127.08
130.11
130.11
133.96
125.58
121.99
118.33
118.33
126.27
134.27
142.16
150.07
156.01
161.84
161.04
106.25
100.35
102.74
103.32
96.91
90.4
92.27
92.27
93.42
94.53
103.56
112.72
121.82
122.76
123.4
124.2
124.86
125.27
125.36
128.81
137.62
139.43
139.99
142.27
142.86
148.18
139.58
150.19
152.5
143.64
134.61
125.45
116.35
117.35
121.27
125.27
129.78
134.7
139.35
144.18
148.48
159.68
164.04
157.2
169.95
178
191.08
193.96
196.93
211.27
226.25
241.45
256.69
262.36
265.81
269.06
271.87
274.32
277.12
279.68
282.32
285.15
287.79
301.57
290.06
292.56
295.24
297.29
294
294.57
294.11
293.39
278.15
271.98
265.38
264.3
263.31
262.39
261.64
261.02
260.59
260.22
259.48
258.65
272.33
272.13
272.25
273.07
272.8
274.77
260.26
245.77
263.33
271.63
280.1
283.3
268.4
271.64
274.69
277.63
280.45
282.89
285.9
288.71
290.93
292.82
293.94
294.1
299.63
298.11
312.99
327.5
323.98
319.98
315.49
310.56
323.49
318.24
313.07
307.82
302.47
297.37
291.95
286.69
281.63
276.58
259.46
255.89
253.11
251.03
249.64
248.71
248.41
248.59
249.06
249.66
250.27
250.53
250.45
250.16
249.78
249.2
248.45
247.54
246.75
245.97
257.26
255.05
252.1
248.48
244.08
239.11
233.55
227.42
220.98
214.4
208.55
202.76
197.07
191.42
185.69
179.85
173.99
168.05
161.81
155.39
149.11
143.18
137.61
132.45
127.73
123.32
119.16
115.26
111.46
107.79
103.44
99.28
95.22
91.26
87.38
83.58
79.83
75.22
71.73
68.44
65.34
62.2
58.97
55.66
52.27
48.08
44.05
40.22
36.71
33.23
31.19
29.06
26.86
24.59
22.42
20.35
18.38
17.42
15.51
13.6
11.69
10.02
8.6
7.41
6.43
6.43
6.43
6.43
6.31
6.31
5.02
3.92
3.01
2.29
1.67
1.14
0.69
0.34
0.12
0
0
0
0
0
0
0
0
0
0
0
0
0
0
0
0
0
0
0
0
0
0
0
0
0
0
0
0
0
0
0
0
0
0
0
0
0
0
0
0
0
0
0
0
0
0
0
0
0
0
0
0
0
0
0
0
0
0
0
0
0
0
0
0
0
0
0
0
0
0
0
0
0
0
0
0
0
0
0
0
0
0
0
0
0
0
0
0.32
1
2.02
3.27
4.79
6.55
8.55
10.84
13.4
14.13
15.2
16.59
18.3
18.3
20.44
22.83
25.52
28.52
31.83
35.53
38.92
41.95
44.6
43.36
45.79
48.12
50.34
52.38
54.2
58.06
61.83
65.61
69.26
74.93
78.59
82.15
79.46
79.11
82.12
84.95
87.41
90.2
93.36
100.6
104.16
107.75
103.53
99.2
96.96
92.37
87.54
91.84
96.05
92.54
86.74
82.55
93.31
101.9
106.95
111.77
117.29
122.71
128.09
133.25
138.43
143.89
157.32
157.32
168.81
182.33
195.78
199.81
203.91
215.62
229.88
242.97
247.54
251.9
256.56
261.72
266.88
272.04
277.25
282.57
287.65
292.37
289.87
307.74
311.97
316.68
321.91
327.5
333.25
339.04
344.25
348.59
352.17
355.44
358.24
360.44
362.18
363.16
363.07
362
360.58
358.72
363.63
361.72
359.69
357.68
351.73
347.87
339.11
337.48
336.22
335.3
325.14
319.85
319.9
319.67
319.58
320.46
322.47
305.81
309.57
313.85
318.66
312.59
301.06
284.84
292.27
296.46
294.9
277.26
259.05
258.71
267.8
271.81
270.3
267.46
266.62
265.16
263.01
279.93
276.69
273.38
266.34
272.97
285
289.52
285.97
283.63
292.02
309.57
327.79
328.11
328.5
329.14
329.84
332.12
332.31
332.65
333.47
334.5
335.47
336.16
340.49
341.81
343.19
356.27
356.48
355.5
353.3
349.79
345.37
327.11
321.84
316.41
310.99
305.51
300.02
294.23
287.9
281.4
274.72
267.87
260.36
252.62
244.61
236.39
228.66
221.48
214.98
209.55
200.14
204.58
200.87
197.39
194.24
191.4
188.83
186.62
184.9
183.51
182.43
181.79
181.38
181.33
181.7
182.38
183.36
184.35
185.47
185.93
181.54
178.34
169.84
168.16
165.75
162.69
159
154.91
144.96
134.89
126.05
120.06
113.9
107.32
100.21
92.66
84.64
76.41
67.82
59.31
62.35
63.87
65.56
60.04
54.76
49.7
44.87
39.15
39.82
40.28
39.25
35.29
31.6
28.34
25.37
22.85
20.81
19.12
17.81
16.86
13.82
11.12
8.69
6.59
4.78
3.27
2.01
2.1
1.5
1.11
0.96
0.81
0.66
0.5
0.53
0.54
0.55
0.55
0.55
0.55
0.55
0.49
0.47
0.47
0.47
0.47
0.47
0.38
0.3
0.23
0.17
0.12
0.08
0.05
0.02
0.01
0
0
0
0
0
0
0
0
0
0
0
0
0
0
0
0
0
0
0
0
0
0
0
0
0
0
0
0
0
0
0
0
0
0
0
0
0
0
0
0
0
0
0
0
0
0
0
0
0
0
0
0
0
0
0
0
0
0
0
0
0
0
0
0
0
0
0
0
0
0
0
0
0
0
0
0
0
0
0
0
0
0
0
0
0
0
0
0
0
0
0
0
0
0
0
0
0
0
0
0
0
0
0
0
0
0
0
0
0
0.46
1.35
2.84
4.75
7.1
9.81
12.94
16.56
20.69
23.75
23.75
27.91
27.91
27.91
27.91
34.1
40.88
48.06
53.35
61.54
65.3
64.41
67.16
73.53
79.53
85.28
85.29
90.46
95.15
100.89
109.98
114.82
124.04
133.26
142.59
145.84
139.06
131.88
136.6
136.15
142.46
147.63
154.36
157.26
160.35
163.23
171.84
174.94
178.39
182.22
185.83
189.66
193.52
197.54
201.26
191.82
204.74
217.86
207.84
206.7
202.82
211.29
214.09
216.91
205.47
194.13
182.39
178.33
180.74
168.11
155.42
157.66
159.92
162.18
165.1
181.2
184.96
189.16
206.51
217.7
229.27
234.18
239.1
243.72
262.16
280.28
298.22
308.46
311.59
329.12
346.58
348.96
351.02
352.87
354.18
355.28
355.33
354.09
352.72
350.55
347.35
343.22
338.57
333.82
329.24
324.82
320.33
315.59
310.9
306.44
301.95
297.38
293.12
289.22
285.71
282.55
280.08
270.14
269.09
268.65
269.17
270.61
272.59
274.89
277.2
279.8
282.78
285.96
289.68
293.48
297.36
301.29
304.3
300.33
301.82
302.77
303.06
296.92
295.72
294.06
278.51
262.66
259.37
255.81
239.64
229.74
224.01
219.79
215.16
210.38
205.49
200.53
196.4
198.8
195.22
191.57
188.35
200
198.2
196.75
208.71
220.78
220.06
219.38
231.05
236.14
236.73
235.59
234.3
232.96
231.54
230.1
228.36
220.55
218.97
217.55
215.95
213.87
211
207.45
203.66
199.41
194.88
190.18
185.57
180.88
176.14
171.37
166.69
161.99
157.29
152.54
142.27
142.45
137.14
132.15
122.42
112.85
103.8
99.43
91.25
83.44
75.94
68.72
66.49
64.52
62.79
61.17
59.6
58.17
56.79
55.47
59.54
59.06
57.76
55.93
58.66
61
62.97
60.41
61.6
64.31
66.64
68.6
65.38
61.83
57.99
53.96
49.79
45.5
41.17
36.84
32.77
28.97
25.51
22.4
19.67
17.32
15.36
13.78
12.59
9.88
7.54
5.58
3.98
2.69
1.7
0.97
0.47
0.16
0
0
0
0
0
0
0
0
0
0
0
0
0
0
0
0
0
0
0
0
0
0
0
0
0
0
0
0
0
0
0
0
0
0
0
0
0
0
0
0
0
0
0
0
0
0
0
0
0
0
0
0
0
0
0
0
0
0
0
0
0
0
0
0
0
0
0
0
0
0
0
0
0
0
0
0
0
0
0
0
0
0
0
0
0
0
0
0
0
0
0
0
0
0
0.2
0.6
1.13
1.81
2.62
3.6
4.78
6.21
7.77
7.89
8.27
8.92
9.93
11.33
13.13
15.24
17.61
20.32
23.46
27.03
30.65
34.24
37.97
41.64
42.56
41.58
45.38
49.26
53.41
59.35
65.32
66.82
65.81
71.53
69.72
75.24
80.86
86.45
91.73
96.67
101.47
106.29
111.13
116.04
123.8
133.6
138.23
142.57
146.62
148.58
142.24
142.21
148.55
152.16
163.36
164.36
168.44
172.56
176.98
181.6
172.99
164.17
168.64
173.07
177.41
181.43
185.31
189.19
193
198.82
208.06
213.61
222.06
219.45
220.65
227.49
225.93
213.51
216.82
220.12
236.7
253.25
256.45
259.71
262.86
266.11
270.27
274.81
279.78
284.5
293.75
304.22
292.45
301.61
305.8
306.77
312.45
328.43
328.06
327.31
326.37
325.52
324.63
323.74
323.26
323.02
322.36
321.34
320.08
319.27
319.02
319.71
335.89
338.43
342.24
346.72
351.72
357.05
362.67
368.42
374.43
380.59
386.78
392.86
398.47
403.64
408.63
413.5
417.7
420.97
423.42
424.98
426.09
426.27
425.52
423.91
421.8
419.38
405.7
392.28
390
387.7
385.41
383.19
381.18
379.28
377.28
375.23
373.59
372.44
371.48
370.69
369.92
369.27
368.78
368.51
368.28
368.08
378.86
388.67
386.4
383.29
379.26
374.51
369.06
363.18
357.11
350.73
344.02
337.36
330.49
323.32
315.77
308.13
300.44
292.64
284.72
276.63
268.34
260.61
253.49
247
241.31
236.3
232.02
228.37
225.29
221.72
212.35
206.63
205.03
203.94
203.44
203.26
203.25
203.49
203.99
204.84
206.23
207.64
209.29
210.74
211.7
212.07
211.8
210.8
199.99
191.49
196.02
197.16
193.42
189.12
184.29
179.02
173.37
167.39
161.12
154.53
147.5
140.17
132.28
121.34
110.33
100.52
93.27
86.33
88.8
89.5
82.97
75.54
69.27
63.27
57.41
51.8
45.98
40.51
36.71
33.43
30.25
27.3
24.66
25.09
25.82
25.63
23.18
20.76
18.3
16.19
14.42
13.2
11.97
10.91
10.1
9.47
9.47
9.47
8.1
6.52
5.13
3.9
2.82
1.92
1.18
0.63
0.24
0.01
0
0
0
0
0
0
0
0
0
0
0
0
0
0
0
0
0
0
0
0
0
0
0
0
0
0
0
0
0
0
0
0
0
0
0
0
0
0
0
0
0
0
0
0
0
0
0
0
0
0
0
0
0
0
0
0
0
0
0
0
0
0
0
0
0
0
0
0
0
0
0
0
0
0
0
0
0
0
0
0
0
0
0
0
0
0
0
0.13
0.44
0.98
1.7
2.55
3.49
4.62
5.98
7.54
7.54
7.54
7.54
8.26
8.96
8.96
8.96
8.96
8.96
8.96
8.96
8.83
8.52
11.06
10.34
9.48
8.55
7.42
7.1
7.42
12.04
16.28
21.73
67.9
72.91
78.66
84.67
90.66
95.29
100.92
107.53
114.58
121.38
118.3
118.3
118.3
118.3
122.2
128.26
133.98
129.37
125.12
127.41
82.74
83.73
86.91
89.8
83.81
88.58
92.65
96.06
98.72
102.37
112.96
113.73
113.73
113.73
114.45
107.35
104.32
115.79
115.79
115.89
123.62
127.63
129.41
131.42
131.42
128.66
127.17
127.6
129.23
130.1
130.93
141.76
153.45
164.54
171.09
182.73
178.16
174.7
187.12
191.64
194.5
196.66
198.76
200.27
212.69
217.46
221.5
218.3
219.32
220.77
221.37
223.09
216.95
216.27
218.61
220.32
230.97
235.78
237.2
224.85
212.04
204.74
202.47
197.99
198.86
202.04
206.62
216.76
221.89
226.27
231.18
234.58
245.84
252.05
255.11
258.5
264.48
267.92
270
285.44
300.77
310.44
299.91
301.63
300.81
288.62
282.61
265.22
247.72
234.35
232.92
231.71
230.46
229.53
212.95
211.99
211.19
211.31
212.23
214.27
216.62
217.16
234.17
242.25
247.32
262.13
268.32
285.21
301.81
314.46
315.21
315.81
316.27
316.43
331.75
330.94
330.05
328.17
325.34
321.32
316.6
313.23
308.12
301.92
295.62
289.61
283.54
277.24
271.19
265.23
259.36
253.5
247.54
241.5
236.08
230.94
225.64
220.45
215.49
210.86
206.87
203.75
201.43
199.68
198.46
197.42
196.73
196.5
196.29
196.04
195.74
195.42
195.18
195.06
194.63
194.05
194.04
194.09
194.16
194.2
193.45
191.72
188.79
183.26
178.24
172.4
165.78
158.4
150.48
142.22
133.41
126.21
118.71
110.93
103.08
95.19
86.7
78.25
69.84
61.47
53.51
45.94
39.28
35.02
30.01
25.71
22.09
19.09
16.66
14.72
13.46
10.72
8.42
6.51
4.88
3.51
2.38
1.46
0.74
0.26
0
0
0
0
0
0
0
0
0
0
0
0
0
0
0
0
0
0
0
0
0
0
0
0
0
0
0
0
0
0
0
0
0
0
0
0
0
0
0
0
0
0
0
0
0
0
0
0
0
0
0
0
0
0
0
0
0
0
0
0
0
0
0
0
0
0
0
0
0
0
0
0
0
0
0
0
0
0
0
0
0
0
0
0
0
0
0
0
0
0
0
0
0
0
0
0
0
0
0
0
0
0
0
0
0
0
0
0
0
0
0
0
0
0
0
0
0
0
0
0
0
0
0
0
0
0
0
0
0
0
0
0
0
0
0
0
0
0
0
0
0
0.42
1.15
2.29
3.87
5.93
8.52
11.63
15.28
19.47
21.8
21.8
25.05
28.59
32.57
37.07
41.91
47.13
52.75
58.8
65.22
70.21
70.89
69.74
74.47
79.21
79.12
76.02
72.36
75.91
73.57
80.59
83.19
79.64
75.67
76.51
79.59
84.34
88.96
93.31
97.49
102.96
112.75
124.19
129.55
134.69
144.46
156.64
168.77
173
184.92
189.79
196.13
207.75
207.75
202.4
194.48
184.51
174.27
168.16
172.23
161.34
150.15
153.13
155.69
158.6
161.13
163.9
167.01
170.75
174.81
178.98
182.64
186.9
202.76
218.73
234.57
250.09
265.72
277.4
278.96
295.54
312.48
315.98
319.8
322.93
325.93
328.74
330.79
332.6
334.02
335.4
337.38
339.66
341.48
333.75
336.44
320.93
308.33
306.04
307.87
309.14
309.86
309.45
308.89
308.46
308.67
309.08
309.92
310.46
310.8
310.8
310.12
309.27
309.35
319.28
319.47
338.66
355.05
357.99
358.17
359.57
361.19
363.01
364.8
366.37
367.09
367.45
367.82
368.12
362.38
358.99
359.11
360.4
360.61
359.71
357.74
354.85
351.38
350.3
347.39
343.42
339.14
334.51
329.64
324.77
320.44
316.88
313.78
311.22
315.18
317.22
316.11
313.75
311.89
310.62
309.76
309.16
301.26
298.95
291.8
291.15
290.62
290.25
290.03
289.81
289.16
287.05
283.53
279.48
274.59
268.81
262.32
255.12
247.62
239.78
231.63
221.59
215.49
202.26
201.04
193.2
181.91
174.08
166.23
158.32
150.54
143.55
137.6
131.78
126.64
122.27
118.58
115.47
112.79
110.51
108.6
108.66
112.37
117.85
116.14
114.17
115.32
112.7
109.75
106.64
102.36
98.11
93.14
88.07
85.54
82.58
79.22
75.48
71.34
66.81
62.03
57.07
51.9
46.65
41.41
36.6
32.25
28.37
24.97
21.96
20.29
18.67
17.73
16.86
13.47
10.46
7.86
5.67
3.9
2.53
1.48
0.71
0.23
0
0
0
0
0
0
0
0
0
0
0
0
0
0
0
0
0
0
0
0
0
0
0
0
0
0
0
0
0
0
0
0
0
0
0
0
0
0
0
0
0
0
0
0
0
0
0
0
0
0
0
0
0
0
0
0
0
0
0
0
0
0
0
0
0
0
0
0
0
0
0
0
0
0
0
0
0
0
0
0
0
0
0
0
0
0
0
0
0
0
0
0
0
0
0
0
0
0
0
0
0
0
0
0
0
0
0
0
0
0
0
0
0
0
0
0
0
0
0
0
0
0.45
1.43
2.8
4.51
6.56
8.93
11.64
14.68
18
19.2
20.75
22.25
24.05
26.16
28.85
28.89
30.38
33.46
37.26
41.37
44.76
47.39
49.3
50.47
51.91
53.41
54.68
55.76
56.84
58.97
61.46
65.2
69.21
67.1
64.41
64.37
62.88
59.8
56
51.89
56.49
62.07
67.81
74.31
70.82
66.95
69.93
75.59
82.36
90.18
97.76
104.18
109.16
119.69
130.45
141.66
153.2
165.01
176.67
188.23
191.17
193.3
195.62
197.52
208.81
220.05
224.42
226.17
218.68
207.53
202.18
202.42
203.64
205.32
194.56
191.32
192.71
183.63
181.36
169.8
158.42
147.09
150.46
154.27
158.37
162.67
166.88
170.81
182.58
197.56
206.56
210.12
213.56
216.8
232.06
239.2
240.96
252.57
256.98
270.49
284.08
297.62
296.36
294.55
292.29
286.87
271.32
263.82
252.54
250.15
247.44
244.6
242.21
240.2
238.76
237.87
237.84
238.75
240.9
243.63
246.42
249.27
252.18
238.88
242.09
248.61
265.38
274.64
288
293.13
298.35
303.54
307.84
311.45
297.63
299.8
285.14
285.54
284.89
283.74
282.26
280.64
278.95
293.52
291.62
288.99
285.91
281.96
264.43
259.75
255.03
250.26
245.85
241.55
253.98
249.8
261.8
246.15
230.86
215.85
212.25
201.29
186.64
183.38
178.7
175.69
173.49
171.79
183.21
181.28
178.86
176.07
173.77
171.64
169.5
167.32
165.2
174.87
184.3
193.54
191.44
196.52
196.52
187.48
177.72
174.45
170.23
158.67
153.84
149.11
144.71
140.6
135.96
131.13
126.61
122.2
117.64
113.05
108.48
103.73
98.76
89.87
93.48
91.21
94.41
87.3
80.04
80.04
73.45
69.7
65.93
62.14
58.23
54.28
50.06
45.79
41.63
37.53
33.47
29.53
25.73
25.99
24.99
27.31
26.15
27.28
28.72
28.98
29.89
27.27
25.33
23.59
21.64
19.97
18.57
17.28
16.11
15.26
14.88
14.38
13.93
13.77
11.17
8.94
6.9
5.16
3.7
3.51
3.3
3.3
2.82
2.91
2.75
2.59
2.45
2.38
2.38
2.28
2.95
2.84
2.84
2.8
2.86
2.82
2.86
2.9
2.93
2.89
2.21
2.22
2.16
1.47
1.47
1.47
1.47
1.47
1.47
1.44
0.34
0.34
0.34
0.28
0.22
0.17
0.13
0.09
0.06
0.04
0.02
0.01
0
0
0
0
0
0
0
0
0
0
0
0
0
0
0
0
0
0
0
0
0
0
0
0
0
0
0
0
0
0
0
0
0
0
0
0
0
0
0
0
0
0
0
0
0
0
0
0
0
0
0
0
0
0
0
0
0
0
0
0
0
0
0
0
0
0
0
0
0
0
0
0
0
0
0
0
0
0
0
0
0
0
0
0
0
0
0.54
1.63
3.1
5.02
7.47
10.53
14.16
18.23
22.76
22.76
22.76
26.21
30.24
34.88
40.04
45.7
51.95
51.95
59.39
67.45
75.06
82.1
88.94
95.49
101.62
107.06
112
116.65
120.92
129.94
138.91
144.5
149.69
154.6
159.07
162.99
160.95
170.34
166
157.94
158.53
150.39
142.08
142.64
135.73
135.5
126.93
121.23
121.41
121.51
118.15
119.6
120.56
120.84
111.21
101.63
108.08
105.11
110.1
122.44
126.51
128.41
128.41
119.38
129.7
135.25
149.1
160.08
165.21
170.42
179.47
184.02
189.34
195.59
195.59
195.59
202.59
213.97
223.79
229.41
234.59
250.41
267.89
285.27
290.75
294.65
298.56
302.53
306.34
309.96
313.21
316.06
318.54
320.32
338.03
355.46
354.9
353.78
342.68
340.87
338.94
337.42
336.44
335.79
335.03
333.93
333.29
333.01
333.42
334.33
335.78
337.45
339.21
341.14
343.34
345.91
348.92
352.42
365.89
369.97
374.21
378.45
382.52
386.36
390.32
394.46
397.56
379.89
380.58
380.12
378.69
376.86
374.75
372.37
369.5
366.17
362.37
358.2
353.7
349.38
345.08
340.64
336.02
331.4
326.65
321.7
317.31
333.18
330.04
327.5
325.4
323.38
321.33
319.35
317.67
316.2
315.04
313.98
313.04
311.28
309.65
307.5
304.98
301.94
298.46
294.7
290.51
274.64
264.68
258.87
252.63
246.11
239.35
232.47
225.36
218.32
211.14
196.17
189.02
182.53
175.69
169.13
162.6
149.69
142.31
136.1
130.08
135.58
135.01
130.1
122.61
118.17
113.97
109.82
105.47
100.74
95.73
98.28
92.69
86.67
80.37
73.07
66.18
69.24
66.94
63.54
60.02
56.28
52.45
48.56
47.48
43.46
39.28
34.88
31.06
27.71
24.81
22.3
20.4
18.93
17.85
17.98
18.08
15.11
12.41
10.02
7.96
6.22
4.7
3.43
2.42
1.68
1.26
1.26
1.17
1.09
1.03
0.99
0.8
0.63
0.49
0.36
0.26
0.18
0.1
0.05
0.01
0
0
0
0
0
0
0
0
0
0
0
0
0
0
0
0
0
0
0
0
0
0
0
0
0
0
0
0
0
0
0
0
0
0
0
0
0
0
0
0
0
0
0
0
0
0
0
0
0
0
0
0
0
0
0
0
0
0
0
0
0
0
0
0
0
0
0
0
0
0
0
0
0
0
0
0
0
0
0
0
0
0
0
0
0
0
0
0
0
0
0
0
0
0
0
0
0
0
0
0
0
0
0
0
0
0
0
0
0
0
0
0
0
0
0
0
0
0
0
0
0
0
0
0
0
0
0
0
0
0
0
0
0
0
0
0
0
0
0
0.34
1.03
1.99
3.15
4.51
6.22
8.3
10.7
13.33
13.33
13.33
13.33
13.61
14.43
15.61
17.19
17.19
17.19
20.24
23.78
27.16
30.38
33.74
37.36
41.16
39.45
39.49
42.65
46.16
52.91
60.26
67.89
75.71
83.33
91.05
98.78
108.49
118.49
125.66
132.37
139.04
145.71
152.11
158.04
163.62
174.39
183.12
188.56
193.55
197.9
201.73
205.52
208.77
211.74
214.38
216.7
218.83
220.58
222.14
224.03
226.71
230.06
234.14
239.14
244.93
251.24
257.86
264.54
271.11
277.72
284.06
289.99
296.08
302.25
308.25
314.32
320.34
326.65
333.17
339.62
344.64
348.13
350.1
350.46
349.4
347.49
344.93
342.12
339.25
336.51
334.13
331.98
330.08
328.46
327.43
326.62
322.81
322.05
321.04
319.66
318.73
318.52
319.04
320.24
322.15
324.16
326.65
329.52
332.75
336.08
339.54
337.9
340.34
324.37
307.87
307.69
306.96
289.66
288.12
270.91
267.31
265.3
263.08
260.88
258.46
256.3
253.55
249.92
245.16
239.5
232.97
231.22
224.75
235.93
242.9
236.6
228.45
234.51
228.36
237.72
233.54
227.88
222.46
217.14
212.06
206.9
202.06
197.87
194.7
192.39
190.67
189.88
189.35
189.02
192.69
192.7
197.75
201.67
201.93
202.26
201.67
199.95
197.21
193.42
188.56
182.87
176.44
169.16
160.9
155.88
150.22
143.23
135.69
126.97
118.42
110.08
101.43
92.68
83.55
74.12
65.61
58.04
51.42
45.74
41.01
37.12
34.01
31.68
30.08
25.07
20.7
16.94
13.73
11.69
9.61
7.52
5.96
4.9
4.22
4.07
4.01
3.93
3.82
3.69
3.54
3.35
3.14
2.9
2.64
2.37
2.08
1.81
1.56
1.47
1.47
1.47
1.47
1.3
1.25
1.13
0.92
0.72
0.56
0.41
0.28
0.18
0.11
0.05
0.02
0
0
0
0
0
0
0
0
0
0
0
0
0
0
0
0
0
0
0
0
0
0
0
0
0
0
0
0
0
0
0
0
0
0
0
0
0
0
0
0
0
0
0
0
0
0
0
0
0
0
0
0
0
0
0
0
0
0
0
0
0
0
0
0
0
0
0
0
0
0
0
0
0
0
0
0
0
0
0
0
0
0
0
0
0
0
0
0
0
0
0
0
0
0
0
0
0
0
0
0
0
0
0
0
0
0
0
0
0
0
0
0
0
0
0
0.31
0.99
1.99
3.29
4.87
6.82
9.33
12.27
15.73
17.4
19.63
22.46
25.95
29.86
34.31
34.31
40.16
46.47
53.67
53.67
53.36
60.97
59.97
65.96
64.38
69.65
77.19
120.86
128.07
137.26
146.02
150.55
157.89
164.89
169.5
180.14
184.8
189.14
192.03
201.57
211
211.98
221.16
213.88
217.27
218.8
214.21
174.01
172.74
171.55
168.75
171.67
164.87
164.71
166.48
166.87
167.56
168.25
169.75
172.1
174.94
178.32
182.14
195.57
205.75
210.69
218.66
225.43
229.28
232.95
237.94
240.91
250.87
255
259.73
258.14
263.6
264.45
270.35
272.57
276.51
282.06
287.33
292.26
297.34
302.58
308.49
315.11
321.72
328.11
334.68
340.77
345.45
348.52
350.13
357.61
357.57
361.94
360.92
363.14
363.14
361.1
342.82
324.47
321.93
319.35
316.48
313.36
310.37
307.93
305.82
304.77
304.57
305.43
307.43
309.71
312.3
314.98
317.78
320.66
323.6
326.58
345.76
364.99
367.63
369.64
371.22
372.18
372.52
371.98
370.61
368.24
365.45
362.02
358.02
353.84
349.54
344.96
340.29
326.4
321.94
317.72
313.59
309.49
305.86
302.61
299.61
296.93
294.58
292.67
291.21
289.82
288.88
287.9
286.77
285.41
283.83
282.37
280.56
287.54
284.66
279.81
264.76
259.77
253.31
247.57
241.52
235.17
228.6
221.86
214.99
208.32
201.53
194.7
187.7
180.68
171.75
164.09
156.18
148.28
140.33
133.62
138.9
133.44
128.89
123.13
117.24
111.3
105.11
98.57
91.61
84.17
76.22
68.67
61.61
54.96
50.57
45.05
40.16
35.75
31.88
28.54
23.26
18.58
14.45
10.84
7.73
5.07
2.95
1.41
0.44
0
0
0
0
0
0
0
0
0
0
0
0
0
0
0
0
0
0
0
0
0
0
0
0
0
0
0
0
0
0
0
0
0
0
0
0
0
0
0
0
0
0
0
0
0
0
0
0
0
0
0
0
0
0
0
0
0
0
0
0
0
0
0
0
0
0
0
0
0
0
0
0
0
0
0
0
0
0
0
0
0
0
0
0
0
0
0
0
0
0
0
0
0
0
0
0
0
0
0
0
0
0
0
0
0
0
0
0
0
0
0
0
0
0
0
0
0
0
0
0
0
0
0
0
0
0
0
0
0
0
0
0
0
0
0
0
0
0
0
0
0
0
0
0
0.24
0.81
1.7
2.82
4.26
6.14
8.45
11.14
14.29
15.01
15.01
16.22
17.76
17.76
19.86
22.22
24.84
27.77
31.02
34.58
37.89
40.87
43.59
46.21
48.64
50.65
52.48
49.79
50.88
54.62
59.44
63.45
67.46
73.4
71.31
68.94
73.34
77.46
81.52
85.48
89.76
94.43
99.4
104.55
106.35
112.12
117.9
128.22
134.72
141.42
148.13
154.59
160.44
165.77
177.24
188.52
193.48
199.11
204.98
211.28
217.84
209.62
201.04
207.68
217.78
223.75
229.64
235.63
241.89
248.44
254.87
261.29
268.56
276.3
283.97
291.86
299.06
305.48
311.27
316.11
319.91
337.82
355.58
357.77
359.75
362
363.86
364.84
364.6
363
361.14
359.38
357.02
354.05
350.69
346.72
342.56
338.48
334.64
331.46
329.09
327.44
326.51
308.8
291.05
289.67
290.89
292.89
295.74
299.26
302.8
306.16
309.7
313.9
318.55
324.21
330.03
335.79
320.65
323.64
328.1
331.99
334.78
354.03
372.78
374.57
373.67
354.38
351.7
348.6
345.28
341.71
337.86
333.46
328.78
323.7
318.73
314.37
331.39
330.47
328.09
326.04
324.64
323.71
323.28
323.32
323.63
341.98
343.5
345.51
347.7
349.83
351.76
353.51
355.31
357
358.52
358.77
357.74
355.58
352.35
345.26
340.56
335.28
329.57
323.41
316.75
309.69
302.34
295.03
287.58
280.2
273.06
266.28
259.42
252.37
245.15
238.43
232.26
226.51
221.31
219.75
206.22
201.03
198.19
186.02
184.34
182.98
181.77
180.46
179.47
178.81
178.41
178.03
169.4
158.98
159.06
159.25
159.26
158.9
158.08
156.75
164.31
163.08
159.15
164.22
158.82
152.89
149.28
144.96
139.31
133.26
126.3
118.64
118.72
120.31
111.19
101.69
92.15
83.17
74.78
66.94
59.51
53.15
47.56
42.72
38.4
34.63
28.36
22.74
18.33
14.23
10.93
8.29
6.24
4.75
3.7
3.11
2.94
2.78
2.61
2.43
2.39
2.22
2.03
1.83
1.62
1.4
1.4
1.4
1.4
1.34
1.21
1.09
0.98
0.89
0.82
0.77
0.64
0.51
0.4
0.3
0.21
0.14
0.08
0.04
0.01
0
0
0
0
0
0
0
0
0
0
0
0
0
0
0
0
0
0
0
0
0
0
0
0
0
0
0
0
0
0
0
0
0
0
0
0
0
0
0
0
0
0
0
0
0
0
0
0
0
0
0
0
0
0
0
0
0
0
0
0
0
0
0
0
0
0
0
0
0
0
0
0
0
0
0
0
0
0
0
0
0
0
0
0
0
0
0
0
0
0
0
0
0
0
0
0
0
0
0
0
0
0
0
0
0
0
0
0
0
0
0.34
0.92
1.75
2.89
4.41
6.19
8.43
11.09
14.26
16.1
18.47
21.2
24.35
24.35
24.35
25.98
31.05
36.62
36.62
43.09
49.53
48.98
55.51
61.79
67.77
73.76
79.34
84.83
89.99
96.54
102.76
108.87
114.65
123.81
123.81
131.6
135.97
139.99
149.81
153.22
156.49
166.73
170.07
173.81
177.8
181.44
185.16
188.46
191.56
194.8
198.08
201.33
204.8
208.12
208.78
212.27
216.17
220.47
224.63
229.16
233.74
238.34
239.5
243.6
247.79
252.5
240.96
247.04
253.89
261.23
268.89
276.8
284.93
293.46
313.68
321.66
329.32
336.31
343.29
349.88
356.29
362.57
372.07
371.03
376.67
381.79
402.88
405.97
398.49
399.18
398.82
397.61
395.58
393.04
391.07
389.17
387.23
386.16
385.72
385.88
386.5
387.24
387.76
395.57
396.46
397.68
399.17
401.38
413.48
416.64
420.4
424.64
429.12
433.56
437.58
441.53
445.25
447.41
446.02
445.25
443.44
440.87
437.61
433.66
429.08
423.96
418.5
412.55
406.29
400.03
394.05
388.37
383.22
378.51
374.07
369.6
365.31
361.76
360.84
358.55
356.73
355.35
354.73
354.67
355.13
355.81
356.57
357.33
358.11
358.79
358.73
357.53
355.11
351.53
346.93
341.73
335.97
329.93
323.93
317.86
311.63
305.4
299.02
292.56
274.48
267.42
260.12
252.88
245.69
238.51
231.49
225.03
219.15
214.03
209.63
204.71
201.64
199.04
196.61
193.69
190.31
186.36
181.83
176.73
182.67
177.21
171.79
166.07
161.9
157.33
152.41
146.99
141.21
134.9
128.08
121.83
113.58
104.56
95.02
86.14
77.94
70.37
63.43
57.11
51.29
45.86
40.76
36.12
30.05
24.55
19.61
15.35
11.59
8.41
5.75
3.63
2.21
1.47
1.22
0.99
0.78
0.6
0.43
0.29
0.17
0.08
0.03
0
0
0
0
0
0
0
0
0
0
0
0
0
0
0
0
0
0
0
0
0
0
0
0
0
0
0
0
0
0
0
0
0
0
0
0
0
0
0
0
0
0
0
0
0
0
0
0
0
0
0
0
0
0
0
0
0
0
0
0
0
0
0
0
0
0
0
0
0
0
0
0
0
0
0
0
0
0
0
0
0
0
0
0
0
0
0
0
0
0
0
0
0
0
0
0
0
0
0
0
0
0
0
0
0
0
0
0
0
0
0
0
0
0
0
0
0
0
0
0
0
0
0
0
0
0
0
0
0
0
0
0
0.67
1.81
3.88
6.47
9.38
12.66
16.35
20.33
24.7
28.55
28.55
31.13
37.3
37.3
37.3
45.07
45.07
53.81
70.61
80.4
89.5
95.56
103.08
103.82
100.91
107.9
114.48
113.94
109.56
115.97
125.87
132.93
126.76
136.25
136.25
129.22
135.26
136.2
122.04
120.18
119.77
121.67
121.28
127.03
127.03
116.76
116.28
122.8
129.34
123.96
124.35
124.15
124.15
125.49
136.71
147.73
153.78
156.32
166.25
171.42
175.86
181.02
186.31
192.2
206.87
221.71
227
232.55
241.96
253.58
255.37
263.68
282.05
290.08
298.18
305.94
313.66
321.69
329.66
337.3
344.42
351.15
357.67
363.6
369.67
375.35
380.51
385.21
389.48
393.24
401.49
403.75
405.08
405.44
404.88
403.73
402.09
399.92
397.31
394.3
390.87
387.33
384.01
381.54
379.96
379.16
379.16
379.66
380.37
381.12
381.86
382.99
384.57
386.83
389.89
393.67
397.87
401.94
406.16
410.66
415.51
420.55
425.43
429.19
431.76
424.44
413.22
412.57
411.29
409.51
407.27
404.6
401.45
397.76
393.33
387.06
379.51
374.69
370.04
365.58
361.23
356.9
352.55
348.52
344.97
350.55
359.54
357.48
355.82
354.65
353.83
353.29
353.01
353.01
353.46
351.52
354.41
354.34
353.43
351.66
348.96
330.79
326.55
321.81
316.67
311.8
306.97
301.5
296.91
292.05
287.08
269.15
251.3
233.5
227.5
225.21
218.92
212.93
207.49
202.63
197.31
208.27
205.26
202.82
200.52
197.8
194.64
191.87
187.83
183.63
179.37
188.08
196.66
205.02
201.24
197.3
193.36
188.99
184.07
178.6
173.66
167.15
160.08
152.44
144.6
134.21
127.8
121.27
114.74
108.18
101.46
94.4
87.12
79.71
72.34
65.03
57.53
50.65
44.4
38.76
33.72
29.27
25.37
22.02
19.13
19.13
15.51
12.31
9.48
7.03
4.98
3.33
2.03
1.08
0.4
0
0
0
0
0
0
0
0
0
0
0
0
0
0
0
0
0
0
0
0
0
0
0
0
0
0
0
0
0
0
0
0
0
0
0
0
0
0
0
0
0
0
0
0
0
0
0
0
0
0
0
0
0
0
0
0
0
0
0
0
0
0
0
0
0
0
0
0
0
0
0
0
0
0
0
0
0
0
0
0
0
0
0
0
0
0
0
0
0
0
0
0
0
0
0
0
0
0
0
0
0
0
0
0
0
0
0
0
0
0
0
0
0
0
0
0
0
0
0
0
0.24
0.69
1.41
2.41
3.71
5.26
6.96
8.81
10.82
12.34
14.24
16.6
19.41
22.78
26.5
30.67
35.33
35.33
40.93
47.01
53.09
59.31
64.94
70.53
76.14
81.8
87.56
93.5
99.46
105.96
111.97
117.38
122.2
126.14
129.77
133.2
135.09
136.01
138.81
140.5
143.14
136.47
130.12
133.11
136.07
139.02
142.16
145.3
148.74
151.55
156.06
161.3
166.9
173.23
179.96
186.67
194.68
208.46
214.62
214.19
219.59
219.59
232.23
237.5
242.65
247.48
251.93
256.21
260.29
249.47
242.84
245.5
232.27
235.33
233.37
236.76
240.4
243.05
242.62
252
249.49
269.26
276.25
280.37
284.19
288.08
291.84
295.38
298.66
317.78
331.11
334.79
350.19
352.74
359.6
360.6
360.87
361.8
365.79
367.26
373.74
372.6
371.79
372.24
372.87
373.47
374.16
375.32
376.91
378.59
380.45
382.24
387.99
388.39
390.21
392.37
394.76
397.31
399.95
402.6
405.21
407.42
409.32
409.88
410.77
411.95
413.48
414.34
414.46
413.74
412.68
411.36
390.21
390.27
389.05
387.61
385.96
374.42
372.24
369.79
366.98
364.11
361.5
360.8
360.29
359.71
359.07
358.87
349.09
349.77
350.68
351.66
372.55
373.79
375.15
376.41
377.57
378.43
379.93
381.38
382.72
384.39
385.57
384.58
382.3
369.67
355.83
349.19
350.94
339.02
331.45
323.54
315.08
306.17
296.84
286.81
277.16
277.74
268.98
260.25
251.83
243.43
235.27
227.92
220.94
223.31
224.8
215.72
210.14
207.79
200.05
193.11
184.09
176.68
170.07
163.85
156.9
149.39
140.87
132.09
122.85
112.91
102.58
92
81.42
71.6
63.56
58.7
51.85
45.34
39.82
33.88
30.47
25.85
20.82
16.39
12.62
9.4
6.61
4.29
2.47
1.17
0.37
0
0
0
0
0
0
0
0
0
0
0
0
0
0
0
0
0
0
0
0
0
0
0
0
0
0
0
0
0
0
0
0
0
0
0
0
0
0
0
0
0
0
0
0
0
0
0
0
0
0
0
0
0
0
0
0
0
0
0
0
0
0
0
0
0
0
0
0
0
0
0
0
0
0
0
0
0
0
0
0
0
0
0
0
0
0
0
0
0
0
0
0
0
0
0
0
0
0
0
0
0
0
0
0
0
0
0
0
0
0
0
0
0
0
0
0
0
0
0
0
0
0
0
0
0
0
0
0
0
0
0
0
0
0
0.2
0.64
1.29
2.14
3.21
4.45
5.84
7.41
9.21
9.21
9.21
9.21
9.21
9.21
9.29
9.58
10.07
10.07
11.01
12.17
11.97
12.9
13.72
14.44
13.37
12.13
10.74
9.9
10.4
12.74
15.23
18.12
21.36
24.79
28.29
28.01
30.71
33.44
37.18
40.87
40.87
44.67
48.63
52.89
59.42
66.29
70.32
76.93
82.62
88.78
95.16
101.4
98.17
94.74
101.16
111.55
108.36
105.62
110.63
115.83
127.57
130.19
137.22
143.85
137.32
143.55
152.85
145.52
137.53
129.03
133.55
139.04
152.71
164.67
154.65
158.35
172.66
172.66
162.97
167.89
171.46
178.05
179.72
182.19
196.87
197.06
198.12
207.48
207.48
220.64
221.6
221.69
222.98
226.25
241.68
243.23
244.48
260.02
275.16
274.95
274.33
274.6
275.37
275.52
276.04
278.14
279.34
284.16
291.62
278.46
280.32
281.58
282.31
282.56
282.49
282.04
281.66
281.24
281.45
282.33
283.35
284.28
284.84
285.22
285.99
286.92
288.11
291.26
301.51
319.67
321.95
324.75
328.04
331.57
335.23
339.22
343.24
347.34
351.28
355.04
358.82
362.92
367.21
371.49
374.71
377.03
378.32
378.6
378.11
376.8
374.83
372.33
369.42
366.34
363.1
360.39
357.96
355.84
353.26
351.21
349.03
346.69
344.26
341.85
339.58
338.29
337.41
336.37
336.03
335.99
336.17
336.24
336.19
336.06
335.45
333.69
330.98
327.13
323.11
317.83
311.69
305.69
299.3
292.35
284.95
276.27
267.32
258.23
248.01
237.05
225.4
213.56
201.45
191.86
182.2
172.33
162.44
152.88
143.36
133.49
124.35
114.46
104.4
94.44
85.34
77.04
68.79
61.63
55.25
49.65
44.79
40.5
36.87
30.91
25.62
20.99
16.99
13.43
10.37
8.26
6.29
4.88
4.01
3.57
3.17
2.79
2.79
2.47
2.19
1.94
1.75
1.55
1.27
1.02
0.79
0.59
0.42
0.28
0.17
0.09
0.03
0
0
0
0
0
0
0
0
0
0
0
0
0
0
0
0
0
0
0
0
0
0
0
0
0
0
0
0
0
0
0
0
0
0
0
0
0
0
0
0
0
0
0
0
0
0
0
0
0
0
0
0
0
0
0
0
0
0
0
0
0
0
0
0
0
0
0
0
0
0
0
0
0
0
0
0
0
0
0
0
0
0
0
0
0
0
0
0
0
0
0
0
0
0
0
0
0
0
0
0
0
0
0
0
0
0
0
0
0
0
0
0
0
0
0
0
0
0
0
0
0
0
0
0
0
0
0
0
0
0
0
0
0
0
0
0
0
0
0
0
0
0
0
0
0
0
0
0
0
0
0
0
0
0
0
0
0
0
0
0
0
0
0
0
0
0
0
0
0.36
1.17
2.45
4.21
6.48
9.33
12.72
16.63
21.05
21.05
21.05
21.87
23.35
25.43
28.1
31.39
35.36
40.1
45.53
51.14
56.84
62.53
68.23
73.95
79.69
85.35
90.91
94.97
100.2
110.19
120.27
129.72
138.69
147.09
144.68
141.4
143.18
139.41
144.42
145.36
151.5
157.49
150.52
155.85
160.71
165.02
169.11
174.61
164.95
158.67
161.01
165.53
169.4
173.49
188.22
204.15
214.53
229.92
235.98
246.08
251.37
257.18
276.45
283.75
291.75
300.46
309.39
318.09
340.49
359.39
369.87
378.21
387.34
396.34
404.95
402.22
409.74
417.25
424.69
432.1
437.96
442.23
444.69
445.56
445.11
443.63
441.28
438.47
435.98
433.88
432.14
430.64
429.24
428.06
427.2
436.98
436.44
435.63
434.39
432.91
432.05
431.85
432.41
433.61
435.25
437.19
439.37
441.51
442.23
441.46
439.12
435.53
430.95
425.54
418.11
411.27
403.9
396.34
389.27
382.71
376.55
370.82
365.4
360.17
355.02
349.91
345.08
340.7
337.11
334.23
332.07
330.6
329.43
329.01
330.13
330.18
330.53
330.96
330.96
329.82
327.69
323.74
318.97
314.54
309.58
304.04
297.82
290.92
283.77
275.93
267.47
258.14
248.21
237.14
220.72
208.31
195.06
181.14
172.19
163.28
154.29
146.01
137.49
127.81
118.13
108.57
99.01
89.36
79.48
70.46
62.27
55.03
48.66
43.16
43.16
39.38
36.52
34.51
27.83
21.87
16.66
12.25
8.66
5.82
3.55
1.77
0.58
0
0
0
0
0
0
0
0
0
0
0
0
0
0
0
0
0
0
0
0
0
0
0
0
0
0
0
0
0
0
0
0
0
0
0
0
0
0
0
0
0
0
0
0
0
0
0
0
0
0
0
0
0
0
0
0
0
0
0
0
0
0
0
0
0
0
0
0
0
0
0
0
0
0
0
0
0
0
0
0
0
0
0
0
0
0
0
0
0
0
0
0
0
0
0
0
0
0
0
0
0
0
0
0
0
0
0
0
0
0
0
0
0
0
0
0
0
0
0
0
0
0
0
0
0
0
0
0
0
0
0
0
0
0
0
0
0
0
0
0
0
0
0
0
0
0
0
0
0
0
0
0
0
0.27
0.84
1.73
2.91
4.37
6.17
8.33
10.91
14.02
14.19
14.78
14.78
15.24
16.97
19.07
21.51
24.53
24.53
28.38
28.38
31.73
31.15
34.1
37.74
36.27
39.56
43.78
47.04
47.78
51.46
59.08
59.08
58.63
61.36
68.35
74.27
79.63
89.19
95.39
105.99
113.19
124.68
120.84
121.33
133.74
140.94
147.03
153.72
162.47
171.15
166.69
179.14
191.66
199.85
203.29
207.74
212.51
216.32
219.8
222.72
225.49
223.89
238.11
247.84
246.2
250.21
254.3
258.48
262.62
266.78
279.77
284.46
289.38
289.48
294.88
300.29
300.5
305.61
309.49
314.61
319.77
322.91
327.14
330.01
336.76
337.53
337.59
337.3
337
337.05
337.19
336.86
336.4
340.95
340.6
340.41
345.65
346.37
348.48
349.89
351.45
359.02
361.04
363.82
367.19
371.04
375.5
379.93
384.73
389.12
393.39
397.71
399.85
401.94
404.68
406.81
407.63
407.27
406.55
386.51
379.39
376.38
373.52
370.2
366.43
362.93
359.7
357.08
354.56
352.19
349.89
348.1
348.44
348
347.06
346.27
345.59
345.94
346.23
365.24
370.39
371.02
371.44
372
373.14
373.28
372.27
370.41
368
365
361.04
341.71
336.49
331.53
326.62
321.61
317.14
311.46
305.72
300.33
294.91
289.47
275.97
258.04
252.26
246.98
242.19
237.59
232.33
227.89
224.71
236.42
233.9
231.62
227.82
223.18
217.75
212.25
206.07
198.86
186.94
179.18
182.58
189.9
184.02
177.68
170.87
163.67
156.19
147.37
137.27
126.35
114.64
102.92
92.24
82.51
73.69
65.68
58.51
52.1
51.08
46.09
38.15
30.83
24.23
18.3
13.06
8.47
4.91
2.43
0.79
0
0
0
0
0
0
0
0
0
0
0
0
0
0
0
0
0
0
0
0
0
0
0
0
0
0
0
0
0
0
0
0
0
0
0
0
0
0
0
0
0
0
0
0
0
0
0
0
0
0
0
0
0
0
0
0
0
0
0
0
0
0
0
0
0
0
0
0
0
0
0
0
0
0
0
0
0
0
0
0
0
0
0
0
0
0
0
0
0
0
0
0
0
0
0
0
0
0
0
0
0
0
0
0
0
0
0
0
0
0
0
0
0
0
0
0
0
0
0
0
0
0
0
0
0
0
0
0
0
0
0
0
0
0
0
0
0
0
0
0
0
0
0
0
0
0
0
0
0
0
0
0
0
0
0
0
0
0
0
0
0
0
0
0
0
0
0
0
0
0
0
0
0
0
0
0
0
0
0
0
0
0
0
0
0
0
0
0
0
0
0
0.42
1.34
2.7
4.5
6.75
9.48
12.71
16.4
20.62
21.85
23.67
26.23
29.58
33.78
38.82
44.3
50.31
56.94
64.08
71.81
79.53
86.98
93.86
99.7
103.2
109.19
115.53
115.31
121.09
119.86
129.81
127.26
123.91
119.7
121.44
130.17
129.05
136.88
129.74
137.37
145.48
147.95
156.32
165.89
176.91
185.52
193.09
206.49
213.27
230.04
235.26
251.8
269.08
286.11
296.68
300.12
313.15
316.82
335.18
338.23
340.55
348.6
351.35
354
357.71
361.44
365.89
370.84
376.13
381.63
387.07
393.02
398.22
403.54
408.35
412.68
416.69
420.48
423.9
427.26
430.22
432.41
433.63
433.86
432.92
430.72
427.58
419.01
414.87
410.24
405.21
400.08
395.24
390.58
386.54
382.97
379.62
376.25
373.35
370.76
368.58
367.2
357.99
356.68
357.22
358.44
359.99
366.57
368.33
370.38
372.64
374.9
375.14
376.33
376.51
375.91
374.79
373.2
370.63
366.48
360.88
353.65
353.54
344.77
333.61
321.5
308.57
294.94
285.09
274.21
262.3
249.45
237.43
223.52
209.27
194.5
179.07
163.26
147.35
132.66
119.16
106.88
95.77
85.81
77.33
69.75
63.02
57.09
47.51
38.9
31.3
24.66
18.86
13.93
9.89
6.85
4.82
3.67
3.27
2.94
2.68
2.48
2.36
2.29
1.85
1.46
1.12
0.83
0.59
0.38
0.23
0.11
0.04
0
0
0
0
0
0
0
0
0
0
0
0
0
0
0
0
0
0
0
0
0
0
0
0
0
0
0
0
0
0
0
0
0
0
0
0
0
0
0
0
0
0
0
0
0
0
0
0
0
0
0
0
0
0
0
0
0
0
0
0
0
0
0
0
0
0
0
0
0
0
0
0
0
0
0
0
0
0
0
0
0
0
0
0
0
0
0
0
0
0
0
0
0
0
0
0
0
0
0
0
0
0
0
0
0
0
0
0
0
0
0
0
0
0
0
0
0
0
0
0
0
0
0
0
0
0
0
0
0
0
0
0
0
0
0
0
0
0
0
0
0
0
0
0
0
0
0
0
0
0
0
0
0
0
0
0
0
0
0
0
0
0
0
0
0
0
0
0
0
0
0.28
0.78
1.5
2.42
3.66
5.27
7.28
9.77
12.8
12.8
12.8
12.82
13.24
14.06
15.28
16.81
18.49
20.54
23.03
25.92
28.88
32.06
35.38
39.02
42.84
46.79
50.9
48.4
45.38
45.38
45.38
45.35
51.61
58.04
66.34
75.03
84.18
93.28
102.3
111.41
109.57
116.35
124.15
131.63
138.67
145.37
151.66
164.11
176.59
189.17
202.14
215.61
222.67
229.21
233.34
223.13
225.99
221.62
217.73
205.74
204.34
193.87
196.01
184.91
186.84
188.57
190.03
190.24
177.76
165.18
165.63
165.35
164.65
164.38
164.87
179.55
180.95
189.66
197.98
214.48
231.44
248.61
252.05
268.77
272.52
276.33
280.12
285.04
302.59
320.31
324.69
329.22
333.97
337.77
340.46
342.08
342.81
342.84
342.09
340.59
338.48
335.98
333.14
329.94
327.03
324.71
323.14
322.28
321.98
321.89
321.92
322.33
322.86
324
325.64
327.73
329.82
331.95
334.27
336.72
332.03
317.36
319.93
322.39
323.76
322.66
321.41
318.91
315.37
311.1
306.43
301.13
295.39
289.19
282.69
276.1
270.2
264.58
258.85
252.93
254.06
265.49
259.97
254.93
250.83
248.85
246.36
241.79
238.62
234.85
230.33
225.25
219.56
213.42
207.69
201.34
198.52
194.88
190.86
186.33
181.33
175.1
167.47
158.71
148.67
137.38
125.33
115.99
105.77
96.52
88.22
80.75
74.13
68.25
62.23
56.97
47.94
39.69
32.05
25.03
19.07
14.17
10.43
7.53
5.63
4.69
4.52
4.29
4.02
3.71
3.38
3.08
2.82
2.58
2.36
2.17
2.01
1.87
1.75
1.75
1.44
1.15
0.89
0.66
0.46
0.3
0.17
0.08
0.02
0
0
0
0
0
0
0
0
0
0
0
0
0
0
0
0
0
0
0
0
0
0
0
0
0
0
0
0
0
0
0
0
0
0
0
0
0
0
0
0
0
0
0
0
0
0
0
0
0
0
0
0
0
0
0
0
0
0
0
0
0
0
0
0
0
0
0
0
0
0
0
0
0
0
0
0
0
0
0
0
0
0
0
0
0
0
0
0
0
0
0
0
0
0
0
0
0
0
0
0
0
0
0
0
0
0
0
0
0
0
0
0
0
0
0
0
0
0
0
0
0
0
0
0
0
0
0
0
0
0
0
0
0
0
0
0
0
0
0
0
0
0
0
0
0
0
0
0
0
0
0
0
0
0.02
0.05
0.1
0.16
0.24
0.33
0.43
0.55
0.68
0.68
0.68
0.68
0.68
0.68
0.68
0.71
1.15
2.32
3.9
5.91
8.51
11.61
15.25
19.44
24.13
25.11
25.01
24.89
27.3
30.44
35.03
40.08
45.62
51.79
58.62
66.12
73.47
79.93
86.12
87.37
86.31
91.07
95.3
99.06
102.39
109.48
117.85
124.65
126.28
123.14
124.6
119.55
122.41
126.41
129.62
122.09
116.28
110.98
115.02
124.14
132.66
136.02
129.44
123.15
115.05
121.01
127.01
134.88
145.34
158.02
164.64
178.04
184.43
189.46
195.12
211.02
224.79
238.34
242.37
244.66
250.49
255.35
270.68
285.83
302.97
306.18
309.58
312.93
316.94
323.33
330.04
336.43
341.69
346.68
351.26
355.74
360.44
365.05
368.62
374.47
379.06
383.07
386.2
389
391.23
393.11
394.33
395.23
395.24
394.65
393.59
391.95
390.3
388.79
387.54
386.57
385.78
383.17
383.72
383.22
381.65
381.63
381.87
382.12
382.56
383.11
383.54
383.98
384.68
385.59
386.66
387.89
388.33
388.02
386.69
384.35
381.32
379.7
375.78
370.36
366.82
361.14
354.54
347.21
339.13
330.13
320.74
310.52
299.28
287.01
276.69
265.02
253.15
241.37
229.62
217.74
205.43
192.54
179.2
166.39
151.95
138.45
125.89
114.22
103.36
93.4
84.07
75.59
68.05
61.53
52.46
44.76
37.78
31.71
26.32
21.55
17.64
14.58
12.05
10.4
9.54
8.66
7.76
6.85
6.66
6.48
6.31
6.14
5.96
5.68
5.94
6.12
6.23
5.77
5.2
4.79
4.39
4.07
3.91
3.75
3.66
3.64
3.64
3.64
2.96
2.35
1.8
1.33
0.92
0.6
0.35
0.17
0.05
0
0
0
0
0
0
0
0
0
0
0
0
0
0
0
0
0
0
0
0
0
0
0
0
0
0
0
0
0
0
0
0
0
0
0
0
0
0
0
0
0
0
0
0
0
0
0
0
0
0
0
0
0
0
0
0
0
0
0
0
0
0
0
0
0
0
0
0
0
0
0
0
0
0
0
0
0
0
0
0
0
0
0
0
0
0
0
0
0
0
0
0
0
0
0
0
0
0
0
0
0
0
0
0
0
0
0
0
0
0
0
0
0
0
0
0
0
0
0
0
0
0
0
0
0
0
0
0
0
0
0
0
0
0
0
0
0
0
0
0
0
0
0
0
0
0
0
0
0
0
0
0
0
0
0
0
0
0
0
0.02
0.05
0.1
0.16
0.24
0.33
0.44
0.55
0.98
1.41
2.78
4.76
7.2
10.12
13.63
17.72
22.12
22.12
22.12
22.64
23.58
23.55
25.25
27.38
30.04
33.21
36.83
40.91
44.88
48.79
51.89
54.43
56.88
59.34
61.54
63.42
65.26
71.68
75.75
75.23
78.5
84.66
90.33
88.13
93.3
98.11
102.84
98.64
94.24
89.91
94.29
94.12
99.36
93.99
88.28
90.78
94.06
97.3
101.96
112.08
118.32
122.76
125.11
135.99
139.02
141.18
137.96
148.62
160.2
171.82
174.68
182.15
184.06
196.07
208.13
211.85
214.4
217.43
221.85
225.36
229.18
218.57
223.96
228.62
233.48
239.1
249.75
254.79
258.94
263.07
267.09
269.12
272.36
275.66
278.96
282.23
285.55
287.83
289.4
276.73
275.16
288.51
273.36
269.01
264.99
261.9
258.71
255.77
252.83
249.9
246.96
245.99
243.7
241.85
240.31
238.93
237.92
237.52
237.51
251.3
253.41
254.9
269.78
273.45
276.48
278.47
280.6
282.64
284.62
286.55
288.45
290.2
291.77
292.45
292.32
291.47
289.87
286.96
282.87
276.71
270.63
263.7
255.84
247.17
237.69
227.42
222.19
216.11
209.28
201.67
193.31
184.25
174.44
164.25
153.4
142.57
131.4
121.29
112.2
105.07
97.72
91.12
85.31
80.27
76.01
72.5
63.8
55.86
48.62
42.08
36.26
31.02
26.64
23.01
20.31
18.6
17.63
16.58
15.5
14.04
12.65
11.45
10.51
9.63
8.79
7.81
7.03
6.41
5.9
5.53
5.2
5.09
4.87
4.73
4.74
4.19
3.66
3.18
2.82
2.87
3.06
3.12
2.99
2.87
2.77
2.86
2.83
2.7
2.56
2.34
2.15
1.93
1.78
1.6
1.45
1.31
1.2
1.16
1.09
1.04
0.85
0.67
0.52
0.39
0.27
0.18
0.11
0.05
0.02
0
0
0
0
0
0
0
0
0
0
0
0
0
0
0
0
0
0
0
0
0
0
0
0
0
0
0
0
0
0
0
0
0
0
0
0
0
0
0
0
0
0
0
0
0
0
0
0
0
0
0
0
0
0
0
0
0
0
0
0
0
0
0
0
0
0
0
0
0
0
0
0
0
0
0
0
0
0
0
0
0
0
0
0
0
0
0
0
0
0
0
0
0
0
0
0
0
0
0
0
0
0
0
0
0
0
0
0
0
0
0
0
0
0
0
0
0
0
0
0
0
0
0
0
0
0
0
0
0
0
0
0
0
0
0
0
0
0
0.28
0.91
2.03
3.78
6.13
9.12
12.71
16.74
21.34
21.34
21.34
21.34
23.01
25.24
28.01
31.24
35
35
38.06
43.02
48.2
52.38
57.39
61.85
59.5
57.46
60.84
64.29
67.59
75.97
84.66
93.59
101.15
108.41
115.25
121.78
127.72
137.33
143.62
148.06
152.03
156.74
160.32
162.96
173.28
182.87
175.9
179.03
181.61
183.79
185.88
187.86
189.53
191.07
192.95
195.24
185.54
175.93
180.42
182.22
187.41
188.83
193.07
199.71
205.35
211.29
227.6
233.76
240.3
246.78
253.12
259.71
266.68
273.73
280.29
268.25
275.41
293.36
283.6
289.07
292.21
296.08
299.98
298.26
299.5
299.79
300.3
300.18
299.69
299.19
298.23
296.43
293.93
290.96
288.01
302.79
310.48
307.39
318.13
316.71
314.51
314.46
312.77
315.38
314.76
314.76
314.86
315.36
316.04
316.98
318.57
320.83
323.56
326.7
329.56
332.66
335.73
339.3
342.92
344.44
346.39
348.71
349.06
348.78
347.94
345.99
343.54
340.49
337.15
333.33
328.98
321.59
316.41
311.22
306.47
301.93
297.31
292.19
287.06
283.57
279.29
275.38
271.95
269.6
267.51
266.69
266.02
264.86
263.02
260.55
257.52
256.53
252.38
246.94
240.21
232.22
228.06
222.86
216.63
209.44
201.33
192.39
182.7
171.56
159.7
146.77
133.34
120.78
109.1
98.26
88.2
78.89
70.36
62.94
56.63
51.41
42.35
34.31
27.58
21.81
16.95
12.97
9.79
7.35
5.7
4.76
4.46
4.13
3.75
3.41
3.1
2.83
2.58
2.38
2.21
2.08
1.98
1.93
1.58
1.27
0.99
0.74
0.53
0.36
0.22
0.11
0.04
0
0
0
0
0
0
0
0
0
0
0
0
0
0
0
0
0
0
0
0
0
0
0
0
0
0
0
0
0
0
0
0
0
0
0
0
0
0
0
0
0
0
0
0
0
0
0
0
0
0
0
0
0
0
0
0
0
0
0
0
0
0
0
0
0
0
0
0
0
0
0
0
0
0
0
0
0
0
0
0
0
0
0
0
0
0
0
0
0
0
0
0
0
0
0
0
0
0
0
0
0
0
0
0
0
0
0
0
0
0
0
0
0
0
0
0
0
0
0
0
0
0
0
0
0
0
0
0
0
0
0
0
0
0
0
0
0
0
0
0
0
0
0
0
0
0.4
1.13
2.32
3.95
6.04
8.68
11.79
15.39
19.43
19.43
19.43
19.43
20.74
23.57
26.9
29.62
33.9
38.71
43.97
48.69
49.68
48.95
54.25
59.31
63.92
67.94
71.31
74.3
77
83.98
91.34
99.07
105.95
111.72
117.42
124.25
129.13
134.05
139.1
145.08
149.62
149.62
143.12
137.92
142.74
147.96
153.71
159.41
164.68
169.77
172.61
171.16
175.09
178.51
181.22
183.21
179.44
177.81
178.65
179.26
183.62
183.62
190.82
202.21
204.53
207.36
210.79
214.97
220.06
225.58
233.14
245.09
251.73
258.91
266.62
274.74
288.96
300.39
308.76
316.88
325.83
344.49
355.39
360.43
364.08
366.41
367.23
367.03
357.14
339.56
325.52
320.96
318.99
316.54
313.89
311.29
309.01
307.1
305.28
303.68
302.92
303.77
306.14
309.17
312.92
317.27
322.48
328.03
342.68
364.52
382.59
390.78
395.86
400.75
405.59
410.43
414.9
418.94
422.77
426.38
428.72
429.43
428.67
426.85
424.16
420.72
416.49
407.58
402.13
396.39
390.38
384.1
377.57
371.46
357.53
351.61
346.11
341.22
336.07
331.22
327.69
324.87
322.38
320.44
319.03
318.32
318.08
322.4
323.23
307.12
309.31
306.75
291.42
292.85
301.42
301.09
299.73
297.29
294.77
291.74
286.85
281.37
276.8
261.72
256.7
251.14
244.78
237.57
229.53
237.9
227.45
221.24
227.38
215.86
200.64
192.2
183.68
175.05
165.12
155.18
146.18
136.93
125
124.32
112.97
101.59
91
81.21
72.17
63.93
56.48
49.75
43.64
38.21
37.13
29.94
23.5
