start_date: 1960-10-01 24:00
start_date: 2013-09-30 24:00
data_date: 1960-10-01 24:00
timestep: 1 DAY
units: cfs
scale: 1.000000
#Series Slot: ReferenceDemands.Butte [1 cfs]
20.91
17.8
14.9
12.2
9.71
7.44
5.38
3.56
1.97
0.63
0
0
0
0
0
0
0
0
0
0
0
0
0
0
0
0
0
0
0
0
0
0
0
0
0
0
0
0
0
0
0
0
0
0
0
0
0
0
0
0
0
0
0
0
0
0
0
0
0
0
0
0
0
0
0
0
0
0
0
0
0
0
0
0
0
0
0
0
0
0
0
0
0
0
0
0
0
0
0
0
0
0
0
0
0
0
0
0
0
0
0
0
0
0
0
0
0
0
0
0
0
0
0
0
0
0
0
0
0
0
0
0
0
0
0
0
0
0
0
0
0
0
0
0
0
0
0
0
0
0
0
0
0
0
0
0
0
0
0
0
0
0
0
0
0
0
0
0
0
0
0
0
0
0
0
0
0.2
0.6
1.21
2.02
3.05
4.32
5.82
7.61
9.67
10.93
12.38
14.07
16.08
18.46
21.32
24.56
28.03
31.76
35.69
39.92
43.98
48.14
52.34
56.42
60.57
64.73
68.88
72.85
75.26
80.19
78.74
84
89
93.62
97.7
101.46
105.22
109.07
113.09
116.97
121.15
125.05
128.62
132.51
135.22
139.06
133.4
131.19
136.76
140.8
151.14
154.76
158.83
163.39
168.26
173.38
177.73
180.29
184.07
188.19
192.48
197.23
199.91
204.67
210.5
215
228.32
224.77
225.97
215.75
217.62
221.82
225.76
229.68
233.99
238.66
240.07
247.98
247.77
254.51
261.04
267.45
276.71
284.02
291.66
299.86
308.87
331.37
342.77
365.56
376.55
385.25
393.12
399.83
405.04
408.85
415.74
416.91
423.95
422.98
421.15
418.28
414.3
409.7
404.48
398.12
390.99
383.51
375.79
367.78
350.68
340.16
332.15
325.44
320.21
316.2
313.47
311.88
311.4
311.92
313.38
316.02
319.36
322.79
326.17
330.28
335.14
340.28
345.74
351.54
366.13
373.71
379.47
376.06
380.42
384.19
383.49
385.91
387.8
389.05
370.97
370.93
370.45
369.62
368.66
367.45
365.17
362.32
358.67
354.09
348.69
342.86
336
335.53
327.37
318.74
313.42
303.82
293.5
282.64
290.95
280.06
268.61
256.91
245
232.47
220.59
208.99
197.71
187.11
177.29
168.21
160.12
154.3
147.42
136
124.87
114.42
108.82
103.71
98.07
92.76
87.82
84.24
80.78
77.67
74.34
70.94
67.53
63.79
59.49
54.56
49.22
43.46
38.02
37.72
37.72
37.72
33.68
29.88
26.39
23.23
20.42
16.86
13.67
10.8
8.24
5.93
3.88
2.22
1.07
0.36
0
0
0
0
0
0
0
0
0
0
0
0
0
0
0
0
0
0
0
0
0
0
0
0
0
0
0
0
0
0
0
0
0
0
0
0
0
0
0
0
0
0
0
0
0
0
0
0
0
0
0
0
0
0
0
0
0
0
0
0
0
0
0
0
0
0
0
0
0
0
0
0
0
0
0
0
0
0
0
0
0
0
0
0
0
0
0
0
0
0
0
0
0
0
0
0
0
0
0
0
0
0
0
0
0
0
0
0
0
0
0
0
0
0
0
0
0
0
0
0
0
0
0
0
0
0
0
0
0
0
0
0
0
0
0
0
0
0
0
0
0
0
0
0
0
0
0
0
0
0
0
0
0
0
0
0
0
0
0
0
0
0
0.01
0.01
0.01
0.24
0.76
1.61
2.84
4.41
6.22
8.35
10.89
13.91
15.66
17.26
19.19
21.42
24.19
27.4
31.06
35.21
39.83
44.94
50.66
56.56
62.22
61.37
64.88
70.57
74.15
79.16
84.89
90.28
97.3
104.77
111.98
111.17
118.3
115.09
111.43
117.75
123.89
118.77
124.23
129.27
134.07
134.07
140.31
144.01
149.72
153.89
145.62
148.85
151.81
149.27
152.1
162.83
165.07
177.53
190.47
193.25
195.9
203.72
206.5
209.67
213.42
228.47
232.87
237.86
243.11
248.63
265.97
272.11
260.39
272.05
279.84
287.71
295.76
303.68
311.4
319.13
326.95
340.33
347.74
354.99
362.22
369.22
375.91
382.09
387.94
393.2
397.81
401.8
423.28
426.33
427.49
428.41
429.25
429.84
429.96
429.7
426.97
426.38
425.12
423.15
420.17
416.69
412.81
408.35
403.28
397.79
392.04
386.15
380.28
374.4
368.42
362.03
355.12
347.86
340.07
331.66
325.03
316.46
308.67
301.62
295.53
290.2
272.03
262.51
255.75
253.57
252
251.06
250.62
250.67
251.48
252.99
255.21
258.03
261.96
266.72
271.78
276.56
280.83
284.76
288.2
291.03
307.05
314.63
319.82
320.74
321.06
320.62
319.42
317.57
314.84
311.4
307.58
303.22
298.25
292.96
287.6
279.62
273.29
266.37
258.97
251.19
242.83
234.17
225.07
215.53
206.16
196.91
187.96
179.11
170.44
161.77
152.62
143.29
132.58
120.8
110.37
102.55
93.14
83.55
75.17
68.95
63.2
57.9
53.05
48.75
44.35
39.97
35.53
31.17
26.92
22.99
19.61
16.77
15.54
15.54
14.39
13.39
12.53
12.53
11.98
9.89
7.98
6.21
4.6
3.08
1.9
1.03
0.45
0.11
0
0
0
0
0
0
0
0
0
0
0
0
0
0
0
0
0
0
0
0
0
0
0
0
0
0
0
0
0
0
0
0
0
0
0
0
0
0
0
0
0
0
0
0
0
0
0
0
0
0
0
0
0
0
0
0
0
0
0
0
0
0
0
0
0
0
0
0
0
0
0
0
0
0
0
0
0
0
0
0
0
0
0
0
0
0
0
0
0
0
0
0
0
0
0
0
0
0
0
0
0
0
0
0
0
0.01
0.01
0.01
0.02
0.02
0.03
0.03
0.03
0.04
0.04
0.04
0.05
0.05
0.05
0.06
0.07
0.07
0.08
0.08
0.09
0.09
0.09
0.1
0.1
0.1
0.11
0.11
0.11
0.11
0.12
0.12
0.13
0.14
0.25
0.64
1.35
2.21
3.2
4.36
5.66
7.1
8.72
9.29
9.28
10.49
11.93
13.5
15.26
17.22
19.68
22.46
22.45
25.64
25.78
28.21
30.95
33.7
36.45
35.29
33.99
36.61
39.25
38.67
42.91
46.13
47.64
50.86
53.98
56.97
59.27
61.13
66.13
68.22
73.43
76.18
78.36
79.35
81.54
87.69
94.17
92.15
87.88
87.88
91.15
95.46
101.69
106.66
112.01
113.67
120.38
127.72
135.02
142.46
149.51
157
164.87
171.83
180.22
188.52
196.71
209.39
224
238.49
236.76
242.45
247.79
252.61
257.18
265.45
260.85
264.23
267.6
270.84
274.54
270.56
272.42
277.78
280.23
282.58
284.77
287.16
282.78
286.23
297.2
300.76
298.34
301.89
305.31
308.79
320.18
322.91
325.1
309.11
305.74
313.63
315.06
314.94
315.39
316.37
317.73
318.55
325.82
324.72
324.3
322.51
326.4
323.9
320.84
302.47
298.5
294.24
289.87
303.2
303.51
299.5
295.41
291.12
286.12
280.18
273.47
267.47
262.49
258.72
255.94
253.71
252.01
250.94
250.66
266.03
267.47
269.93
273.2
277.05
281.45
284.84
290.12
295.62
301.54
307.85
314.47
320.36
325.39
329.65
333.37
336.54
339.49
342.22
344.54
346.12
347.11
347.26
346.9
346
344.41
343.79
341.47
323.44
320.98
318.41
315.67
313
310.28
307.18
303.45
299.02
293.69
287.55
280.83
273.82
264.94
257.16
244.31
235.24
225.95
216.29
206.04
210.8
199.25
187.66
176.28
165.1
154.07
144.24
135.03
126.62
119.1
112.25
105.97
100.22
96.57
92.11
92.8
89.66
85.2
83.48
82.47
81.85
77.72
76.35
74.93
72.99
70.85
67.9
64.9
61.65
59.53
57.33
55.09
52.61
49.88
46.87
43.63
40.38
38.77
34.72
30.31
26.17
26.17
23.54
20.95
18.92
17.25
15.8
14.49
13.41
11.15
9.04
7.08
5.38
3.91
2.69
1.71
0.88
0.3
0
0
0
0
0
0
0
0
0
0
0
0
0
0
0
0
0
0
0
0
0
0
0
0
0
0
0
0
0
0
0
0
0
0
0
0
0
0
0
0
0
0
0
0
0
0
0
0
0
0
0
0
0
0
0
0
0
0
0
0
0
0
0
0
0
0
0
0
0
0
0
0
0
0
0
0
0
0
0
0
0
0
0
0
0
0
0
0
0
0
0
0
0
0
0
0
0
0
0
0
0
0
0
0
0
0
0
0
0
0
0
0
0
0
0
0
0
0
0
0
0
0
0
0
0
0
0
0
0
0
0
0
0
0
0
0
0
0
0
0
0
0
0
0
0
0
0
0
0
0
0
0
0.01
0.01
0.01
0.02
0.02
0.02
0.03
0.03
0.04
0.04
0.05
0.06
0.06
0.07
0.34
0.9
1.77
2.96
4.46
6.33
8.6
11.51
14.87
16.89
19.4
22.35
25.76
29.67
34.22
39.52
39.51
46.21
53.23
60.8
68.77
76.93
85.27
93.21
101.29
109.36
107.08
104.17
111.61
120.6
129.04
137
144.89
152.71
160.02
166.63
166.63
159.92
152.9
145.32
148.84
177.59
180.17
182.98
185.6
175.67
188.94
188.94
191.96
193.58
197.3
201.68
205.9
209.73
213.68
217.87
234.46
251.58
269.09
287.18
293.78
274.92
282.12
289.62
297.01
314.48
320.47
339.57
344.86
351.7
356.75
361.33
356.29
358.44
362.75
366.97
371
374.12
376.37
377.49
377.81
377.55
376.33
374.02
370.91
369.29
365.81
362.09
357.98
353.06
337.13
330.84
325.83
321.25
313.91
305.92
297.17
288.95
281.44
274.73
269.13
263.86
259.37
255.79
253.39
252.17
251.49
251.63
252.38
253.58
265.64
267.73
277.9
280.09
282.33
284.39
286.24
287.22
287.21
286.12
283.88
280.96
277.17
267.17
262.63
256.55
249.02
240.07
229.51
218.8
207.22
195.26
182.69
169.93
156.97
144.62
132.86
121.75
111.31
101.6
92.42
83.78
75.73
73.53
65.2
57.77
51.24
45.61
41.31
37.06
33.47
30.34
27.79
25.66
23.94
22.2
20.45
18.7
17.47
16.23
15.02
13.85
12.71
11.61
10.57
9.6
8.66
7.75
6.86
6.08
5.4
4.8
4.28
3.85
3.49
3.2
2.99
2.86
2.29
1.8
1.38
1.02
0.72
0.47
0.28
0.14
0.04
0
0
0
0
0
0
0
0
0
0
0
0
0
0
0
0
0
0
0
0
0
0
0
0
0
0
0
0
0
0
0
0
0
0
0
0
0
0
0
0
0
0
0
0
0
0
0
0
0
0
0
0
0
0
0
0
0
0
0
0
0
0
0
0
0
0
0
0
0
0
0
0
0
0
0
0
0
0
0
0
0
0
0
0
0
0
0
0
0
0
0
0
0
0
0
0
0
0
0
0
0
0
0
0
0
0
0
0
0
0
0
0
0
0
0
0
0
0
0
0
0
0
0
0
0
0
0
0
0
0
0
0
0
0
0
0
0
0
0
0
0
0
0
0
0
0
0
0
0
0
0
0
0
0
0
0.4
1.31
2.86
4.97
7.46
10.4
13.71
17.35
21.28
23.61
26.34
26.34
26.34
28.46
28.46
33.38
38.64
44.29
50.3
56.62
62.22
67.26
71.49
75.17
78.79
82.44
86.23
89.41
89.13
95.06
101.01
109.86
118.86
125.23
133.88
137.8
141.56
145.1
148.58
152.24
156.72
161.7
167.34
172.46
170.27
175.58
180.42
185.89
194.93
199.67
204.15
208.86
213.83
219.57
225.63
232.16
239.01
245.98
252.6
258.59
263.98
267.28
270.43
275.03
286.98
288.37
289.9
294.1
292.77
293.57
280.41
266.85
269
271.1
272.65
273.36
273.7
271.74
272.74
259.67
261.94
266.47
271.19
275.12
260.13
266.04
271.64
274.08
281.78
287.11
306.9
327.12
331.31
334.92
338.27
341.38
343.81
347.67
348.13
362.54
344.4
341.68
337.88
333.49
347.42
342.77
337.97
333.05
317.15
311.17
304.19
296.47
288.55
281.32
274.83
269.23
264.68
260.85
257.65
254.65
269.45
268.57
268.57
269.17
269.97
257.85
250.64
252.35
264.94
267.54
270.33
273.26
260.87
248.16
241.79
228.19
224.31
224.76
225.14
225.53
225.18
224.19
222.52
220.36
218.15
228.94
235.01
230.94
228.13
225.13
222.17
219.22
231.49
242.85
246.69
256.48
255.23
248.64
241.06
232.66
223.74
214.29
206.76
198.89
190.46
181.52
171.98
163.88
153.78
143.24
132.15
120.54
108.5
97.32
86.86
77.17
68.28
60.19
53.03
46.71
41.18
36.46
30.17
24.55
19.58
15.31
11.71
8.17
5.32
3.11
1.57
0.7
0.47
0.29
0.14
0.05
0
0
0
0
0
0
0
0
0
0
0
0
0
0
0
0
0
0
0
0
0
0
0
0
0
0
0
0
0
0
0
0
0
0
0
0
0
0
0
0
0
0
0
0
0
0
0
0
0
0
0
0
0
0
0
0
0
0
0
0
0
0
0
0
0
0
0
0
0
0
0
0
0
0
0
0
0
0
0
0
0
0
0
0
0
0
0
0
0
0
0
0
0
0
0
0
0
0
0
0
0
0
0
0
0
0
0
0
0
0
0
0
0
0
0
0
0
0
0
0
0
0
0
0
0
0
0
0
0
0
0
0
0
0
0
0
0
0
0
0
0
0
0
0
0
0
0
0
0
0
0
0
0
0
0
0
0.01
0.01
0.01
0.02
0.27
0.73
1.52
2.73
4.25
6.09
8.25
10.74
13.64
16.16
19.06
19.06
19.06
19.06
23.27
27.87
32.94
37.98
43.52
49.42
55.27
61.19
67.28
73.35
79.74
86.32
92.97
99.8
106.51
113.99
121.66
133
144.83
157.08
165.51
173.88
176.76
180.58
188.56
196.55
190.45
198.8
206.8
214.76
222.25
229.23
236.01
242.54
249.25
255.83
261.83
266.93
271.8
276.13
280.1
283.5
291.7
299.15
302.3
305.23
322
307.28
292.4
283.81
278.79
267.56
268.42
269.19
268.77
253.57
253.14
252.31
253.79
255.96
258.36
261.55
265.42
269.26
270.45
274.14
278.36
299.73
321.46
336.64
348.28
364.69
370.03
375
380.55
400.44
405.46
410.72
413.2
414.96
409.07
409.55
409.12
408.18
409.05
406.63
403.16
397.75
392.31
386.33
379.64
374.13
367.5
360.74
353.54
345.94
337.98
330.02
322.18
314.38
313.84
306.74
300.61
295.6
291.81
289.08
287.37
287.71
288.22
289.55
291.78
294.7
297.84
301.65
306.51
312.34
319.04
326.29
333.84
341.77
350.08
358.08
365.61
372.08
377.52
382.36
386.66
388.59
371.79
373.77
374.93
375
374.45
373.18
371.06
351.55
348.06
344.09
339.59
334.31
328.33
321.97
314.76
307.43
299.42
290.64
281.01
272.56
281.45
270.42
259.22
248.11
237.6
226.68
215.39
220.26
207.85
194.81
181.31
167.61
153.67
139.32
125.55
112.21
99.84
88.4
77.91
68.14
59.25
51.13
43.6
36.63
29.41
22.96
17.26
12.39
8.39
5.25
2.87
1.21
0.25
0
0
0
0
0
0
0
0
0
0
0
0
0
0
0
0
0
0
0
0
0
0
0
0
0
0
0
0
0
0
0
0
0
0
0
0
0
0
0
0
0
0
0
0
0
0
0
0
0
0
0
0
0
0
0
0
0
0
0
0
0
0
0
0
0
0
0
0
0
0
0
0
0
0
0
0
0
0
0
0
0
0
0
0
0
0
0
0
0
0
0
0
0
0
0
0
0
0
0
0
0
0
0
0
0
0
0
0
0
0
0
0
0
0
0
0
0
0
0
0
0
0
0
0
0
0
0
0
0
0
0
0
0
0
0
0
0
0
0
0
0
0
0
0
0
0
0
0
0
0
0
0
0
0
0
0
0
0
0
0
0
0
0
0
0
0
0
0
0
0
0
0
0
0
0
0
0
0
0
0
0
0
0
0
0
0
0
0
0
0
0
0
0
0
0
0
0
0
0
0
0
0.69
2.01
3.71
5.82
8.43
11.7
15.4
19.5
24.06
24.06
24.06
24.06
24.06
28.72
34.16
40.41
47.36
55.07
63.59
72.9
81.09
88.64
94.99
101.03
106.72
111.99
117.45
123.17
125.21
135.59
146.19
151.36
151.36
146.7
152.04
145.79
149.78
151.81
154.55
156.72
159.84
163.57
168.78
174.53
180.38
186.04
191.07
195.46
203.38
208.11
208.81
211.75
211.75
228.82
235.71
253.94
261.65
270.92
278.92
286.92
294.46
301.38
307.54
313.14
318.9
325.07
331.51
338.1
344.47
350.19
359.8
372.61
393.33
396.49
398.43
399.17
398.87
397.69
395.78
393.12
389.94
386.27
382.32
377.87
372.43
366.01
358.95
351.36
343.32
335.08
325.52
316.5
307.57
299.34
292.1
285.89
280.72
276.49
273.17
270.94
269.71
269.52
270.13
271.55
273.92
277.11
280.93
285.37
290.32
295.57
302.18
308.37
314.69
320.9
326.84
332.34
337.31
341.67
345.31
347.94
349.59
350.29
350.21
349.27
347.46
344.49
340.32
334.97
328.6
321.49
313.58
304.81
296.37
287
276.66
265.98
254.67
242.88
230.74
218.5
206.16
189.8
177.19
164.65
152.21
140.59
130.02
120.43
111.83
104.04
97.02
90.84
84.41
78.82
74.16
66.57
59.72
56.99
52.6
50.51
48.68
50.99
49.6
48.26
47.01
45.6
43.79
44.57
44.85
44.64
44.01
42.91
41.36
39.41
37.07
37.71
38.01
34.58
33.44
30.55
27.93
25.62
23.64
21.99
20.64
19.49
18.66
15.17
12.06
9.32
6.92
4.88
3.21
1.9
0.94
0.3
0
0
0
0
0
0
0
0
0
0
0
0
0
0
0
0
0
0
0
0
0
0
0
0
0
0
0
0
0
0
0
0
0
0
0
0
0
0
0
0
0
0
0
0
0
0
0
0
0
0
0
0
0
0
0
0
0
0
0
0
0
0
0
0
0
0
0
0
0
0
0
0
0
0
0
0
0
0
0
0
0
0
0
0
0
0
0
0
0
0
0
0
0
0
0
0
0
0
0
0
0
0
0
0
0
0
0.01
0.01
0.01
0.02
0.02
0.02
0.02
0.02
0.02
0.02
0.03
0.03
0.03
0.04
0.04
0.04
0.04
0.05
0.06
0.06
0.05
0.06
0.06
0.27
0.69
1.34
2.2
3.33
4.64
6.17
7.95
9.92
10.74
11.81
13.16
14.87
14.87
18.01
21.48
23.12
27.31
31.73
36.39
40.93
45.4
49.71
53.86
57.8
61.8
65.71
69.53
73.36
78.62
83.93
89.28
94.53
101.5
105.45
104.67
111.04
115.12
119.11
123.14
127.4
131.88
136.81
142.2
147.83
153.47
158.94
164.45
170.09
175.64
181.08
186.31
179.34
183.64
183.67
183.63
187.35
190.86
194.5
197.57
200.63
191.25
192.34
181.93
178.64
178.39
180.97
183.73
186.47
188.88
191.22
193.66
208.21
211.51
217.67
218.74
222.16
210.39
198.49
203
207.56
224.45
230.85
248.61
259.3
266.95
272.04
276.98
281.8
287.6
293.89
300.27
302.14
308.48
316.39
334.33
341.21
363.71
386.29
392.91
399.29
404.92
409.46
413.05
415.81
417.73
418.85
419.29
418.93
416.97
413.65
409.58
409.71
405.18
400
393.92
387.09
379.41
371.08
362.18
352.81
344.43
337.12
330.76
325.37
321.02
317.55
315.07
313.73
313.67
314.82
316.84
319.3
322.24
310.73
315
319.85
325.24
330.91
336.82
342.78
339.42
343.5
346.8
349.03
350.28
350.98
350.73
349.65
333.35
324.46
319.18
300.17
280.86
290.5
284.63
278.42
271.82
265.31
256.99
250.14
251.85
245.28
238.77
232.59
226.73
220.66
214.52
207.97
215.73
215.16
210.04
217.87
225.13
217.49
209.21
200.72
191.58
178.01
169.79
159.93
149.84
139.04
128.92
118.71
109.88
101.17
92.71
84.71
76.77
69.08
61.7
54.56
47.72
41.4
35.69
30.34
25.87
25.87
22.51
19.62
17.21
15.91
14.25
12.94
10.46
8.31
6.39
4.72
3.36
2.22
1.3
0.61
0.19
0
0
0
0
0
0
0
0
0
0
0
0
0
0
0
0
0
0
0
0
0
0
0
0
0
0
0
0
0
0
0
0
0
0
0
0
0
0
0
0
0
0
0
0
0
0
0
0
0
0
0
0
0
0
0
0
0
0
0
0
0
0
0
0
0
0
0
0
0
0
0
0
0
0
0
0
0
0
0
0
0
0
0
0
0
0
0
0
0
0
0
0
0
0
0
0
0
0
0
0
0
0
0
0
0
0
0
0
0
0
0
0
0
0
0
0
0
0
0
0
0
0
0
0
0
0
0
0
0
0
0
0
0
0
0
0
0
0
0
0
0
0
0
0
0
0
0
0
0
0
0
0
0
0
0
0
0
0
0
0
0
0
0
0
0
0
0
0.01
0.01
0.01
0.01
0.02
0.02
0.03
0.03
0.04
0.41
1.17
2.3
3.8
5.62
7.74
10.16
12.83
15.76
15.76
15.76
16.37
18.41
20.87
23.83
27.36
31.6
36.59
42.28
48.9
55.64
62.54
69.31
76.11
82.83
89.5
96.53
103.85
106.09
115.78
116.32
128.43
139.6
150.69
161.67
166.88
176.93
186.63
196.2
204.94
213.39
221.58
230.14
234.83
243.6
252.09
260
267.42
279.47
287.04
303.84
308.68
311.86
316.61
321.28
331.53
317.22
321.12
325.04
309.66
311.98
315.15
317.28
322.51
322.94
323.06
320.38
312.68
313.09
313.81
314.7
300.07
301.84
300.18
299.64
298.69
316.72
316.11
315.19
333.69
334.45
333.88
333.65
333.59
333.85
334.3
337.45
343.83
343.45
342.28
340.34
353.33
350.7
349.6
346.89
344.01
341.31
338.72
335.68
332.13
328.24
315.04
298.41
296.27
294.6
293.45
292.77
294.17
294.81
296.35
298.85
301.88
305.59
309.38
313.65
318.27
322.52
326.58
330.86
335.5
340.42
354.95
373.16
377.03
380.54
383.5
385.76
387.39
388.18
388.07
387.09
385.82
384.09
382.22
379.54
376.35
373.04
369.47
365.37
360.71
354.99
348.17
340.18
331.36
321.91
312.55
302.77
292.63
282.4
272.12
261.64
250.58
238.98
226.83
214.7
202.35
189.78
175.34
159.93
147.3
133.34
122.67
113.03
104.07
95.6
87.03
78.96
71.34
64.05
56.99
50.37
43.74
40.1
36.84
33.89
31.29
29.02
28.79
29.73
28.15
28.62
26.58
24.26
22.16
20.24
18.51
16.96
15.58
14.41
13.52
12.83
12.83
10.54
8.5
6.64
4.99
3.56
2.36
1.42
0.71
0.25
0
0
0
0
0
0
0
0
0
0
0
0
0
0
0
0
0
0
0
0
0
0
0
0
0
0
0
0
0
0
0
0
0
0
0
0
0
0
0
0
0
0
0
0
0
0
0
0
0
0
0
0
0
0
0
0
0
0
0
0
0
0
0
0
0
0
0
0
0
0
0
0
0
0
0
0
0
0
0
0
0
0
0
0
0
0
0
0
0
0
0
0
0
0
0
0
0
0
0
0
0
0
0
0
0
0
0
0
0
0
0
0
0
0
0
0
0
0
0
0
0
0
0
0
0
0
0
0
0
0
0
0
0
0
0
0
0
0
0
0
0
0
0
0.2
0.63
1.29
2.21
3.43
4.9
6.56
8.47
10.65
11.1
11.77
12.87
14.15
15.65
17.38
19.39
21.68
24.35
27.3
30.47
30.27
33.11
35.72
34.79
36.8
38.56
36.91
38.3
39.43
42.46
45.48
48.2
51.46
55.17
53.44
57.11
60.67
63.85
66.89
69.84
75.89
78.87
82.19
89.29
93.81
98.93
107.87
114.19
120.21
116.74
123.87
131.34
138.14
144.38
156.44
163.42
165.87
172.69
179.87
187.42
195.56
204.19
213.09
221.94
230.37
238.39
246.29
253.79
261.61
278.8
285.2
290.88
296.24
301.23
289.17
276.5
284.58
280.97
276.36
280.17
283.84
270.99
258.32
260.82
263.32
265.97
268.12
269.86
271.62
272.54
274.65
277.47
281.2
285.89
307.5
329.54
318.01
331.28
344.58
348.33
351.03
368.93
385.38
385.49
383.9
382.34
380.3
378.04
375.84
374.45
371.6
367.92
363.11
357.12
350.24
342.5
351.58
343.21
335.56
328.83
323.16
318.51
314.9
312.44
311.96
311.57
312.15
313.48
314.98
316.64
318.87
321.99
326.04
330.93
336.47
342.66
349.54
356.57
363.58
370.48
377.03
383.3
389.22
394.73
399.52
403.6
407.12
410.14
412.82
415.27
417.17
418.15
418.18
417.33
415.75
413.45
409.73
404.74
398.55
391.19
383.28
374.4
364.63
353.89
342.27
329.83
316.34
301.82
286.33
269.84
252.53
234.76
217.47
201.85
186.01
169.94
154.76
140.45
126.87
114
101.34
89.27
77.7
66.82
57.04
48.34
40.78
34.33
28.94
24.59
21.27
18.85
16.44
12.87
10.02
7.91
6.01
4.31
2.88
1.71
0.82
0.25
0
0
0
0
0
0
0
0
0
0
0
0
0
0
0
0
0
0
0
0
0
0
0
0
0
0
0
0
0
0
0
0
0
0
0
0
0
0
0
0
0
0
0
0
0
0
0
0
0
0
0
0
0
0
0
0
0
0
0
0
0
0
0
0
0
0
0
0
0
0
0
0
0
0
0
0
0
0
0
0
0
0
0
0
0
0
0
0
0
0
0
0
0
0
0
0
0
0
0
0
0
0
0
0
0
0
0
0
0
0
0
0
0
0
0
0
0
0
0
0
0
0
0
0
0
0
0
0
0
0
0
0
0
0
0
0
0
0
0
0
0
0
0
0
0
0
0
0
0
0
0
0
0
0
0
0
0
0
0
0
0
0
0
0
0
0
0
0
0
0
0
0
0
0
0
0
0
0
0
0.53
1.44
2.6
3.93
5.42
7.12
8.99
11.1
13.38
13.38
13.38
13.42
13.79
14.52
15.61
17.31
19.6
22.47
25.83
29.72
33.3
36.67
40.1
43.8
42.3
40.61
44.72
50.3
54.72
54.72
61.83
69.22
76.56
79.43
82.17
87.88
93.21
98.18
103.09
107.69
112.29
117.06
121.69
125.88
134.93
143.97
146.48
138.79
141.75
141.75
143.59
146.65
138.94
146.22
150.76
154.59
159.16
162.75
165.94
169.1
172.05
174.72
174.03
177.29
181.34
185.91
191.28
205.36
209.9
224.06
227.96
231.74
246.16
250.09
256.83
260.96
264.27
263.07
251.61
239.97
244.05
248.15
255.44
258.79
261.46
263.5
265.24
266.94
268.86
271.3
275.4
278.39
281.43
284
285.8
286.92
287.54
293.09
308.52
323.65
322.78
321.46
319.96
318.21
316.27
314.31
312.14
309.51
306.19
302.06
297.28
292.08
286.48
281.06
276.55
272.93
270.16
268.2
267.04
266.6
266.76
267.62
268.86
270.67
273.06
275.73
278.77
282.01
285.56
289.48
293.64
297.8
302.02
305.98
309.14
311.44
312.88
313.4
312.39
309.94
306.18
301.14
294.9
287.32
271.6
261.66
250.71
242.44
233.55
223.83
213.17
201.95
189.97
177.26
164.08
150.68
137.12
123.4
110.65
98.84
88.66
79.34
70.94
63.48
63.75
58.03
53.11
45.42
38.19
31.61
25.92
20.94
16.84
13.64
11.23
9.48
8.23
7.63
7.11
6.68
5.59
4.59
3.66
2.81
2.04
1.36
0.75
0.32
0.09
0
0
0
0
0
0
0
0
0
0
0
0
0
0
0
0
0
0
0
0
0
0
0
0
0
0
0
0
0
0
0
0
0
0
0
0
0
0
0
0
0
0
0
0
0
0
0
0
0
0
0
0
0
0
0
0
0
0
0
0
0
0
0
0
0
0
0
0
0
0
0
0
0
0
0
0
0
0
0
0
0
0
0
0
0
0
0
0
0
0
0
0
0
0
0
0
0
0
0
0
0
0
0
0
0
0
0
0
0
0
0
0
0
0
0
0
0
0
0
0
0
0
0
0
0
0
0
0
0
0
0
0
0
0
0
0
0
0
0
0
0
0.01
0.01
0.01
0.01
0.02
0.02
0.02
0.02
0.02
0.45
1.16
2.18
3.52
5.13
7.09
9.31
11.75
14.42
14.42
14.41
16.33
24.9
27.7
29.11
32.57
36.27
40.2
44.37
48.8
52.35
51.63
54.97
57.99
60.91
63.51
66
68.3
69.83
69.83
74.58
72.66
69.41
72.08
75.87
77.63
79.4
81.37
83.38
85.42
88.29
95.53
96.48
100.18
104.08
108.21
112.36
116.78
122.01
131.69
136.93
147.27
152.7
154.08
160.57
167.52
162.04
168.68
174.98
181.23
186.9
191.97
199.01
202.86
206.44
199.58
203.34
203.57
194.14
184.46
189.09
193.66
198.06
206.58
210.37
213.98
230.03
234.1
238.91
243.58
248.93
254.75
260.66
267.01
273.63
290.72
278.77
287.15
306.38
317.55
322.27
326.89
331.43
335.79
340.11
343.98
347.47
350.13
352.25
354.71
357.1
359.87
363.01
366.41
369.62
372.23
392.51
395.24
395.98
404.28
403.86
402.66
400.69
398.29
395.46
392.67
389.88
387.37
384.43
380.61
375.89
369.87
362.9
355.27
347.11
339.38
332.63
326.8
321.95
318.26
315.53
314.05
313.74
314.17
315.36
316.99
319.11
321.61
324.83
327.33
332.2
338.15
344.95
352.28
360.04
367.71
374.79
380.45
384.68
387.14
388.35
387.82
385.63
382.13
377.27
371.33
363.43
355.74
346.42
337.24
325.15
311.56
296.49
280.17
262.85
244.57
225.67
207.66
190.54
174.44
159.06
144.61
131.08
118.33
106.4
94.79
84.07
73.43
63.76
54.88
47.48
41.02
35.56
31.06
27.42
24.63
22.55
20.45
18.34
16.27
14.25
12.4
10.71
9.18
7.82
6.88
6.62
5.7
5.01
4.53
3.61
2.83
2.16
1.59
1.12
0.73
0.42
0.2
0.07
0
0
0
0
0
0
0
0
0
0
0
0
0
0
0
0
0
0
0
0
0
0
0
0
0
0
0
0
0
0
0
0
0
0
0
0
0
0
0
0
0
0
0
0
0
0
0
0
0
0
0
0
0
0
0
0
0
0
0
0
0
0
0
0
0
0
0
0
0
0
0
0
0
0
0
0
0
0
0
0
0
0
0
0
0
0
0
0
0
0
0
0
0
0
0
0
0
0
0
0
0
0
0
0
0
0
0
0
0
0
0
0
0
0
0
0
0
0
0
0
0
0
0
0
0
0
0
0
0
0
0
0
0
0
0
0
0
0
0
0
0
0
0
0
0
0
0
0
0
0
0
0
0
0
0
0
0
0
0
0
0
0
0
0
0
0
0
0
0
0
0
0
0
0
0
0
0
0
0
0
0
0
0
0
0
0
0
0
0
0
0
0
0
0.28
0.87
1.78
2.97
4.49
6.34
8.6
11.23
14.3
16.4
18.96
22.03
25.64
29.82
34.77
36.76
43.53
50.68
58.87
68.01
77.72
87.62
97.8
108.23
118.98
130.05
133.75
135.18
146.15
158.49
170.99
183.66
196.47
209.27
221.47
235.12
231.24
240.93
249.64
257.71
265.11
272.1
276.43
282.8
288.65
294.06
306.78
321.51
326.34
330.77
334.44
337.12
338.94
340.32
342
345.74
362.51
365.62
368.86
371.86
374.85
378.04
383.48
386.6
389.53
392.24
394.71
397.48
400.66
404.31
408.33
413.02
418.09
423.14
427.72
431.58
434.89
437.45
439.32
440.54
441.17
440.8
439.66
438.26
436.99
432.41
430.15
426.93
422.72
406.47
401.01
395.04
371.73
364.96
358.04
351.18
344.92
339.56
335.19
331.82
329.06
327.34
326.52
325.72
324.83
327.59
328.41
330.25
332.88
347.34
350.94
354.6
375.38
379.51
383.73
387.81
391.35
394.12
395.98
396.9
397.32
397.15
396.38
395.38
394.1
392.1
388.89
384.64
371.34
365.57
359.28
352.82
345.9
338.76
330.88
322.75
314.1
305.04
295.94
286.83
277.36
267.49
257.24
246.46
235.27
224.08
213.43
203.27
201.47
191.52
181.56
171.57
162.01
152.92
140.11
128.27
120.86
109.97
99.59
92.99
87.96
83.37
79.22
75.64
72.57
69.57
66.28
64.1
61.95
59.85
57.75
55.46
52.66
49.21
49.99
49.97
46.01
46.01
46.01
42.71
38.55
34.6
30.86
27.34
23.98
20.97
18.38
14.82
11.58
8.67
6.14
4.08
2.57
1.47
0.69
0.21
0
0
0
0
0
0
0
0
0
0
0
0
0
0
0
0
0
0
0
0
0
0
0
0
0
0
0
0
0
0
0
0
0
0
0
0
0
0
0
0
0
0
0
0
0
0
0
0
0
0
0
0
0
0
0
0
0
0
0
0
0
0
0
0
0
0
0
0
0
0
0
0
0
0
0
0
0
0
0
0
0
0
0
0
0
0
0
0
0
0
0
0
0
0
0
0
0
0
0
0
0
0
0
0
0
0
0
0
0
0
0
0
0
0
0
0
0
0
0
0
0
0
0
0
0
0
0
0
0
0
0
0
0
0
0
0
0
0
0
0
0
0
0
0
0
0
0
0
0
0
0
0
0.01
0.01
0.01
0.01
0.02
0.02
0.03
0.26
0.7
1.34
2.22
3.38
4.81
6.54
8.5
10.69
10.69
10.7
11.01
11.69
12.82
13.68
13.68
16.09
19.03
22.55
26.69
31.06
35.79
40.68
45.79
51.23
56.78
62.1
67.6
73.23
81.36
89.69
97.09
104.33
111.34
118.9
127.75
134.59
141.25
144.66
147.82
153.7
159.17
164.47
169.74
174.77
179.94
185.46
190.87
196.2
201.45
206.87
213.29
219.94
226.95
234.26
241.63
249.04
256.72
267.46
278.12
286.08
294.42
303.16
311.1
318.75
325.91
332.88
339.9
347.03
351.66
358.74
365.84
371.42
378.27
384.4
389.89
394.83
399.08
402.76
406.16
408.91
410.83
411.75
413.25
414.17
414.76
414.96
414.75
414.27
415.7
412.13
408.15
402.45
397.09
391.34
385.33
378.9
372.03
364.89
357.38
349.67
342.02
334.77
327.28
320.5
313.95
307.75
301.67
295.28
289.79
286.8
284.28
285
283.92
283.76
284.38
286
288.53
284
270.14
274.19
278.57
283.06
287.51
291.56
295.58
299.11
302.58
306.08
308.97
311.63
313.75
315.3
316.35
316.98
317.13
316.54
315.37
321.65
337.51
335.62
333.41
330.83
328.24
325.82
323.18
320.53
317.48
314.26
310.64
306.6
302.34
297.68
292.44
286.36
279.61
272.34
264.58
256.14
248.07
239.64
230.8
221.47
211.42
200.71
189.62
178.24
166.64
154.78
142.74
130.27
120.08
109.95
100.22
91.11
82.6
74.66
67.24
60.32
52.93
45.94
39.35
33.52
28.5
24.17
20.51
17.48
15.05
13.24
12.05
11.62
9.21
7.29
5.66
4.25
3.05
2.04
1.22
0.61
0.2
0
0
0
0
0
0
0
0
0
0
0
0
0
0
0
0
0
0
0
0
0
0
0
0
0
0
0
0
0
0
0
0
0
0
0
0
0
0
0
0
0
0
0
0
0
0
0
0
0
0
0
0
0
0
0
0
0
0
0
0
0
0
0
0
0
0
0
0
0
0
0
0
0
0
0
0
0
0
0
0
0
0
0
0
0
0
0
0
0
0
0
0
0
0
0
0
0
0
0
0
0
0
0
0
0
0
0
0
0
0
0
0
0
0
0
0
0
0
0
0
0
0
0
0
0
0
0
0
0
0
0
0
0
0
0
0
0
0
0
0
0
0
0
0
0
0
0
0
0
0
0
0
0
0
0
0
0
0
0
0
0
0
0
0
0
0
0
0
0
0
0
0
0
0
0
0
0
0
0
0
0
0
0
0
0
0
0
0
0
0.28
0.89
1.89
3.28
5.02
7.13
9.71
12.75
16.06
17.94
20.21
22.99
26.34
30.22
34.75
40.02
45.96
52.71
60.37
68.74
76.99
85.6
94.17
102.75
111.54
120.48
129.38
138.18
147.27
158.37
169.73
181.07
192.4
203.99
215.61
226.83
237.65
247.47
256.32
264.13
271.65
278.57
285.42
292.17
298.11
303.4
308.27
296.43
300.44
303.96
306.77
309.01
294.33
294.82
294.5
293.94
293.43
293.7
294.5
296.07
298.04
300.05
301.86
303.49
305.64
307.74
309.96
328.75
331.35
333.97
336.89
340.08
359.83
344.53
328.71
331.12
332.72
333.18
332.56
330.81
328.15
324.81
320.87
316.36
311.41
306.81
301.82
285.55
279.41
272.79
265.62
257.94
249.77
260.95
273.06
267.27
262.36
258.22
254.89
252.27
250.55
249.64
249.43
249.82
250.52
251.27
252.49
249.98
252.36
255.1
258.16
261.42
264.79
267.7
270.18
271.87
273.01
263.15
263.99
264.95
262.26
263.08
263.55
263.87
263.89
263.47
262.5
276
274
271.88
269.53
267.17
252.21
248.72
243.92
241.73
239.38
247.35
243.67
239.14
237.31
231.12
224.46
217.87
210.81
203.4
195.79
188.15
180.37
172.38
164.17
155.69
159.69
152.07
145.53
136.33
124.63
113.34
104.94
97.22
88.1
79.59
73.76
68.07
63.07
58.52
54.33
50.2
46.21
42.31
38.66
35.19
31.19
27.55
26.13
24.9
26.38
27.71
26.77
25.68
26.55
27.27
25.77
23.71
21.38
19.18
17.14
15.41
13.93
12.7
11.66
10.83
10.83
10.83
9.01
7.37
5.88
4.55
3.38
2.36
1.5
0.78
0.21
0
0
0
0
0
0
0
0
0
0
0
0
0
0
0
0
0
0
0
0
0
0
0
0
0
0
0
0
0
0
0
0
0
0
0
0
0
0
0
0
0
0
0
0
0
0
0
0
0
0
0
0
0
0
0
0
0
0
0
0
0
0
0
0
0
0
0
0
0
0
0
0
0
0
0
0
0
0
0
0
0
0
0
0
0
0
0
0
0
0
0
0
0
0
0
0
0
0
0
0
0
0
0
0
0
0
0
0
0
0
0
0
0
0
0
0
0
0
0
0
0
0
0
0
0
0
0
0
0
0
0
0
0
0
0.01
0.01
0.01
0.02
0.02
0.02
0.02
0.03
0.21
0.53
1.05
1.76
2.7
3.93
5.31
6.93
8.81
9.19
9.93
11.09
12.57
14.4
16.6
19.15
22.12
25.58
29.62
34.27
39.4
45.06
51.22
57.61
64.24
71.07
78.36
85.84
93.52
103.02
111.86
120.56
129.35
138.15
146.87
155.61
164.39
172.93
180.93
188.28
194.66
200.24
205.01
209.22
212.99
216.35
219.08
221.6
223.7
225.62
224.98
226.69
216.42
217.24
217.94
218.47
218.64
218.74
219.21
207.21
209.18
211.47
213.92
216.68
219.66
222.81
226.17
229.71
233.56
237.8
239.88
244.84
261.71
267.35
273.09
278.74
284.48
290.31
295.66
313.43
317.54
321.83
326.27
330.61
334.77
338.82
342.9
346.47
349.42
351.32
357.92
341.38
341.63
341.24
340.16
338.54
332.72
314.79
311.58
308.12
304.24
299.57
294.79
289.47
283.85
277.72
270.81
263.64
256.44
245.71
239.48
239.48
222.37
217.15
213.4
205.26
201.11
212.03
209.53
207.15
205.22
203.71
199.9
199.15
186.28
173.79
163.91
164.64
163.1
166.28
167.63
180.44
193.3
181.81
182.3
187.8
193.61
196.59
198.49
200.71
202.86
204.9
208.99
210.13
223.63
236.91
247.76
248.15
250.81
252.56
251.65
250.37
248.68
259.52
256.9
253.64
249.49
235.58
221.52
214.91
206.44
198.8
191.02
183.74
176.21
168.63
161.2
153.95
146.77
139.48
132.01
124.36
116.64
105.8
95.4
87.83
80.81
83.11
85.46
80.11
76.58
72.19
68
63.52
58.85
54.16
49.33
44.21
40.79
37.53
34.59
31.95
29.56
30.46
31.2
29.37
27.43
25.3
22.95
20.75
18.65
16.66
14.81
13.1
11.79
10.79
10.13
9.85
8.05
6.46
5.05
3.81
2.74
1.84
1.1
0.54
0.18
0
0
0
0
0
0
0
0
0
0
0
0
0
0
0
0
0
0
0
0
0
0
0
0
0
0
0
0
0
0
0
0
0
0
0
0
0
0
0
0
0
0
0
0
0
0
0
0
0
0
0
0
0
0
0
0
0
0
0
0
0
0
0
0
0
0
0
0
0
0
0
0
0
0
0
0
0
0
0
0
0
0
0
0
0
0
0
0
0
0
0
0
0
0
0
0
0
0
0
0
0
0
0
0
0
0
0
0
0
0
0
0
0
0
0
0
0
0
0
0
0
0
0
0
0
0
0
0
0
0
0
0
0
0
0
0
0
0
0
0
0
0
0
0
0
0
0
0.01
0.22
0.62
1.27
2.23
3.53
5.12
7.01
9.26
11.91
14.31
17.04
20.13
23.57
27.34
30.42
34.79
39.46
44.16
49.48
55.22
60.99
63.99
67.79
74.07
80.12
85.98
91.57
89.32
86.67
84.27
89.81
95.5
101.1
106.56
111.45
116.68
122
121.75
126.51
131.13
135.85
132.45
138.24
141.4
145.04
144.8
150.42
164.19
178.52
193.11
199.27
204.79
210.11
215.6
222.76
228.84
225.44
220.99
227.74
222.23
222.39
240.1
243.71
248.91
256.63
268.55
274.9
269.03
262.95
268.83
275.62
283.09
290.74
298.3
305.51
312.01
327.72
350.14
356.12
374.13
382.41
385.43
394.6
399.67
400.91
403.31
404.68
416.96
428.17
426.42
423.22
418.97
414.13
408.65
402.89
397.07
390.74
384.28
377.43
370.23
366.45
360.85
352.73
346.83
342.19
335.63
331.01
327.44
324.94
323.58
323.31
323.93
325.27
327.4
330.12
333.37
337.47
341.58
345.63
350.2
355.21
360.53
365.95
371.47
376.22
381.09
384.27
386.57
388.2
389.13
389.34
388.7
387.25
385.01
374.83
363.07
358.52
353.45
348.08
342.22
336.06
329.17
321.8
313.86
305.55
296.87
288.31
279.91
271.58
263.24
254.81
246.57
238.45
230.46
229.63
229.57
221.57
206.54
198.48
190.15
175.92
166.94
159.69
153.17
147.31
136.16
131.23
126.62
122.11
112.17
102.64
98.94
95.4
92
88.99
86.51
84.3
89.61
83.14
82.52
88.07
89.1
88.95
88.68
88.22
93.54
92.87
92.22
91.65
96.82
101.96
101.45
100.95
100.49
99.88
99.09
98.15
92.85
96.81
95.19
93.22
90.83
88.14
85.19
81.08
77.89
74.6
70.99
67.22
63.25
59.68
56.06
52.36
48.59
44.86
41.05
37.28
37.67
33.86
30.2
26.63
23.43
20.54
17.95
16.63
14.5
12.56
10.91
9.49
8.29
6.72
5.31
4.07
3.01
2.09
1.36
0.78
0.39
0.14
0
0
0
0
0
0
0
0
0
0
0
0
0
0
0
0
0
0
0
0
0
0
0
0
0
0
0
0
0
0
0
0
0
0
0
0
0
0
0
0
0
0
0
0
0
0
0
0
0
0
0
0
0
0
0
0
0
0
0
0
0
0
0
0
0
0
0
0
0
0
0
0
0
0
0
0
0
0
0
0
0
0
0
0
0
0
0
0
0
0
0
0
0
0
0.17
0.55
1.21
2.17
3.37
4.92
6.83
9.14
11.74
12.98
14.43
14.43
14.43
14.43
17.32
25.18
28.82
32.97
37.5
42.33
46.96
51
55.56
54.61
53.4
57.81
55.89
54.48
57.89
62.74
67.58
73.98
80.49
87.12
90.66
82.81
80.97
83.11
84.8
86.12
83.04
83.12
83.81
89.85
96.04
95.04
101.48
107.48
108.68
110.41
105.48
107.81
110.31
112.88
116.01
125.85
134.46
138.82
143.6
148.79
153.68
161.13
167.35
173.82
180.01
178.19
175.69
180.93
185.9
190.29
201.21
205.16
209.06
213.13
217.09
214.06
217.61
221.44
225.47
229.66
238.92
243.24
247.45
251.18
255.62
269.79
283.6
289.47
295.44
301.42
307.28
312.55
317.9
323.11
328.17
340.12
344.91
348.84
351.75
353.92
355.71
356.89
357.68
358.53
358.65
341.35
340.08
338.3
336.07
327.73
314.95
297.01
293.56
284.22
271.41
265.7
259.57
253.73
248.36
230.68
224.68
218.63
213.1
207.62
202.21
214.11
209.98
206.71
204.29
208.52
217.24
231.61
231.61
237.84
248.03
251.5
255.92
259.49
265
283.64
291.08
299.29
307.71
316.48
325.47
334.13
341.84
348.42
354.23
357.74
361.29
365.06
368.07
370.17
371.37
371.47
370.49
369.84
366.63
362.28
356.99
350.73
343.54
335.53
315
306.1
297.59
289.66
281.59
274.75
268.23
260.92
248.29
240.78
233.17
225.83
218.72
211.82
205.2
190.91
181.73
171.42
165.1
152.73
155.66
148.57
139.71
128.11
119.47
111.04
101.92
92.05
89.74
82.33
74.92
67.47
60.04
52.67
45.42
46.06
41.76
38.86
32.33
32.33
29.4
24.84
22.14
22.14
19.55
17.24
15.23
14.26
11.38
8.83
6.68
4.86
3.33
2.11
1.11
0.47
0.13
0
0
0
0
0
0
0
0
0
0
0
0
0
0
0
0
0
0
0
0
0
0
0
0
0
0
0
0
0
0
0
0
0
0
0
0
0
0
0
0
0
0
0
0
0
0
0
0
0
0
0
0
0
0
0
0
0
0
0
0
0
0
0
0
0
0
0
0
0
0
0
0
0
0
0
0
0
0
0
0
0
0
0
0
0
0
0
0
0
0
0
0
0
0
0
0
0
0
0
0
0
0
0
0
0
0
0
0
0
0
0
0
0
0
0
0
0
0
0
0
0
0
0
0
0
0
0
0
0
0
0
0
0
0
0
0
0
0
0
0
0
0
0
0
0
0
0
0
0
0
0
0.01
0.01
0.01
0.01
0.02
0.02
0.02
0.03
0.03
0.03
0.03
0.15
0.43
1.11
1.94
2.89
3.99
5.32
6.85
8.6
9.82
11.47
11.46
11.52
11.83
14.39
17.19
20.22
23.49
27.03
27.02
29.35
33.31
36.87
40.59
44.74
46.46
50.29
54.92
59.47
64.65
69.37
76.04
82.99
82.68
88.07
93.66
98.86
104.36
110.1
110.1
107.65
114.24
121.29
128.56
135.56
145.25
152.79
159.56
166.7
174.43
182.68
190.77
198.63
213.55
220.63
227.53
224.94
232.09
239.07
255.55
272.38
278.38
283.9
289.19
294.39
299.42
304.71
310.14
315.07
319.1
322.71
326.29
329.73
333.21
336.74
340.09
353.13
356.03
358.7
361.35
345.97
348.77
352
355.01
357.78
360
361.42
362.31
363.21
364.52
365.86
367.32
369.16
371.15
372.89
374.28
375.13
375.25
374.64
373.13
388.78
385.8
381.87
374.56
369.79
365.26
361.09
356.9
352.48
347.74
342.8
337.6
332
326.03
313.86
308.67
304.54
301.55
299.72
299.11
299.4
300.51
302.53
308.21
311.68
315.58
319.69
324.26
329.24
334.23
339.28
344.33
349.37
354.63
366.08
370.46
373.81
376.35
363.26
363.99
364.08
363.56
362.32
360.27
341.5
337.64
333.14
328.12
322.66
317.13
311.44
305.56
285.96
266.27
246.7
238.48
231.08
212.61
219.51
211.62
203.46
194.98
186.37
178.51
186.91
179.83
172.78
165.52
158.09
150.56
142.89
135.32
141.17
147.09
153.15
148.38
143.44
150.04
146.55
143.71
134.39
133.04
132.29
131.34
130.63
130.3
130.49
131.3
132.7
134.45
136.58
138.54
140.86
136.67
138.59
140.16
141.32
142.09
142.35
142.06
142.06
140.78
139.69
137.75
130.06
122.21
114.21
110.14
130.44
125.15
116.7
110.92
137.24
137.16
131.32
125.39
119.49
113.58
107.78
102.16
103.02
97.54
91.48
85.98
85.98
85.98
85.98
81.88
53.25
50.14
50.14
47.74
13.26
11.6
9.47
7.59
5.91
4.45
3.18
2.09
1.23
0.59
0.19
0
0
0
0
0
0
0
0
0
0
0
0
0
0
0
0
0
0
0
0
0
0
0
0
0
0
0
0
0
0
0
0
0
0
0
0
0
0
0
0
0
0
0
0
0
0
0
0
0
0
0
0
0
0
0
0
0
0
0
0
0
0
0
0
0
0
0
0
0
0
0
0
0
0
0
0
0
0
0
0
0
0
0
0
0
0
0
0
0
0
0
0
0
0
0
0
0
0
0
0
0.01
0.01
0.01
0.01
0.02
0.02
0.02
0.03
0.03
0.03
0.04
0.04
0.04
0.05
0.05
0.06
0.07
0.07
0.08
0.08
0.09
0.09
0.1
0.11
0.11
0.12
0.13
0.32
0.76
1.46
2.4
3.54
5.02
6.91
9.17
11.81
13.69
16.01
18.68
22.04
25.87
30.1
34.82
40.03
45.91
52.4
52.38
59.51
66.87
74.45
82.26
90.39
98.6
106.91
115.3
122.67
131.01
138.87
146.71
153.91
161.02
168.27
175.48
182.51
189.02
195.24
208.36
201.04
207.4
199.12
203.96
209
213.47
217.21
220.45
224.66
229.01
233.84
238.49
243.09
247.07
250.35
253.05
250.96
247.11
248.94
250.44
264.89
265.03
272.86
259.27
244.95
231.07
231.9
237.62
238.77
239.77
240.68
225.51
223.91
208.99
199.94
202.29
209.29
218.17
221.12
224.29
227.89
231.83
242.29
261.17
273.94
293.4
298.39
298.55
303.02
307.33
311.13
329.97
336.2
356.33
370.39
372.87
374.91
376.43
377.39
377.39
376.46
374.89
372.96
370.15
373.1
368.87
364.4
359.66
354.7
349.68
345.06
341.58
337.11
332.26
328.27
325.02
322.44
320.5
314.16
314.23
315.47
317.56
320.37
323.77
327.8
332.31
337.16
342.3
347.68
353.08
357.83
362.03
366.24
370.48
374.1
377.3
380.11
382.45
389.55
390.63
390.94
390.44
389.09
387.11
384.64
381.62
378.33
374.9
371.24
367.39
363.82
360.33
356.53
352.48
347.91
342.3
335.65
328.07
319.68
310.75
301.23
290.46
280.25
270.24
260.85
250.95
240.34
228.91
216.73
203.89
190.4
176.34
161.77
146.71
131.86
118.05
105.28
93.5
82.67
72.66
63.51
56.01
48.42
40.93
33.03
25.94
19.71
14.38
9.94
6.37
3.57
1.58
0.4
0
0
0
0
0
0
0
0
0
0
0
0
0
0
0
0
0
0
0
0
0
0
0
0
0
0
0
0
0
0
0
0
0
0
0
0
0
0
0
0
0
0
0
0
0
0
0
0
0
0
0
0
0
0
0
0
0
0
0
0
0
0
0
0
0
0
0
0
0
0
0
0
0
0
0
0
0
0
0
0
0
0
0
0
0
0
0
0
0
0
0
0
0
0
0
0
0
0
0
0
0
0
0
0
0
0
0
0
0
0
0
0
0
0
0
0
0
0
0
0
0
0
0
0
0
0
0
0
0
0
0
0
0
0
0
0
0
0
0
0
0
0
0
0
0
0
0
0
0
0
0
0
0
0
0
0
0
0
0
0
0
0
0
0
0
0
0
0
0
0
0
0
0.17
0.52
1.08
1.92
3.09
4.56
6.34
8.45
10.91
12.23
14.1
16.43
19.24
22.58
26.29
30.27
34.93
39.31
39.31
46.24
53.62
61.32
68.92
75.62
82.46
80.99
88.49
95.96
103.48
111.69
119.59
127.24
134.71
142.05
149.29
156.67
163.34
170.07
181.09
185.08
188.41
191.34
183.17
186.28
190.14
199.38
196.69
187.11
186.29
189.9
193.28
196.65
186.37
180.86
182.79
185.65
189.1
193.01
197.16
201.8
206.49
208.3
224.15
229.43
233.34
239.95
249.46
263.48
268.48
272
275.96
273.23
288.74
301.72
307.28
311.82
316.03
320.53
325.41
330.26
335.75
344.29
350.27
356.49
363.58
371.02
378.47
388.28
398.31
405.42
411.57
423.55
429.98
424.26
426.58
427.04
422.13
421.43
420.2
418.53
415.66
412.21
407.76
402.52
396.05
388.66
380.42
371.38
361.57
352.62
344.7
338.02
332.55
337.06
333.65
332.2
336.24
336.01
335.84
335.82
336.83
338.72
341.63
345.4
350.06
343.45
349.88
357.11
364.88
372.28
379.15
385.45
390.96
394.43
398.95
403.06
406.81
409.89
412.56
414.76
416.07
416.36
415.55
413.4
409.93
417.34
411.43
404.44
396.46
387.57
377.95
367.52
357.62
348.74
337.77
326.13
313.85
301.17
288.42
275.6
262.68
249.84
237.23
225.62
214.99
205.3
196.51
188.52
181.39
175.11
167.64
162.87
157.73
153.35
149.59
146.4
142.74
139.84
134.69
126.59
123.44
120.17
116.81
112.94
108.65
105.5
101.93
97.95
93.62
88.94
85.8
80.41
74.69
68.32
61.52
54.48
48.55
42.45
39.05
39.05
34.59
30.65
27.15
24.08
21.41
17.55
14.09
11.03
8.31
5.95
3.97
2.36
1.13
0.34
0
0
0
0
0
0
0
0
0
0
0
0
0
0
0
0
0
0
0
0
0
0
0
0
0
0
0
0
0
0
0
0
0
0
0
0
0
0
0
0
0
0
0
0
0
0
0
0
0
0
0
0
0
0
0
0
0
0
0
0
0
0
0
0
0
0
0
0
0
0
0
0
0
0
0
0
0
0
0
0
0
0
0
0
0
0
0
0
0
0
0
0
0
0
0
0
0
0
0
0
0
0
0
0
0
0
0
0
0
0
0
0
0
0
0
0
0
0
0
0
0
0
0
0.01
0.01
0.01
0.02
0.02
0.03
0.04
0.04
0.04
0.04
0.04
0.05
0.05
0.06
0.07
0.08
0.09
0.1
0.11
0.12
0.12
0.13
0.14
0.13
0.12
0.13
0.12
0.12
0.13
0.14
0.14
0.13
0.14
0.15
0.16
0.17
0.39
0.85
1.55
2.62
4.05
5.83
7.99
10.56
13.52
14.96
16.87
19.22
22.08
25.49
29.47
34.06
39.15
44.91
51.48
58.75
66.22
73.74
81.64
89.6
97.67
105.83
114.04
121.47
129.19
139.28
149.29
159.28
169.11
178.74
187.9
197.06
206.22
201.19
194.6
202.55
210.34
217.94
224.97
226.47
232.85
238.93
244.73
250.66
255.53
259.22
262.6
265.79
268.95
272.19
275.52
272.97
273.66
287.05
303.58
305.58
307.87
310.5
313.39
321.71
305.82
309.11
312.59
317.17
322.52
328.26
334.03
330.92
321.84
323.66
327.61
336.77
336.4
342.49
333.4
332.07
314.27
311.48
311.17
311.34
311.34
310.69
309.02
305.86
284.95
280.5
275.58
278.87
287.68
285.02
279.74
274.46
274.68
269.59
277.56
276.9
291.87
291.17
287.62
283.08
297.42
293.32
290.21
288.07
303.72
303.29
303.73
304.87
306.51
308.71
311.54
314.61
318.29
321.46
324.13
327.1
329.6
332.53
336.51
340.7
345.17
349.76
354.23
358.6
362.67
366.33
369.35
372.11
374.16
375.45
376.19
376.69
376.68
376.67
376.54
375.97
375.8
358.15
354.61
351.2
346.91
341.29
334.43
326.39
318.05
308.84
298.85
288.29
277.67
267.1
256.78
246.05
234.95
223.45
211.76
199.88
182.56
182.56
167.45
156.18
146.18
136.95
128.51
120.83
113.07
105.94
98.41
92.13
83.46
76.88
71.67
66.47
61.42
56.61
52.06
47.74
48.9
49.8
50.43
46.71
42.19
37.9
33.83
29.98
26.36
22.97
20.86
18.09
18.09
16.3
13.13
10.41
8.08
6.11
4.41
2.98
1.82
0.93
0.29
0
0
0
0
0
0
0
0
0
0
0
0
0
0
0
0
0
0
0
0
0
0
0
0
0
0
0
0
0
0
0
0
0
0
0
0
0
0
0
0
0
0
0
0
0
0
0
0
0
0
0
0
0
0
0
0
0
0
0
0
0
0
0
0
0
0
0
0
0
0
0
0
0
0
0
0
0
0
0
0
0
0
0
0
0
0
0
0
0
0
0
0
0
0
0
0
0
0
0
0
0
0
0
0
0
0
0
0
0
0
0
0
0
0
0
0
0
0
0
0.01
0.01
0.01
0.02
0.38
1.11
2.14
3.56
5.4
7.58
10
12.77
15.78
15.78
15.78
15.78
15.78
15.8
18.73
33.08
35.94
39.45
42.3
45.33
49.28
53.85
57.64
60.66
62.88
60.71
62.33
64.75
61.74
61.74
67.25
67.25
71.08
76.7
80.22
72.57
76.73
80.45
85.29
90.4
94.55
97.69
101.46
105.63
109.95
118.64
123.44
127.4
136.6
146.09
150.24
159.69
164.19
161.43
163.36
156.66
160.87
163.9
167.18
168.88
166.91
164.43
166.09
167.96
169.43
171.39
173.29
171.6
170.17
170.73
172.25
174.68
178.5
188.11
192.36
205.21
207.28
210.98
214.66
220.21
225.49
236.54
243.35
250.04
257.5
264.65
272.18
282.29
289.72
299.49
306.31
314.77
322.59
329.87
336.95
344.03
350.85
356.96
362.32
366.71
374.24
375.96
377.81
360.65
363.16
364.92
366.18
368.11
372.3
371.83
373.3
372.18
371.24
370.2
368.69
366.26
363.08
358.62
353.53
348.89
344.43
338.85
334.22
348.04
341.57
335.27
328.72
321.97
311.99
304.57
296.4
288.32
280.63
273.68
267.67
262.7
258.44
249.95
248.37
247.03
246.48
248.11
249.05
251.11
254.15
257.73
261.97
266.79
275.42
281.83
289.19
297.24
305.43
313.38
321.08
328.44
335.83
348.87
355.74
362.11
368
373.19
377.3
380.28
382.29
383.12
382.97
381.98
380.06
377.08
372.94
353.76
347.53
331.66
316.56
307.25
295.24
283.97
271.89
259.11
245.55
231.64
217.66
203.59
189.18
174.96
160.67
146.16
131.45
117.16
103.42
105.54
94.12
91.95
88.64
79.33
72.41
64.41
56.98
50.04
43.64
37.62
32.22
27.43
23.45
20
17.21
15.14
13.74
12.67
11.87
9.75
7.86
6.19
4.71
3.41
2.29
1.38
0.69
0.22
0
0
0
0
0
0
0
0
0
0
0
0
0
0
0
0
0
0
0
0
0
0
0
0
0
0
0
0
0
0
0
0
0
0
0
0
0
0
0
0
0
0
0
0
0
0
0
0
0
0
0
0
0
0
0
0
0
0
0
0
0
0
0
0
0
0
0
0
0
0
0
0
0
0
0
0
0
0
0
0
0
0
0
0
0
0
0
0
0
0
0
0
0
0
0
0
0
0
0
0
0
0
0
0
0
0
0
0
0
0
0
0
0
0
0
0
0
0
0
0
0
0
0
0
0
0
0
0
0
0
0
0
0
0
0
0
0
0
0
0
0
0
0
0
0
0
0
0
0
0
0.01
0.01
0.25
0.77
1.63
2.94
4.56
6.41
8.52
10.84
13.45
13.45
14.64
14.64
17.14
18.92
22.04
25.37
29.47
29.47
29.47
34.03
38.61
43.18
47.59
51.99
55.9
54.06
58.27
55.95
60.38
63.79
62.94
62.94
60.44
64.25
66.9
71.79
76.67
86.24
96.53
102.27
108.04
113.54
115.96
119.73
124.72
135.34
139.67
150.47
154.45
162
172.41
183.31
193.65
195
200.08
204.5
203.11
205.37
208
211.44
214.74
218.41
225.38
231.08
231.69
237.13
243.12
249.39
254.06
260.58
267.78
275
282.92
294.77
303.34
310.43
316.07
324.28
331.1
337.01
342.7
347.97
352.85
356.9
364.76
367.49
369.46
367.92
365.06
366.41
348.84
343.97
343.81
343.66
342.59
341.17
346.51
345.25
344.46
343.33
342.21
341.18
339.8
339.3
320.3
319
319.01
321.83
326.98
325.87
342.86
346.53
344.95
342.42
339.9
337.06
333.67
329.87
325.64
322.16
319.15
316.59
314.94
312.43
328.51
327.62
325.99
325.05
325.06
325.56
326.66
328.61
331.26
333.8
332.53
337.17
342.23
347.54
352.3
357.52
362.14
366.02
369.02
372.27
374.54
377.06
376.73
378.21
378.75
378.83
377.98
375.89
372.78
370.28
371.1
365.48
358.98
351.78
344.75
336.33
327.54
318.41
308.97
299.03
289.69
279.01
270.26
258.94
247.66
236.5
226.34
217.29
209.21
201.21
194.04
179.55
165.8
161.71
158.48
156.13
154.5
153.75
153.72
154.45
155.99
158.41
161.51
164.89
168.44
171.73
173.72
175.46
176.33
176.44
176.06
182.58
187.72
183.8
180
175.24
171.48
166.84
161.48
155.23
147.91
139.53
130.21
120.47
110.41
100.34
90.91
81.43
72.58
64.32
56.49
49.97
44.83
39.77
34.33
29.6
23.69
18.43
13.73
9.72
6.49
4.03
2.31
1.1
0.36
0
0
0
0
0
0
0
0
0
0
0
0
0
0
0
0
0
0
0
0
0
0
0
0
0
0
0
0
0
0
0
0
0
0
0
0
0
0
0
0
0
0
0
0
0
0
0
0
0
0
0
0
0
0
0
0
0
0
0
0
0
0
0
0
0
0
0
0
0
0
0
0
0
0
0
0
0
0
0
0
0
0
0
0
0
0
0
0
0
0
0
0
0
0
0
0
0
0
0
0
0
0
0
0
0
0
0
0
0
0
0
0
0
0
0
0
0
0
0
0
0
0
0
0
0
0
0
0
0
0
0
0
0
0
0
0
0
0
0
0
0
0
0
0
0
0
0
0
0
0
0
0
0
0
0
0
0
0
0
0
0.01
0.24
0.75
1.58
2.83
4.58
6.79
9.3
12.19
15.63
17.85
20.59
23.85
27
30.74
35.07
40.15
45.82
46.25
50.93
52.72
58.35
63.72
71.93
79.93
87.73
95.34
103.09
110.71
117.85
126.42
134.49
142.14
150.21
158.08
165.49
172.17
178.43
190.1
197.88
208.97
216.21
223.55
227.78
232.19
236.52
239.84
243.84
248.02
252.25
256.38
260.78
265.13
269.05
272.59
275.69
273.68
272.25
260.14
262.64
263.48
266.74
259.15
262.46
265.53
268.48
272.48
275.83
279.01
282.76
287.12
291.74
296.11
301.19
306.75
312.95
324.67
336.12
358.41
365.89
374.79
381.25
398.41
404.6
410.22
415.43
419.76
423
425.33
426.25
425.73
424.14
423.04
420.89
417.67
413.66
408.89
403.38
397.17
390.54
383.63
376.28
368.82
361.1
353.95
347.38
341.79
337.43
334.26
332.26
331.36
331.12
330.1
330.37
331.27
332.42
334.11
336.11
338.52
339.75
340.03
324.57
325.65
328.55
331.11
333.45
335.11
335.84
335.61
334.62
332.95
331.07
329.27
326.51
323.69
321.22
318.45
314.97
310.81
305.56
302.67
315.25
310.78
304.2
297.2
289.58
281.67
273.61
265.51
257.12
248.62
239.68
230.86
218.72
204.56
191
181.1
171.85
163.32
151.51
138.42
125.84
113.87
108.47
103.62
98.72
89.07
85.75
82.94
80.8
79.1
77.96
77.1
79.78
84.6
88.7
88.79
88.51
87.72
92.3
96.53
100.44
104.07
101.44
98.47
97.49
101.41
99.1
96.31
93
89.2
84.94
80.28
75.05
69.26
63.01
57.21
51.78
46.78
42.2
37.97
34.05
30.43
27.12
24.15
19.86
15.93
12.41
9.33
6.67
4.47
2.69
1.32
0.43
0
0
0
0
0
0
0
0
0
0
0
0
0
0
0
0
0
0
0
0
0
0
0
0
0
0
0
0
0
0
0
0
0
0
0
0
0
0
0
0
0
0
0
0
0
0
0
0
0
0
0
0
0
0
0
0
0
0
0
0
0
0
0
0
0
0
0
0
0
0
0
0
0
0
0
0
0
0
0
0
0
0
0
0
0
0
0
0
0
0
0
0
0
0
0
0
0
0
0
0
0
0
0
0
0.16
0.52
1.22
2.29
3.56
5.05
6.81
8.76
10.99
12.15
13.63
15.41
17.47
19.77
22.3
25.05
27.94
28.18
28.18
31.94
35.62
39.17
38.47
37.4
37.95
36.46
37.96
36.01
34.52
37.17
40.01
41.93
41.35
43.75
46.26
48.91
51.66
57.46
62.08
64.31
67.3
70.5
77.93
85.11
90.87
98.74
103.42
111.52
112.5
117.32
121.69
127.09
134.82
139.24
134.2
138.23
142.21
145.99
147.26
151.36
149.81
153.89
157.61
150.44
153.82
156.81
159.88
162.84
172.34
168.52
171.44
173.84
176.42
179.05
190.46
192.32
193.92
195.23
200.15
190.07
186.21
175.03
166.37
177.76
179.39
180.91
182.86
185.26
187.9
197.23
199.99
203.2
206.56
210.71
216.12
222.38
229.28
218.16
225.41
245.49
264.67
285.6
304.47
314.4
322.82
330.89
333.97
339.74
336.92
336.73
338.12
341.21
343.36
341.93
341.39
340.21
338.53
354.41
351.61
346.23
339.84
332.97
325.47
318.57
312.4
294.07
293.87
290.93
296.76
300.01
302.04
302.43
288.44
292.8
295.55
298.04
300.26
303.23
307.14
311.93
317.48
322.49
328.75
334.28
339.44
357.46
361.86
365.85
369.23
372.58
375.25
377.51
394.67
396.38
397.93
399.49
401.14
402.55
403.49
404
403.56
403.09
400.79
398.02
394.37
389.91
384.66
378.69
372.01
364.25
355.84
346.76
337.13
326.93
316.25
305.93
295.34
284.52
273.66
262.72
252.73
243.82
236.04
229.26
223.76
219.27
215.86
213.55
210.4
210.2
210.88
212.43
214.79
217.8
221.47
225.1
229.22
233.54
238
242.68
246.86
250.41
253.35
255.62
257.19
257.98
257.91
256.88
256.96
254.48
251.43
247.88
243.74
238.95
227.47
215.71
201.87
193.91
180.18
172.43
164.71
157.02
149.23
137.39
124.96
115.23
108.79
102.68
96.8
91.16
85.76
80.38
75
69.76
70.64
71.42
73.94
70.41
72.38
68.02
63.5
58.93
54.45
55.52
57.05
55.92
51.56
47.31
43.17
39.12
35.12
31.3
27.72
24.4
21.43
18.69
16.17
13.9
11.93
10.3
9.02
8.04
7.32
5.42
3.9
2.77
2.06
1.46
0.96
0.57
0.29
0.1
0
0
0
0
0
0
0
0
0
0
0
0
0
0
0
0
0
0
0
0
0
0
0
0
0
0
0
0
0
0
0
0
0
0
0
0
0
0
0
0
0
0
0
0
0
0
0
0
0
0
0
0
0
0
0
0
0
0
0
0
0
0
0
0
0
0
0
0
0
0
0
0
0
0
0
0
0
0
0
0
0
0
0
0
0
0
0
0
0
0
0
0
0
0
0
0
0
0
0
0
0
0
0
0
0
0
0
0
0.01
0.01
0.01
0.01
0.02
0.02
0.02
0.03
0.03
0.04
0.04
0.05
0.05
0.05
0.43
1.03
1.86
2.95
4.27
5.76
7.48
9.49
11.84
11.84
13.44
15.45
17.8
20.54
23.74
27.37
31.44
35.92
40.87
46.37
51.6
56.7
61.96
67.61
73.69
80.27
87.11
93.9
100.65
110.15
118.51
126.27
134.13
142
149.75
157.59
165.46
173.36
180.97
188.31
195.57
202.86
210
216.74
223.26
229.54
235.82
242.33
234.21
240.81
247.18
254.01
260.71
267.33
273.72
279.58
285.12
290.35
295.76
301.06
306.91
313.04
319.07
324.73
329.64
333.8
337.2
340.04
356.92
352.68
352.65
348.19
331.29
328.21
329.05
330.21
328.5
329.31
328.46
329.14
329.35
329.38
329.63
329.75
330.17
330.97
315.68
311.28
293.39
297.83
299.89
305.78
323.16
314.78
296.59
282.33
283.43
282.14
282.57
281.49
280.38
278.88
276.66
275
273.33
271.58
285.54
271.8
290.36
287.67
269.31
263.86
266.92
282.15
303.48
320.56
324.91
328.49
330.64
332.16
333.32
334.43
335.84
322.11
323.22
318.63
301.72
312
312.44
317.94
317.94
324.21
322.45
319.95
317.18
314.07
310.87
308.78
308.25
308.39
308.98
309.84
310.42
325.29
324.68
329.1
345.68
351.21
347.31
342.58
356.27
351.01
345.27
339
331.84
324.33
316.36
307.2
296.83
285.69
273.81
261.49
249.54
238.47
228.37
219.2
211.13
204.11
198.08
193.07
188.93
180.48
177.73
175.94
175.22
175.47
176.51
177.67
178.94
180.22
181.49
182.44
182.71
181.88
180.04
177.33
175.48
172.7
169.03
164.32
158.82
157.02
149.45
140.95
131.54
121.19
110.09
99.48
89.39
79.86
70.93
62.66
55.06
48.22
42.07
36.57
29.9
23.88
18.5
13.84
9.77
6.42
3.81
1.87
0.59
0
0
0
0
0
0
0
0
0
0
0
0
0
0
0
0
0
0
0
0
0
0
0
0
0
0
0
0
0
0
0
0
0
0
0
0
0
0
0
0
0
0
0
0
0
0
0
0
0
0
0
0
0
0
0
0
0
0
0
0
0
0
0
0
0
0
0
0
0
0
0
0
0
0
0
0
0
0
0
0
0
0
0
0
0
0
0
0
0
0
0
0
0
0
0
0
0
0
0
0
0
0
0
0
0
0
0
0
0
0
0
0
0
0
0
0
0
0
0
0
0
0
0
0
0
0
0
0
0
0
0
0
0.01
0.01
0.01
0.01
0.02
0.02
0.02
0.03
0.03
0.21
0.61
1.22
2.04
3.08
4.41
6.04
7.98
10.25
11.79
13.48
15.41
17.58
20.1
23.05
26.58
30.52
34.92
39.79
44.65
49.69
55.25
61.13
66.89
72.98
79.35
85.86
92.45
99.11
105.44
112.8
120.73
129.86
139.11
148.13
156.65
165.2
173.69
181.69
189.54
197.12
199.54
194.26
200.38
205.75
207.74
212.51
216.82
214.56
212.92
215.67
217.47
217.83
217.58
216.99
216.25
213.36
211.45
209.94
209.25
209.31
214.45
215.52
214.09
201.58
197.92
196.71
197.89
205.65
214.41
218.07
222.13
217.98
219.02
215.65
219.98
226.46
231.78
236.82
240.72
243.33
244.71
257.38
261.12
276.03
270.02
266.3
266.59
267.14
259.44
254.86
254.21
250.95
238.39
236.94
236.34
236.13
238.52
240.45
244.6
249.7
256.13
263.15
270.53
278.67
302.08
318.29
328.6
338.56
355.93
369.26
377.89
396.85
419.35
434.58
440.48
444.82
445.68
446.18
444.19
441.09
436.55
430.63
423.57
415.05
405.64
394.78
383.35
371.64
360.88
351.22
342.72
335.48
329.71
325.3
322.55
321.29
321.32
322.62
325.15
328.76
333.84
340.16
347.7
356.42
365.93
376.27
386.82
397.51
407.61
416.92
425.54
433.14
439.66
445.18
449.61
452.98
455.31
456.7
457.22
441.95
439.31
435.31
429.99
416.11
408.71
400.82
392.23
382.58
372.1
361.04
349.23
337.08
325.15
313.53
301.75
289.9
278.23
266.75
255.44
259.83
251.03
243.22
236.54
238.33
233.57
229.31
225.73
223.02
221.08
219.38
217.98
216.68
214.6
211.65
208.4
204.84
200.82
196.31
192.3
187.19
181.26
174.65
167
158.44
149.09
138.96
128.31
117.18
105.63
94.53
83.91
73.79
64.54
56.23
48.62
41.7
35.48
29.96
24.13
19.04
14.55
10.6
7.37
4.77
2.77
1.37
0.45
0
0
0
0
0
0
0
0
0
0
0
0
0
0
0
0
0
0
0
0
0
0
0
0
0
0
0
0
0
0
0
0
0
0
0
0
0
0
0
0
0
0
0
0
0
0
0
0
0
0
0
0
0
0
0
0
0
0
0
0
0
0
0
0
0
0
0
0
0
0
0
0
0
0
0
0
0
0
0
0
0
0
0
0
0
0
0
0
0
0
0
0
0
0
0
0
0
0
0
0
0
0
0
0
0
0
0
0
0
0
0
0
0
0
0
0
0
0
0
0
0
0
0
0
0
0
0
0
0
0
0
0
0
0
0
0
0
0
0
0
0
0
0
0
0
0.01
0.01
0.01
0.02
0.03
0.03
0.04
0.04
0.05
0.05
0.06
0.07
0.07
0.07
0.07
0.32
0.99
2.11
3.61
5.5
7.86
10.65
13.86
17.56
18.77
20.5
22.78
25.58
28.93
32.86
37.36
42.54
48.21
54.58
61.77
69.12
76.32
83.33
90.31
96.35
98.12
95.32
92.11
88.4
93.57
101.87
110.04
118.07
125.86
133.18
139.97
146.07
151.73
156.72
160.85
164.91
169
173.11
164.63
156.7
165.38
178.41
191.92
205.62
213.16
216.91
220.09
222.89
225.35
227.87
230.61
233.56
222.24
225.03
224.19
227.93
227.8
215.56
222.6
232.65
236.51
240.38
243.86
247.56
251.33
255.89
260.8
265.53
270.43
275.47
280.57
285.52
304.73
309.75
318.48
322.31
322.2
341.46
353.73
362.87
364.93
366.03
366.3
365.38
363.53
360.5
356.9
353.33
349.32
344.59
338.92
332.98
326.68
320
312.87
305.43
305.05
296.67
287.92
279.02
270.76
263.81
258.27
254.08
250.95
248.88
247.66
247.04
247.07
247.9
249.75
252.13
255.37
259.15
263.43
268.06
273.35
279.45
286.02
293.17
300.25
306.84
312.58
317.66
322.15
325.93
329.08
331.55
333.4
334.69
319.37
319.45
318.61
317.55
316.38
314.76
312.54
310.29
307.52
304.14
300.39
296.26
292.02
287.45
277.49
272.24
266.54
260.48
254.24
247.68
256.79
241.07
233.97
226.48
218.68
211.01
203.48
195.36
187.22
179.16
170.93
162.81
154.61
146.7
144.32
137.5
131.43
126.06
115.92
106.28
97.17
101.78
98.93
99.22
97.04
95.05
93
90.89
85.97
82.5
80.18
77.46
74.76
71.78
68.34
66.91
64.85
62.22
64.41
66.29
67.88
64.49
59.98
52.44
47.53
42.39
37.55
33.06
31.75
29.22
25.98
23.31
20.99
19.09
17.64
14.12
11.08
8.49
6.31
4.42
2.83
1.61
0.78
0.28
0
0
0
0
0
0
0
0
0
0
0
0
0
0
0
0
0
0
0
0
0
0
0
0
0
0
0
0
0
0
0
0
0
0
0
0
0
0
0
0
0
0
0
0
0
0
0
0
0
0
0
0
0
0
0
0
0
0
0
0
0
0
0
0
0
0
0
0
0
0
0
0
0
0
0
0
0
0
0
0
0
0
0
0
0
0
0
0
0
0
0
0
0
0
0
0
0
0
0
0
0
0
0
0
0
0
0
0
0
0
0
0
0
0
0
0
0
0
0
0
0
0
0
0
0
0
0
0
0
0
0
0
0
0.01
0.01
0.01
0.2
0.64
1.28
2.2
3.4
4.84
6.56
8.69
11.27
11.27
13.68
16.4
19.53
23.03
26.97
31.39
36.25
41.64
47.67
54.35
61.17
67.52
74.23
81.17
87.93
94.77
101.68
108.4
114.72
123.77
130.63
127.9
134.67
141.31
147.56
152.59
147.72
142.33
136.3
140.75
145.22
150.18
154.5
158.23
162.38
166.49
170.35
174.01
177.92
181.76
185.42
198.5
201.96
205.32
208.9
213.32
227.19
240.98
254.61
256.78
258.31
259.33
260.17
256.56
250.36
244.51
232.02
219.51
218.36
218
211.31
202.46
194.31
187.03
173.27
164.61
160.41
160.7
161.32
162.46
164.16
163.64
166.59
174.35
184.46
192.98
209.85
227.25
233.42
239.12
251.44
266.13
280.32
293.7
313.35
327.88
337.31
343.38
349.05
354.31
358.89
365.4
368.27
370.46
371.95
373.94
373.62
372.14
367.45
364.09
360
355.13
349.47
343.18
336.48
329.34
322.68
314.92
307.78
301.22
295.63
290.95
287.2
284.36
266.85
265.95
265.96
267
271.19
274
277.54
281.85
286.83
292.55
299.03
306.16
313.59
321.06
328.24
335.11
341.38
347.37
352.75
357.24
368.67
371.02
371.62
372.29
372.17
371.24
369.61
367.13
363.71
358.97
339.54
321.89
313.74
293.89
284.73
274.72
264.1
252.45
238.38
226.49
222.37
211.02
200.02
188.87
177.87
167.1
156.44
146.01
136
127.15
132.77
136.4
130.61
136.75
132.23
128.85
126.49
125.35
126.91
126.82
127.28
128.1
128.32
130.26
132.67
135.48
138.61
133.15
127.89
130.09
133.16
136.08
138.61
140.47
141.75
141.99
141.3
139.7
137.43
134.57
131.05
126.96
125.04
120.51
115.2
109.13
102.52
104.32
105.65
99.02
91.01
82.73
74.26
66.26
58.71
51.82
45.54
39.86
34.67
29.93
25.68
21.8
17.34
13.45
10.15
7.43
5.2
3.4
2.06
1.03
0.35
0
0
0
0
0
0
0
0
0
0
0
0
0
0
0
0
0
0
0
0
0
0
0
0
0
0
0
0
0
0
0
0
0
0
0
0
0
0
0
0
0
0
0
0
0
0
0
0
0
0
0
0
0
0
0
0
0
0
0
0
0
0
0
0
0
0
0
0
0
0
0
0
0
0
0
0
0
0
0
0
0
0
0
0
0
0
0
0
0
0
0
0
0
0
0
0
0
0
0
0
0
0
0
0
0
0
0
0
0.01
0.01
0.01
0.02
0.02
0.02
0.02
0.02
0.02
0.02
0.02
0.03
0.14
0.15
0.15
0.16
0.16
0.17
0.17
0.17
0.18
0.18
0.18
0.19
0.19
0.19
0.2
0.2
0.2
0.2
0.2
0.2
0.1
0.1
0.1
0.11
0.12
0.12
0.14
0.34
0.78
1.44
2.24
3.23
4.36
5.71
7.4
9.39
10.35
11.79
13.6
15.64
17.9
20.4
23.2
23.19
24.97
24.96
24.95
28.31
31.02
33.33
36.83
41.38
46.03
50.72
55.05
53.06
58.23
61.79
65.79
70.03
74.57
79.18
82.71
88.65
94.26
100.76
106.63
103.33
100.17
105.95
110.04
104.49
108.36
112.21
107.22
117.64
122.33
128.63
134.68
140.39
145.52
150.5
156.67
157.36
151.78
158.79
165.67
178.51
191.87
196.41
201.41
215.16
219.53
223.97
237.57
242.37
246.8
250.72
254.23
257.81
261.56
265.35
268.87
278.19
276.37
277.46
280.21
282.66
279.27
281.64
281.22
283.69
285.58
285.02
288.25
290.96
293.9
297.21
300.56
304.07
307.73
311.45
315.08
319.04
339.46
345.69
351.19
356.7
367.79
372.5
379.77
383.63
378.53
384.01
384.92
385.31
385.05
384.01
382.21
371.13
367.73
363.74
359.48
354.78
349.11
342.7
335.83
328.58
321.07
314.6
308.12
301.74
304.53
299.32
294.95
291.39
288.52
286.4
285.21
293.33
293.9
279.41
276.82
279.14
282.05
285.23
288.74
287.35
291.67
295.58
299.59
303.8
308.41
312.41
315.95
318.98
321.46
323.35
324.52
324.89
324.46
339.08
341.62
339.33
336.88
334.65
332.05
334.04
330.03
325.54
320.48
314.5
307.48
299.91
291.71
283
273.95
264.66
255.26
245.83
236.35
226.73
217.95
208.81
199.15
188.73
178.47
168.79
159.63
151
143.03
135.89
129.53
124.05
119.44
115.63
112.54
110.07
108.15
106.74
105.81
105.07
103.55
102.22
101.1
100.22
99.16
97.74
95.97
93.75
92.68
91.16
89.21
86.66
83.56
79.98
75.88
71.39
66.48
61.16
55.47
50.09
45.03
40.27
35.84
31.75
28.04
24.71
21.79
19.31
15.63
12.36
9.48
7.04
5
3.31
2
0.99
0.32
0
0
0
0
0
0
0
0
0
0
0
0
0
0
0
0
0
0
0
0
0
0
0
0
0
0
0
0
0
0
0
0
0
0
0
0
0
0
0
0
0
0
0
0
0
0
0
0
0
0
0
0
0
0
0
0
0
0
0
0
0
0
0
0
0
0
0
0
0
0
0
0
0
0
0
0
0
0
0
0
0
0
0
0
0
0
0
0
0
0
0
0
0
0
0
0
0
0
0
0
0
0
0.01
0.01
0.01
0.02
0.02
0.03
0.03
0.03
0.04
0.04
0.05
0.06
0.06
0.06
0.06
0.07
0.25
0.62
1.19
1.86
2.78
3.99
5.55
7.5
9.75
10.49
11.45
12.77
14.36
16.15
18.19
20.54
23.16
26.15
29.59
33.5
37.45
41.44
45.47
48.89
50.39
50.25
49.79
48.25
52.11
58.11
61.01
66.87
72.89
79.27
85.79
92.33
99.09
106.02
113.03
120.11
127.61
135.73
142.91
148.03
159.64
173
186.9
201.67
210.8
219.35
215.48
209.87
218.47
226.59
234.63
242.62
250.49
258.13
265.52
272.63
279.09
284.57
290.8
296.82
301.34
305.95
310.31
314.96
319.98
325.32
346.08
365.42
370.44
375.87
381.47
387.11
392.41
397.26
401.39
404.72
407.89
410.94
414.01
419.59
421.81
421.8
413.93
413.27
411.58
403.64
401.25
398.65
394.41
390.09
384.48
378.13
371.24
364.21
342.25
335.9
327.22
320.79
308.62
287.79
278.42
272.45
275.02
269.99
265.84
267.8
263.75
259.84
257.45
254.89
253.74
253.13
253.5
254.08
270.45
272.2
277.11
280.73
290.55
309.68
317.76
324.44
330.43
336.66
342.83
348.96
355.34
361.54
367.46
372.93
377.82
382.59
386.97
391.83
396.2
399.36
401.09
401.12
399.7
396.91
392.92
387.91
381.87
375.21
367.48
358.72
349.3
339.32
328.87
318.26
307.11
295.5
283.2
269.86
256.27
243.56
232
221.72
212.61
204.73
197.84
191.85
186.75
180.37
177.08
165.06
164.06
163.91
164.29
165.08
166.54
168.48
171.13
174.39
178.06
181.6
184.6
187.1
188.78
189.62
189.95
189.56
188.31
187.94
184.59
190.1
184.6
180.11
175.03
169.28
162.75
155.55
147.67
139.23
130.09
120.29
110.14
99.68
89.81
80.51
71.59
63.25
55.58
48.62
42.39
36.88
32.1
26.14
20.74
15.98
11.89
8.41
5.53
3.22
1.54
0.5
0
0
0
0
0
0
0
0
0
0
0
0
0
0
0
0
0
0
0
0
0
0
0
0
0
0
0
0
0
0
0
0
0
0
0
0
0
0
0
0
0
0
0
0
0
0
0
0
0
0
0
0
0
0
0
0
0
0
0
0
0
0
0
0
0
0
0
0
0
0
0
0
0
0
0
0
0
0
0
0
0
0
0
0
0
0
0
0
0
0
0
0
0
0
0
0
0
0
0
0
0
0
0
0
0
0
0
0
0
0
0
0
0
0
0
0
0
0
0
0
0
0
0
0
0
0
0
0
0
0
0
0
0
0
0
0
0
0
0
0
0
0
0
0
0
0
0
0
0
0
0.01
0.01
0.01
0.02
0.02
0.03
0.03
0.03
0.04
0.04
0.05
0.05
0.05
0.05
0.06
0.07
0.26
0.61
1.13
1.75
2.53
3.47
4.57
5.91
7.58
7.58
7.76
8.38
9.44
10.66
12.29
14.41
14.47
14.47
14.46
18.29
22.17
26.15
30.35
34.66
37.22
36.28
38.11
43.26
43
49.88
57.42
63.88
70.2
76.79
83.17
89.28
98.03
107.11
116.08
121.39
126.61
131.83
136.8
141.44
147.52
157.17
164.21
165.16
169.94
173.17
175.51
178.75
181.74
173.92
165.91
167.49
169.9
160.82
151.85
148.32
139.02
142.5
156.62
161.2
166.5
171.62
176.48
184.05
193.1
198.86
205.26
211.67
218.14
234.95
252.11
259.53
265.31
282.24
299.31
310.97
328.38
332.73
326.29
329.4
331.91
334.73
337.51
340.06
342.2
343.15
343.07
342.74
342.61
342.55
341.72
340.27
338.7
336.56
333.81
330.35
326.19
321.46
315.82
309.68
303.13
295.82
288.35
280.91
273.59
266.89
260.7
254.25
247.25
240.03
233.46
227.82
223.1
219.5
216.78
214.86
213.74
213.51
214.91
217.4
220.38
223.87
219.57
223.46
216.21
206.09
210.01
214.33
218.94
223.72
228.29
232.22
235.7
238.76
241.39
243.78
246.07
248.18
249.49
250.3
251.28
252.26
261.07
261.48
272.76
286.76
286.73
286.36
272.03
270.89
269.47
268.01
265.86
262.73
258.71
253.73
247.69
239.88
229.99
221.33
212.17
202.02
193.58
184.54
175.17
165.13
154.23
142.79
144.75
132.94
120.76
108.43
96.4
85.28
75.07
65.78
57.39
50.67
46.12
40.35
34.86
30.27
24.06
18.65
13.94
9.98
6.79
4.34
2.38
1.02
0.31
0
0
0
0
0
0
0
0
0
0
0
0
0
0
0
0
0
0
0
0
0
0
0
0
0
0
0
0
0
0
0
0
0
0
0
0
0
0
0
0
0
0
0
0
0
0
0
0
0
0
0
0
0
0
0
0
0
0
0
0
0
0
0
0
0
0
0
0
0
0
0
0
0
0
0
0
0
0
0
0
0
0
0
0
0
0
0
0
0
0
0
0
0
0
0
0
0
0
0
0
0
0
0
0
0
0
0
0
0
0
0
0
0
0
0
0
0
0
0
0
0
0
0
0
0
0
0
0
0
0
0
0
0
0
0
0
0
0.01
0.01
0.01
0.01
0.02
0.02
0.03
0.03
0.04
0.04
0.05
0.2
0.61
1.27
2.13
3.17
4.48
6.09
7.96
10.07
11.45
13.09
14.9
16.93
18.08
18.07
20.71
23.81
27.3
31.11
35.27
38.53
42.27
46.6
51.09
55.79
57.92
62.49
67.28
72.25
78.17
84
90.05
96.28
103.97
113.24
119.71
116.61
122.84
125.21
125.24
121.82
128.41
134.28
140.25
146.43
155.27
161.72
167.73
173.46
166.16
158.69
163.93
168.95
160.11
164.04
168.31
181.66
185.73
192.19
198.3
202.56
194.76
197.51
193
181.08
168.8
170.95
173.18
175.51
190.79
206.5
209.28
211.89
227.9
231.21
217.82
204.47
208.1
212.77
219.48
232.38
229.45
231.76
242.35
259.97
277.71
281.03
284.6
288.11
291.72
295.21
299.07
303.32
307.98
312.42
332.96
353.11
355.12
356.81
358.76
360.18
378.43
380.42
380.71
380.45
379.62
377.9
375.4
372.29
368.62
364.22
359.06
353.34
346.81
339.7
333.39
327.98
323.84
320.53
317.85
316.28
315.72
316.09
317.23
319.13
321.89
325.58
330.07
335.35
341.25
347.81
354.82
362.15
369.84
377.83
385.19
391.95
398.02
403.75
408.68
412.62
415.76
418.01
419.34
420
419.47
417.65
414.59
410.28
404.89
398.47
391.05
382.63
373.34
363.34
352.95
342.48
331.45
319.71
307.51
294.99
281.97
268.73
255.45
241.98
229.42
217.78
207.11
195.59
186.8
178.92
172.08
166.31
161.59
157.84
154.93
152.5
149.39
139.72
140.08
141.26
143.3
145.99
149.17
152.95
156.72
160.28
163.72
168.85
172.18
175.32
177.89
179.95
181.55
182.83
183.27
174.67
176.24
184.75
183.58
181.72
179.28
176.45
173.19
169.44
165.36
161.54
157.75
153.88
149.72
145.42
141.52
137.86
134.36
130.74
127.43
132.63
128.64
124.58
120.47
116.61
112.75
108.93
105.12
101.33
95.08
91.58
87.71
83.62
79.41
75.04
70.26
65.19
59.87
54.53
49.33
44.12
39.33
34.87
30.77
26.88
23.32
20.01
17
14.31
14.31
11.44
8.93
6.76
4.89
3.33
2.11
1.21
0.61
0.23
0
0
0
0
0
0
0
0
0
0
0
0
0
0
0
0
0
0
0
0
0
0
0
0
0
0
0
0
0
0
0
0
0
0
0
0
0
0
0
0
0
0
0
0
0
0
0
0
0
0
0
0
0
0
0
0
0
0
0
0
0
0
0
0
0
0
0
0
0
0
0
0
0
0
0
0
0
0
0
0
0
0
0.12
0.37
0.72
1.26
1.88
2.57
3.52
4.62
5.92
6.74
7.79
9
9
10.57
10.57
11.72
13.19
13.19
15.82
44.3
44.18
43.94
43.59
43.05
42.42
45.34
44.39
46.92
76.08
75.25
74.21
72.99
74.14
76.51
115.75
114.83
117.69
122.2
124.14
100.24
104.76
109.42
114.19
119.23
124.56
126.44
131.95
128.32
97.87
97.87
97.87
101.58
100.43
102.6
69.67
69.45
71.63
72.43
74.23
73.17
71.73
73.94
70.07
71.88
73.45
74.9
76.62
83.95
91.33
98.81
103.64
107.58
115.15
109.04
110.43
118.15
111.64
114.02
115.48
119.93
125.24
121.85
122.62
125.59
128.68
131.98
135.24
138.73
141.7
144.95
151.24
155.16
159.92
172.65
178.23
184.25
198.46
205.35
212.23
218.86
224.96
235.86
248.51
253.13
257.78
247.54
252.07
256.35
260.87
250.13
245.57
248.16
249.58
250.41
250.59
250.29
249.61
235.04
220.32
216.77
213.03
207.43
202.18
203.59
204.85
220.93
221.74
222.03
222.59
237.96
246.58
247.37
248.53
249.6
247.67
242.1
241.71
254.48
267.24
268.96
270.76
274.23
276.91
272.65
268.19
262.08
251.59
247.86
244.41
241.31
238.87
233.73
218.83
218.4
216.22
223.5
226.37
229.93
233.45
236.89
240.76
245.24
250.09
255.11
260.5
267.21
278.7
283.96
288.98
293.85
298.29
305.27
321.82
324.05
331.14
332.45
332.76
332.74
332.6
332.32
331.64
330.46
329.66
328.75
327.28
326.12
324.78
322.85
320.4
317.17
313.31
309.5
305.56
301.18
296.18
290.49
284.31
277.54
270.51
263.23
255.69
247.96
239.52
230.8
222.01
212.61
202.77
193.26
184.16
175.74
167.92
160.37
153.13
147.34
142.07
137.42
133.35
129.81
126.66
123.92
121.25
118.61
115.97
113.38
109.11
106.68
104.5
102.08
99.35
96.91
94.11
91.11
87.88
83.43
78.81
74
68.93
63.62
57.98
52.06
46.53
41.39
36.64
32.27
29.95
26.27
22.82
19.74
17.02
13.99
11.29
8.86
6.71
4.9
3.34
2.03
1.03
0.34
0
0
0
0
0
0
0
0
0
0
0
0
0
0
0
0
0
0
0
0
0
0
0
0
0
0
0
0
0
0
0
0
0
0
0
0
0
0
0
0
0
0
0
0
0
0
0
0
0
0
0
0
0
0
0
0
0
0
0
0
0
0
0
0
0
0
0
0
0
0
0
0
0
0
0
0
0
0
0
0
0
0
0
0
0
0
0
0
0
0
0
0
0
0
0
0
0
0
0
0
0
0
0
0
0
0
0
0
0
0
0
0
0
0
0
0
0
0
0
0
0
0
0
0
0
0
0
0
0.18
0.55
1.11
1.86
2.77
3.83
5.04
6.39
7.94
8.12
8.51
9.2
10.2
11.51
13.16
15.15
17.45
20.06
20.06
20.06
23.45
26.84
30.14
29.39
32.55
33.72
36.94
40.25
43.35
47.59
51.65
55.64
56.36
57.49
60.7
63.72
66.47
69.02
73.42
75.04
71.46
73.69
70.86
72.4
68.37
73.44
69.01
71.99
75.3
79.19
83.37
87.36
94.57
101.34
106.02
110.78
115.79
120.83
126.31
134.5
144.14
148.02
156.96
165.55
175.85
178.26
188.12
190.62
188.79
186.79
178.16
176.05
167.13
157.91
155.92
157.52
159.35
161.48
164.53
154.71
159.35
164.14
169.13
173.98
178.78
184.5
190.62
196.74
207.19
217.65
234.54
245.15
262.45
280.01
290.31
296.8
302.42
307.43
311.75
328.78
315.6
317.26
318.46
314.74
316.16
313.74
300.14
283.89
284.21
284.41
284.76
284.41
283.67
282.28
280.27
277.93
275.91
273.9
271.88
270.42
285.08
284.81
284.25
288.41
286.94
288.72
300.85
307
290.1
286.88
283.29
267.72
265.82
264.73
264.45
264.95
265.85
267.07
268.59
269.45
270
260.73
245.14
229.71
232.25
235.4
239.09
251.43
270.15
275.21
280.43
297.96
302.06
305.67
308.6
310.73
312.4
313.96
310.37
312.1
313.78
324.56
341.82
358.72
357.16
354.38
350.5
346.02
340.99
335.28
327.38
320.09
311.99
303.2
293.95
284.43
274.27
263.25
256.34
243.56
230.72
218.11
205.31
192.43
180.32
169.82
160.07
150.02
139.41
126.29
115.33
104.25
95.41
87.09
79.22
71.71
64.77
60.16
56.27
53.09
49.97
46.58
43.36
40.24
36.92
32.68
28.33
24.39
21.3
21.3
21.3
20.89
19.07
17.48
16.12
14.99
14.04
11.55
9.21
6.99
4.99
3.43
2.19
1.28
0.65
0.21
0
0
0
0
0
0
0
0
0
0
0
0
0
0
0
0
0
0
0
0
0
0
0
0
0
0
0
0
0
0
0
0
0
0
0
0
0
0
0
0
0
0
0
0
0
0
0
0
0
0
0
0
0
0
0
0
0
0
0
0
0
0
0
0
0
0
0
0
0
0
0
0
0
0
0
0
0
0
0
0
0
0
0
0
0
0
0
0
0
0
0
0
0
0
0
0
0
0
0
0
0
0
0
0
0
0
0
0
0
0
0
0
0
0
0
0
0
0
0
0
0
0
0
0
0
0
0
0
0
0
0
0
0
0
0
0
0
0
0
0
0
0
0
0
0
0
0
0
0
0.01
0.01
0.01
0.01
0.02
0.02
0.02
0.03
0.03
0.03
0.03
0.03
0.04
0.04
0.05
0.22
0.58
1.13
1.92
2.9
4.06
5.41
7.08
9.14
10.42
12.22
14.42
17.26
20.44
24.06
25.23
25.23
25.22
25.21
27.16
26.99
32.7
38.28
43.94
49.02
53.93
56.27
61.61
68.19
76.19
84.2
92.34
99.96
106.76
113.46
122.98
134.21
146
158.27
169.1
182.2
189.57
196.91
204.13
212.09
220.29
230.83
238.29
244.31
249.69
239.87
243.95
247.62
251.69
252.26
247.04
249.98
252.39
254.4
255.92
257.2
257.99
244.51
235.35
236.59
237.81
239.36
240.78
237.07
222.41
222.41
224.01
226.42
229.3
235.71
247.51
250.78
254.16
257.51
260.52
263.32
266.62
284.51
298.09
300.93
303.04
304.44
305.22
294.27
304.77
304.77
303.21
300.89
297.73
293.69
289.38
284.24
278.51
272.8
267.63
262.64
257.1
250.79
243.83
236.46
229.9
212.72
207.84
219.58
221.46
234.31
233.08
232.44
232.83
234.22
236.49
240.12
230.43
226.23
231.06
236.15
241.63
247.76
254.6
262.12
269.47
288
294.81
302.23
308.88
314.78
320.36
325.61
329.94
333.47
335.89
337.19
351.84
360.55
343.58
337.26
335.4
332.59
328.78
323.92
318.1
311.36
303.89
295.29
286.2
277.01
266.95
256.18
246
235.59
225.56
215.61
205.92
196.33
202.78
197.81
187.75
178.36
169.21
155.83
143.24
134.27
128.81
124.14
120.09
116.55
113.91
112.07
110.01
108.61
107.18
106.05
104.77
103.48
102.38
101.68
101.35
95.82
95.93
101
106.06
108.36
102.69
102.07
96.17
92.1
90.1
87.71
84.91
81.62
78.1
74.24
70.47
67.96
65.45
62.77
59.91
62.03
58.78
55.22
51.33
46.96
47.33
42.07
42.07
40.13
36
32.2
28.74
25.67
23
20.69
18.63
15.58
12.74
10.14
7.78
5.66
3.81
2.29
1.12
0.37
0
0
0
0
0
0
0
0
0
0
0
0
0
0
0
0
0
0
0
0
0
0
0
0
0
0
0
0
0
0
0
0
0
0
0
0
0
0
0
0
0
0
0
0
0
0
0
0
0
0
0
0
0
0
0
0
0
0
0
0
0
0
0
0
0
0
0
0
0
0
0
0
0
0
0
0
0
0
0
0
0
0
0
0
0
0
0
0
0
0
0
0
0
0
0.01
0.01
0.01
0.01
0.01
0.01
0.01
0.02
0.06
0.06
0.07
0.07
0.07
0.07
0.07
0.1
0.1
0.11
0.12
0.27
0.62
1.13
1.94
2.96
4.17
5.59
7.24
9.09
9.4
9.96
10.71
10.71
10.71
10.71
10.73
12.52
19.4
20.83
23.5
26.29
29.01
28.49
30.95
33.33
32.12
30.7
29.04
27.2
26.84
29.44
31.39
35.27
37.45
40.55
43.54
46.47
44.37
47.88
50.32
52.66
55.25
61.2
64.26
67.36
74.17
74.17
81.33
88.8
96.71
101.97
107.71
112.46
118.91
123.34
127.89
130.97
134.01
129.06
123.95
126.59
121.31
123.19
118.9
117.08
118.64
127.2
124.2
116.73
113.31
104.89
104.85
104.73
96.09
97.77
90.2
82.38
85.04
92.1
103.46
96
95.6
99.57
109.77
117.33
108.96
100.4
109.25
122.67
132.07
145.81
137.41
142.68
142.68
139.06
153.27
166.43
171.14
178.99
182.34
196.48
211.37
214.71
217.8
221.48
237.52
253.46
256.32
254.93
256.58
258.54
273.84
274.96
289.54
298.1
297.63
297.8
295.68
293.81
292.25
290.87
288.94
286.38
283.25
279.33
275.22
271.28
267.47
267.62
264.78
262.31
260.73
260.12
260.47
261.73
263.66
264.33
251.26
255.28
259.67
264.23
269.37
275.08
281.38
287.99
294.77
301.53
308.3
314.94
320.95
326.27
330.81
334.4
336.96
338.75
340.2
342.64
358.37
356.24
352.83
348.4
342.93
336.61
329.4
321.4
312.6
303.15
292.99
282.21
270.98
259.54
249.03
238.62
228.33
218.01
207.35
197.48
188.5
180.51
173.53
167.58
162.64
158.68
155.66
145.05
143.51
142.69
142.57
143.19
144.36
145.94
146.63
147.45
148.46
149.75
151.66
153.46
154.96
156.13
156.8
153.09
151.75
150.04
141.78
148.36
146.42
144.16
135.61
132.77
129.67
126.27
123.02
119.54
115.73
111.47
106.18
100.73
94
85.88
80.06
78.07
74.71
70.96
73.13
68.47
63.64
58.74
59.77
54.67
49.54
44.5
39.3
34.49
30.1
26.18
23.12
20.19
18.66
18.66
16.67
14.96
11.98
9.43
7.26
5.34
3.73
2.4
1.38
0.67
0.23
0
0
0
0
0
0
0
0
0
0
0
0
0
0
0
0
0
0
0
0
0
0
0
0
0
0
0
0
0
0
0
0
0
0
0
0
0
0
0
0
0
0
0
0
0
0
0
0
0
0
0
0
0
0
0
0
0
0
0
0
0
0
0
0
0
0
0
0
0
0
0
0
0
0
0
0
0
0
0
0
0
0
0
0
0
0
0
0
0
0
0
0
0
0
0
0
0
0
0
0
0
0
0
0
0
0
0
0
0
0
0
0
0
0
0
0
0
0
0
0
0
0
0
0
0
0
0
0
0
0
0
0
0
0
0
0
0
0
0
0
0
0
0
0
0
0
0.22
0.64
1.27
2.06
3.09
4.42
6.05
8.03
10.3
10.69
11.31
12.23
13.58
14.31
16.63
19.37
22.48
26.24
30.7
35.65
40.6
45.35
49.52
48.73
47.71
52.57
56.4
60.1
63.87
69.99
76.46
83.09
89.44
96.65
102.57
108.54
114.77
120.72
126.61
132.75
139.23
146.16
153.32
160.39
173.71
180.82
188.74
196.21
203.57
210.45
216.77
222.74
228.87
234.11
235.83
234.95
238
243.38
248.09
252.03
255.77
259.27
263.34
272.62
275.64
279.4
283.91
289.43
294.84
300.68
306.9
313.32
319.81
327.26
337.98
350.78
358.77
363.62
368.45
373.28
377.77
382.09
386.09
389.85
393.49
395.96
395.5
395.27
394.7
393.29
391.02
387.95
384.02
379.31
374.17
368.94
363.93
359.39
354.68
349.77
344.66
339.28
333.6
327.67
322.2
317.6
315.47
312.69
310.53
309.13
308.44
308.19
308.56
309.7
311.33
313.23
315.34
317.37
302.2
304.47
307.05
309.88
312.84
315.87
301.35
302.42
303.89
304.85
305.36
305.53
305.67
305.99
306.04
305.49
304.23
302.13
284.65
267.21
280.23
275.23
269.25
262.47
255.19
244.05
254.3
248.16
240.57
232.42
223.53
213.78
203.05
191.69
180
168.22
157.09
146.78
151.84
157.15
149.7
143.22
137.78
133.26
128.97
128.31
123.51
119.27
115.9
113.33
111.7
111.03
111.17
111.68
112.74
114.29
115.8
117.19
118.38
119.28
119.91
120.3
114.39
110.78
110.31
109.74
108.66
106.88
104.48
101.52
97.98
93.88
91.52
89.03
86.02
82.45
78.48
74.13
69.42
64.33
58.79
52.96
52.96
50.48
45.21
40.37
36.01
32.16
28.77
25.8
23.29
21.21
17.37
13.76
10.59
7.89
5.57
3.63
2.09
0.97
0.31
0
0
0
0
0
0
0
0
0
0
0
0
0
0
0
0
0
0
0
0
0
0
0
0
0
0
0
0
0
0
0
0
0
0
0
0
0
0
0
0
0
0
0
0
0
0
0
0
0
0
0
0
0
0
0
0
0
0
0
0
0
0
0
0
0
0
0
0
0
0
0
0
0
0
0
0
0
0
0
0
0
0
0
0
0
0
0
0
0
0
0
0
0
0
0
0.01
0.01
0.01
0.02
0.02
0.02
0.02
0.03
0.03
0.03
0.03
0.03
0.03
0.04
0.05
0.05
0.05
0.05
0.05
0.06
0.29
0.67
1.2
1.91
2.85
4.02
5.51
7.35
9.42
9.42
9.42
9.42
9.42
10.53
11.96
11.95
14.22
17.02
20.3
24.02
27.76
31.75
36.07
40.66
45.27
49.88
54.44
58.85
63.35
70.07
76.99
83.54
90.26
96.21
94.78
99.77
99.91
102.55
105.54
109.01
109.38
105.01
104.68
108.47
112.58
115.41
118.43
117.9
121.58
125.27
128.84
130.03
134.35
138.36
149.25
154.13
162.6
168.14
172.08
171.17
176.32
178.88
185.57
188.01
190.08
193.72
197.3
204.73
208.17
211.79
215.78
222.91
226.84
231
235.6
241.58
247.17
253.28
260.7
272.84
282.12
298.74
306.88
314.34
321.25
327.01
332.26
336.56
340.55
344.67
348.66
352.47
353.66
357.97
362.36
366.66
367.65
370.46
372.15
372.46
372.06
370.83
369.04
367.63
367.14
367.83
368.21
368.87
368.55
366.9
363.95
360.31
358.58
352.9
346.52
339.45
333.92
326.17
319.31
308.18
303.61
299.75
296.66
293.97
290.4
286.15
283.08
280.68
279.71
280.27
282.6
285.93
290.32
295.8
302.15
309.28
317.79
326.34
334.83
348.28
355.58
362.71
369.44
375.61
381.96
388.17
393.33
397.59
400.45
401.75
399.08
397.46
394.54
388.79
382.95
375.82
368.19
359.4
349.52
338.8
327.36
315.09
302.24
288.93
275.25
261.38
247.48
233.51
220.35
208.02
198.9
188.26
178.55
171.45
164.3
158.41
153.05
147.63
136.56
134.44
124.78
115.82
115.46
116.46
118.13
120.46
123.34
126.83
130.41
134.12
137.36
140.18
142.43
143.77
143.99
143.26
141.83
140.73
145.46
143.5
149.13
154.12
150.55
145.65
139.88
133.18
125.53
116.98
107.75
98.01
88.69
79.77
71.32
63.5
56.4
49.95
43.93
38.53
33.81
27.54
21.91
16.92
12.5
8.65
5.5
3.08
1.41
0.42
0
0
0
0
0
0
0
0
0
0
0
0
0
0
0
0
0
0
0
0
0
0
0
0
0
0
0
0
0
0
0
0
0
0
0
0
0
0
0
0
0
0
0
0
0
0
0
0
0
0
0
0
0
0
0
0
0
0
0
0
0
0
0
0
0
0
0
0
0
0
0
0
0
0
0
0
0
0
0
0
0
0
0
0
0
0
0
0
0
0
0
0
0
0
0
0
0
0
0
0
0
0
0
0
0
0
0
0
0
0
0
0
0
0
0
0
0
0
0
0
0
0
0
0
0
0
0
0
0
0
0
0
0
0
0
0
0
0
0
0
0
0
0
0.01
0.01
0.02
0.28
0.88
1.87
3.24
5.04
7.16
9.59
12.17
14.9
14.9
17.17
17.17
19.75
22.49
25.65
29.16
33.1
36.24
40.65
45.34
48.12
49.33
51.8
50.43
53.38
56.08
58.72
60.44
62.59
67.81
70.81
70.81
75.38
76.69
75.97
78.97
81.3
84.5
88.09
91.86
97.69
105.34
111.89
122.44
128.68
135.44
142.56
150.92
159.1
166.79
174.53
186.79
192.3
201.49
212.75
220.4
228.98
238.28
246.48
238.01
244.75
252.79
260.32
267.45
274.48
281.07
287.56
293.74
299.41
305.55
311.92
319.04
325.93
332.45
338.82
324.67
329.95
334.13
337.39
356.76
360.63
362.6
364.72
366.99
369.21
371.46
373.08
374.53
376.81
379.39
381.57
384.01
385.97
387.45
388.3
409.37
410.22
411.16
412.42
413.36
413.76
413.59
405.48
403.81
401.25
397.97
394.17
390.37
385.48
379.83
374.27
368.32
362.71
357.34
352.35
331.26
310.29
301.4
296.68
292.77
289.68
287.69
293.9
293.83
294.57
291.67
293.8
296.05
298.74
301.65
304.68
307.8
311.43
315.5
319.91
340.63
361.61
370.86
376.01
380.74
384.89
388.38
391.24
393.48
395.52
401.33
402.54
402.95
402.44
401.08
398.72
395.85
391.54
385.93
379.01
370.91
361.8
351.91
341.39
329.97
319.39
308.34
296.98
285.05
272.49
260.22
248.19
237.03
226.95
217.69
209.58
201.83
195.18
189.48
184.83
181.12
178.32
176.41
175.39
175.5
174.45
174.81
175.69
177.24
179.34
181.4
183.33
184.94
186.24
187.55
188.55
190.29
181.72
179.26
179.72
180.51
180.83
180.52
179.58
178.09
176.79
174.44
171.99
169.64
167.28
164.89
162.57
160.2
150.68
147.85
144.7
140.64
146.24
145.21
140.7
135.31
129.87
124.49
119.07
113.65
108.19
103.47
98.46
93.03
87.38
81.66
75.69
69.5
70.21
63.87
57.66
51.59
45.99
40.84
36.13
31.83
27.87
24.23
20.98
18.07
15.53
12.47
9.8
7.51
5.52
3.78
2.36
1.31
0.6
0.2
0
0
0
0
0
0
0
0
0
0
0
0
0
0
0
0
0
0
0
0
0
0
0
0
0
0
0
0
0
0
0
0
0
0
0
0
0
0
0
0
0
0
0
0
0
0
0
0
0
0
0
0
0
0
0
0
0
0
0
0
0
0
0
0
0
0
0
0
0
0
0
0
0
0
0
0
0
0
0
0
0
0
0
0
0
0
0
0
0
0
0
0
0
0
0
0
0
0
0
0.01
0.01
0.01
0.02
0.02
0.02
0.02
0.02
0.02
0.03
0.03
0.03
0.04
0.04
0.04
0.05
0.05
0.05
0.06
0.27
0.72
1.44
2.44
3.77
5.4
7.46
9.74
12.3
12.92
13.93
15.15
16.75
18.69
21.13
24.11
27.59
31.5
35.8
40.48
45.14
47.94
52.64
57.38
60.6
62.98
60.92
63.01
61.71
63.13
69.64
76.34
82.56
88.95
95.35
101.41
107.2
112.8
117.19
120.28
115.41
112.16
106.74
111.04
116.74
123.07
133.46
139.5
148.9
157.98
161.9
165.29
169.09
172.26
174.64
176.95
179.27
181.7
185.31
189.61
200.78
208.37
217.36
221.27
225.99
231.03
235.93
241.24
246.57
248.31
253.55
259.06
264.51
253
259.63
248.28
255.46
262.65
269.88
277.69
286.59
298.74
309.46
315.28
320.19
324.91
329.75
334.33
338.97
347.06
351.63
356.51
360.92
380.59
362.74
382.47
363.69
362.98
361.17
358.46
355.17
352.12
348.77
344.94
340.84
336.21
331.22
325.64
319.29
312.47
305.51
298.05
291.32
286.97
302.93
299.49
316.3
315.34
315.52
316.66
318.65
321.28
324.57
328.5
332.73
335.21
340.57
346.45
352.38
358.09
363.26
368.34
372.89
376.8
379.95
382.88
385.22
386.76
387.68
388.15
388.07
387.11
384.96
382.24
378.91
377.01
371.87
365.9
360.04
353.92
348.13
341.8
334.76
327.06
318.7
309.52
299.75
289.54
278.99
267.77
255.98
243.96
232.81
221.59
210.65
200.35
190.92
182.53
174.74
167.87
161.33
155.58
150.55
146.36
143.14
140.86
139.37
138.61
138.57
139.54
141.42
144.16
145.89
149.3
152.73
155.59
157.61
158.66
158.74
157.88
156.18
153.89
151.22
148.17
146.57
144.13
140.95
136.98
132.14
126.27
119.53
111.82
104.59
95.59
86.41
77.81
69.85
62.56
55.93
49.92
44.51
39.57
34.99
30.7
24.76
19.45
14.75
10.69
7.28
4.61
2.57
1.19
0.35
0
0
0
0
0
0
0
0
0
0
0
0
0
0
0
0
0
0
0
0
0
0
0
0
0
0
0
0
0
0
0
0
0
0
0
0
0
0
0
0
0
0
0
0
0
0
0
0
0
0
0
0
0
0
0
0
0
0
0
0
0
0
0
0
0
0
0
0
0
0
0
0
0
0
0
0
0
0
0
0
0
0
0
0
0
0
0
0
0
0
0
0
0
0
0
0
0
0
0
0
0
0
0
0
0
0
0
0
0
0
0
0
0.01
0.01
0.01
0.01
0.01
0.01
0.01
0.01
0.02
0.02
0.02
0.02
0.02
0.16
0.37
0.85
1.54
2.43
3.58
5.03
6.79
8.83
10.39
12.18
12.18
12.18
12.18
12.18
15.06
39.36
41.98
45.55
47.9
51.99
53.99
58.52
57.83
59.98
64
67.89
71.63
75.23
73.68
73.46
77.5
77.5
82.77
87.31
89.81
71.76
75.24
77.7
80.85
81.06
81.74
81.57
88.29
92.1
93.18
93.96
94.22
94.26
95.54
93.96
95.79
95.79
95.32
96.91
98.14
98.08
99.65
97.03
99.16
102.45
99.55
100.92
102.39
104.4
104.79
98.68
92.92
87.23
89.85
99.53
104.83
116.7
124.44
131.18
137.94
145.86
153.02
165.13
173.44
181.11
196.91
206.74
215.12
223.36
234.42
252.96
272.19
291.82
307.86
318.29
327.19
335.28
342.75
350.28
357.63
364.39
370.61
375.95
381.11
386.7
391.7
396.31
399.97
403.05
405.54
407.26
408.42
408.73
408.29
407.26
405.79
404.07
401.85
398.67
394.63
389.85
384.24
378.71
372.7
366.77
361.01
355.27
349.92
344.44
338.7
332.55
320.41
315.25
311.12
308.06
306.24
305.5
305.83
306.78
308.74
311.83
316.18
321.18
326.97
333.37
340.24
347.36
349.34
353.03
360.86
368.97
382.56
389.21
394.99
399.88
403.65
401.19
403.06
404.32
405.88
406.73
406.14
404.18
400.81
395.94
389.77
382.85
380.63
376.32
367.53
358.38
349.09
339.76
330.07
320.42
310.94
305.83
296.23
286.75
276.05
265.07
254.92
246.73
239.38
232.97
227.4
222.68
218.82
215.63
213.14
211.21
209.91
208.2
207.88
196.63
195.28
195.76
195.76
196.21
197.18
198.87
200.64
201.5
202.51
203.68
204.87
205.82
206.22
206.36
206.25
205.76
205.03
205.24
204.57
214.94
215.23
214.53
213.55
212.17
202.8
200.2
197.17
193.6
189.61
184.9
179.73
174.09
168.28
162.19
155.87
149.44
142.73
135.6
128.34
120.91
113.67
106.48
99.31
92.23
92.74
85.95
79.19
72.41
65.5
59.06
53.75
48.83
44.19
39.83
35.81
32.04
28.59
25.41
22.35
19.46
16.67
14.15
11.93
9.98
8.35
7.02
5.98
5.29
5.02
4.83
3.95
3.15
2.46
1.86
1.31
0.86
0.49
0.22
0.05
0
0
0
0
0
0
0
0
0
0
0
0
0
0
0
0
0
0
0
0
0
0
0
0
0
0
0
0
0
0
0
0
0
0
0
0
0
0
0
0
0
0
0
0
0
0
0
0
0
0
0
0
0
0
0
0
0
0
0
0
0
0
0
0
0
0
0
0
0
0
0
0
0
0
0
0
0
0
0
0
0
0
0
0
0
0
0
0
0
0
0
0
0
0
0
0
0
0
0
0
0.01
0.01
0.01
0.02
0.21
0.62
1.27
2.14
3.17
4.27
5.53
7.01
8.83
9.68
10.74
12.1
13.82
15.91
18.45
20.82
23.49
26.52
29.99
34
33.81
38.11
42.54
46.98
51.54
56.36
61.33
66.14
70.83
76.6
82.52
88.24
93.7
99.14
102.05
103.9
108.8
113.1
117.98
120.91
129.54
130.94
133.7
138.86
144.24
149.73
155.26
161.1
166.81
172.65
178.21
183.84
189.53
194.97
202.75
212.06
218
224.09
228.45
226.02
224.75
222.71
227
229.97
232.34
234.29
236.07
237.95
225.74
224.75
226.17
217.07
219.16
221.46
223.83
226.15
228.13
231.23
229.6
242.19
251.86
264.66
269.33
272.84
276.65
280.57
284.46
288.05
306.28
313.02
318.56
333.77
338.54
343.11
347.45
351.6
356.17
359.78
368.63
371.38
374.01
376.86
380.21
383.55
386.47
388.87
390.66
391.75
391.83
391.3
371.8
369.67
349.94
345.93
341.43
336.51
331.25
325.76
321
316.74
313.01
309.21
304.85
300.33
296.56
293.81
292.07
291.4
291.61
292.94
312.36
314.57
334.64
339.07
344
348.54
333.75
334.1
338.77
342.85
346.59
350.39
354.28
357.94
360.81
361.26
361.75
360.74
358.32
354.5
350.15
345.62
339.25
332.01
324.03
316.09
327.26
322.92
313.22
303.03
292.25
280.91
269.2
257.28
238.12
226.83
215.52
205.27
195.03
187.12
179.66
173.24
167.74
163.21
159.64
157.1
155.21
153.83
153.23
153.52
154.55
156.07
157.9
159.96
169.33
172.56
175.39
178.17
181.87
184.06
185.75
187
187.11
187.48
187.47
186.98
186.34
185.71
184.72
183.41
181.76
180.02
178.43
176.93
175.57
174.16
172.47
170.6
168.67
166.71
164.77
162.71
161.16
158.73
156.06
153.23
150.14
146.69
143.13
139.42
131.14
127.3
121.22
113.13
109.1
105.02
97.23
92.46
84.84
77.33
69.94
62.82
57.22
65.83
60.56
56.64
52.83
49.16
45.54
41.92
42.81
39.2
37.64
38.01
34.22
30.39
30.39
27.47
27.47
27.47
27.47
27.47
26.31
11.26
10.42
8.49
6.76
5.21
3.85
2.73
1.83
1.1
0.56
0.18
0
0
0
0
0
0
0
0
0
0
0
0
0
0
0
0
0
0
0
0
0
0
0
0
0
0
0
0
0
0
0
0
0
0
0
0
0
0
0
0
0
0
0
0
0
0
0
0
0
0
0
0
0
0
0
0
0
0
0
0
0
0
0
0
0
0
0
0
0
0
0
0
0
0
0
0
0
0
0
0
0
0
0
0
0
0
0
0
0
0
0
0
0
0.01
0.01
0.01
0.01
0.02
0.02
0.02
0.03
0.03
0.04
0.04
0.18
0.49
0.96
1.59
2.37
3.24
4.24
5.42
6.86
6.86
6.86
8.52
9.84
9.89
11.69
12.22
13.34
16.23
19.37
21.69
22.81
25.24
28.34
31.51
31.25
34.03
37.4
40.77
44
48.72
48.72
51.11
55.17
56.8
59.55
63.87
65.84
65.32
69.36
74.49
77.61
80.63
84.38
88.88
96.65
93
97.59
102.36
105.21
109.24
119.24
124.95
119.56
128.1
129.7
124.85
122.63
124.39
123.56
126.99
133.73
138.29
130.97
133.5
134.47
134.47
125.51
128.46
135.22
140.87
145.06
149.58
163.99
168.47
177.18
191.53
203.18
213.27
221.27
225.26
229.13
233.96
249.27
253.66
259.64
272.24
284.59
286.76
286.74
286.68
287.1
287.64
288.38
289.17
290.18
291.02
295.38
298.24
301.31
304.31
307.57
310.88
314.17
317.56
318.9
324.05
330.07
333.98
337.65
340.77
343.33
345.33
346.45
346.77
346.46
346.58
344.95
343.08
340.62
337.42
333.43
328.92
324.18
319.19
316.62
313.4
310.15
307.47
305.86
305.39
305.78
306.87
308.58
311.14
314.31
318.12
322.39
327.03
332.12
337.64
343.79
350.5
357.3
364.34
371.01
377.07
382.33
386.78
390.33
392.9
394.81
396.33
397.43
397.43
396.27
393.99
390.48
385.75
380.05
373.36
365.7
357.09
347.82
337.88
327.26
316.02
304.96
293.63
282.07
270.28
257.82
244.62
231.65
219.37
207.83
197.08
187.19
178.19
169.95
162.76
156.57
151.35
147.08
143.69
140.92
138.93
137.1
133.88
133.16
133.14
134.22
136.34
138.59
132.51
134.6
136.55
138.44
140.44
142.43
144.17
145.44
144.05
140.55
139.56
137.38
137.27
136.77
138.04
137.25
136.12
134.52
132.41
130.29
136.6
134.87
133.26
131.58
129.44
127.22
119.19
116.91
116.82
118.54
117.32
117.08
114.48
109.05
105.51
102.73
99.8
96.92
94.02
90.8
84.49
79.62
73.19
66.88
60.89
54.99
54.99
51.47
48.11
43.9
40.05
35.19
31.58
31.1
28.75
25.58
22.67
20.2
17.92
15.89
16.77
15.99
16.66
17.24
17.7
18.01
18.16
16.12
14.13
13.01
11.72
11.72
10.68
9.61
8.65
7.79
7
5.89
4.83
3.83
2.95
2.17
1.5
0.92
0.46
0.15
0
0
0
0
0
0
0
0
0
0
0
0
0
0
0
0
0
0
0
0
0
0
0
0
0
0
0
0
0
0
0
0
0
0
0
0
0
0
0
0
0
0
0
0
0
0
0
0
0
0
0
0
0
0
0
0
0
0
0
0
0
0
0
0
0
0
0
0
0
0
0
0
0
0
0
0
0
0
0
0
0
0
0
0
0
0
0
0
0
0
0
0
0
0
0
0
0
0
0
0
0
0
0
0
0
0
0
0
0
0
0
0
0
0.25
0.75
1.43
2.29
3.42
4.85
6.76
9.05
11.74
13.65
16.06
18.96
22.32
26.21
30.68
30.68
36.51
43.02
50.14
57.57
65.26
73.34
81.35
89.95
98.92
108.33
117.84
127.64
137.7
149.08
160.06
170.72
181.19
191.08
200.43
214.28
222.36
229.81
236.62
243.24
249.46
255.18
260.84
252.65
256.57
259.81
262.44
264.62
266.32
267.52
269.03
270.81
272.73
264.42
267.28
270.33
273.39
276.68
280.7
285.17
289.93
294.76
299.72
318.37
324.96
331.96
332.69
340.48
348.49
356.9
365.03
372.72
380.33
398.17
404.54
410.54
416.2
421.26
424.97
427.57
408.65
409.75
410.27
409.58
407.38
403.97
406.16
400.38
393.61
386.28
378.93
371.77
364.13
356.5
349.76
343.83
338.77
334.67
331.97
330.45
350.41
350.45
351.1
351.95
353.88
356.9
361.47
366.96
373.27
379.68
385.67
391.16
396.65
402.2
406.76
410.24
412.94
414.19
397.27
397.1
378.87
376.67
375.12
373.39
370.68
366.83
361.43
354.95
347.3
338.76
330.59
322.18
313.22
303.78
294.53
285.53
276.23
267.01
274.67
264.56
271.68
262.08
251.17
241.02
231.76
223.6
216.48
210.5
205.51
201.45
197.35
193.98
191.57
189.34
186.96
184.27
181.93
180.28
179.21
178.56
178.45
178.77
179.62
180.73
179.82
180.24
180.12
179.44
178.63
177.78
176.72
175.28
173.47
171.95
170.64
169.92
169.38
168.85
160.23
152.07
150.64
148.82
146.65
143.78
142.5
139.4
136.45
133.7
127.03
122.48
116.55
113.26
109.66
105.63
101.34
96.52
91.2
85.45
88.57
90.9
86.21
81.6
76.92
72.19
67.32
62.31
57
51.4
49.5
45.54
43.12
38.27
33.87
29.85
26.2
22.97
20.2
17.89
14.77
11.94
9.32
6.95
4.93
3.25
1.91
0.91
0.28
0
0
0
0
0
0
0
0
0
0
0
0
0
0
0
0
0
0
0
0
0
0
0
0
0
0
0
0
0
0
0
0
0
0
0
0
0
0
0
0
0
0
0
0
0
0
0
0
0
0
0
0
0
0
0
0
0
0
0
0
0
0
0
0
0
0
0
0
0
0
0
0
0
0
0
0
0
0
0
0
0
0
0
0
0
0
0
0
0
0
0
0
0
0
0
0
0
0
0
0
0
0
0
0
0
0
0
0
0
0
0
0
0
0
0
0
0.01
0.01
0.01
0.19
0.53
1.05
1.81
2.83
4.18
6
8.18
10.76
12.22
13.98
15.97
18.39
21.33
24.09
27.17
28.97
30.71
33.58
37.97
38.71
38.37
43.22
48.09
52.97
57.36
58.61
61.5
58.92
57.46
61.03
66.06
71
76.37
82.09
87.79
95.09
102.96
110.3
116.66
126.71
130.88
137.25
142.85
149.05
156.11
166.05
174.45
186.56
200.07
208.09
214.67
221.34
227.54
234.18
241.01
247.93
254.53
260.7
266.61
272.71
286.08
292.41
299.63
306.11
311.72
316.76
321.22
326.9
331.56
336.62
341.69
346.63
351.33
355.59
345.58
329.54
332.99
336.39
339.28
340.45
342.55
344.34
345.7
346.85
348.28
350.64
353.75
357.53
360.96
364.08
367.24
369.73
371.35
372.36
386.79
406.34
405.83
404.83
404.23
404.94
403.88
402.01
399.07
395.95
393.35
389.98
368.94
362.84
356.07
347.96
340.62
333.2
328.34
324.31
320.95
318.5
316.92
298.15
294.67
293.26
292.36
292.53
294.22
296.44
298.24
300.38
319.63
323.57
328.5
335.02
340.62
346.53
350.39
353.63
356.4
358.5
359.85
378.41
381.11
381.39
381.08
380.03
378.16
375.21
371.31
366.59
361.16
354.96
347.82
339.76
330.85
321.61
311.84
301.89
291.64
281.09
270.27
259.39
248.62
237.87
227.36
216.84
206.89
198.04
190.18
183.09
176.71
171.13
166.31
162.3
159.06
156.06
153.81
152.23
151.23
150.74
150.47
150.19
148.94
148.33
147.42
140.9
139.09
136.36
132.8
130.13
126.95
123.07
118.49
113.39
107.78
102.25
96.05
88.97
81.25
73.08
65.25
57.85
51.7
45.24
39.26
39.21
34.27
29.97
26.27
21.57
17.31
13.56
10.34
7.56
5.24
3.07
1.44
0.45
0
0
0
0
0
0
0
0
0
0
0
0
0
0
0
0
0
0
0
0
0
0
0
0
0
0
0
0
0
0
0
0
0
0
0
0
0
0
0
0
0
0
0
0
0
0
0
0
0
0
0
0
0
0
0
0
0
0
0
0
0
0
0
0
0
0
0
0
0
0
0
0
0
0
0
0
0
0
0
0
0
0
0
0
0
0
0
0
0
0
0
0
0
0
0
0
0
0
0
0
0
0
0
0
0
0
0
0
0
0
0
0
0
0
0
0
0
0
0
0
0
0
0
0
0
0
0
0
0
0
0
0
0
0
0
0
0
0
0
0
0
0
0
0
0
0
0
0
0.01
0.01
0.01
0.02
0.02
0.02
0.02
0.02
0.02
0.02
0.03
0.03
0.03
0.04
0.05
0.05
0.06
0.07
0.08
0.09
0.35
0.85
1.48
2.26
3.23
4.33
5.72
7.43
9.46
10.74
12.28
13.39
14.71
15.91
18.64
18.63
22.08
25.97
30.39
35.27
40
44.71
46.85
51.71
56.64
61.83
67.28
72.68
78.53
85.91
93.86
103
112.85
123.05
131.96
143.81
152.31
159.79
166.97
173.94
180.99
187.68
195.63
202.17
209.02
212.41
218.26
216.85
221.32
212.66
203.17
192.91
182.29
183.02
183.43
183.95
184.22
186.57
189.13
191.89
195.16
199.3
205.21
210.02
214.57
222.49
227.73
240.57
247.35
266.95
287.11
307.86
328.64
338.39
348.99
359.71
370.9
380.58
389.7
398.32
406.31
413.76
420.92
427.89
433.86
438.97
443.32
446.56
448.7
449.8
449.79
448.6
446.05
442.19
436.96
431.26
425.03
418.45
411.88
405.02
397.77
389.9
381.42
372.32
364.25
357.17
350.92
345.48
340.96
337.56
335.27
333.88
333.68
334.52
336.14
337.56
339.23
341.5
344.21
347.78
337.46
342.63
348.32
354.39
360
364.76
368.9
372.66
375.94
378.49
380.08
381.16
381.54
381.48
381.25
380.98
380.05
378.36
375.93
372.14
381.64
375.09
367.51
359.49
351.09
342.67
334.02
324.81
315.6
305.98
296.32
286.48
276.51
266.17
255.3
244.25
233.6
223.09
212.6
202.91
194.27
186.71
180.15
174.27
169.14
164.64
160.76
157.61
154.37
151.58
149.09
146.9
145.16
143.9
143.1
142.67
142.32
141.03
140.07
135.89
135.92
135.76
135.33
134.69
133.66
132.24
130.49
128.65
127.11
125.91
124.91
124.06
123.08
122.11
121.23
120.57
120.09
120.84
121.62
125.45
124.65
123.7
122.51
120.99
119.33
117.61
112.78
106.87
100.83
94.88
88.57
82.2
75.94
72.5
67.01
63.08
59.05
52.66
47.72
43.64
39.76
35.89
32.26
28.86
25.68
22.52
21.47
23.34
25.08
26.38
27.86
29.12
30.17
28.17
27.99
25.89
23.63
23.63
22.24
20.21
18.28
16.56
14.95
13.46
12.08
10.89
10.89
9.02
7.28
5.7
4.22
2.96
1.91
1.09
0.51
0.15
0
0
0
0
0
0
0
0
0
0
0
0
0
0
0
0
0
0
0
0
0
0
0
0
0
0
0
0
0
0
0
0
0
0
0
0
0
0
0
0
0
0
0
0
0
0
0
0
0
0
0
0
0
0
0
0
0
0
0
0
0
0
0
0
0
0
0
0
0
0
0
0
0
0
0
0
0
0
0
0
0
0
0
0
0
0
0.01
0.01
0.19
0.59
1.11
1.78
2.63
3.66
4.81
6.09
7.55
8.4
8.4
9.29
11
12.96
15.11
17.56
20.33
23.3
26.54
29.99
33.45
36.81
36.46
38.1
42.54
47.69
53.45
59.62
65.87
72.91
81.01
88.4
95.1
101.76
108.58
114.84
120.99
127.41
133.74
140.52
147.46
154.56
162.47
171.42
170.3
164.12
160.33
156.57
148.86
147.16
151.27
156.01
161.42
167.23
173
179.57
186.47
193.47
200.93
208.01
215.23
222.83
233.8
242.16
257.99
278.37
295.92
313.15
334.03
348.59
356.82
363.96
370.13
374.7
380.04
364.77
354.3
340.73
323.68
324.86
325.37
325.07
323.87
322
306.6
286.22
281.18
277.32
269.65
256.51
253.48
252.52
252.16
253.25
253.65
274.25
289.49
307.23
327.55
329.17
330.72
331.82
332.88
333.47
346.8
364.42
366.33
366.46
369.83
378.3
376.67
372.97
368.5
363.24
357.46
352.03
347.09
342.69
339.06
336.18
334.08
333.35
333.64
335.24
337.98
341.64
345.91
351.29
357.72
364.95
372.57
380.46
388.53
396.38
393.2
400.26
402.02
402.69
407.84
412.1
415.5
411.67
412.06
412.23
411.3
408.79
404.8
399.03
391.9
383.63
374.47
364.6
354.25
344.21
345.22
334.82
328.53
322.09
309.95
297.6
285.05
278.43
266.31
253.11
239.73
227.39
216.17
206.22
197.42
189.84
183.32
177.55
172.67
168.24
164.08
161.08
159.09
158.02
157.94
158.67
160.13
162.25
165.15
168.82
173.21
177.49
181.52
184.74
187.05
188.36
188.99
189.16
188.52
187.1
185.02
181.7
178.27
174.07
168.94
162.87
155.96
148.32
139.96
130.82
120.99
110.7
100.07
90.02
80.6
71.83
63.5
55.57
48.2
41.41
35.12
29.62
23.91
18.79
14.32
10.52
7.35
4.78
2.77
1.33
0.44
0
0
0
0
0
0
0
0
0
0
0
0
0
0
0
0
0
0
0
0
0
0
0
0
0
0
0
0
0
0
0
0
0
0
0
0
0
0
0
0
0
0
0
0
0
0
0
0
0
0
0
0
0
0
0
0
0
0
0
0
0
0
0
0
0
0
0
0
0
0
0
0
0
0
0
0
0
0
0
0
0
0
0
0
0
0
0
0
0
0
0
0
0
0
0
0
0
0
0
0
0
0
0
0
0
0
0
0
0
0
0
0
0
0
0
0
0
0
0
0
0
0
0
0
0
0
0
0
0
0
0
0
0
0
0.12
0.35
0.77
1.38
2.18
3.14
4.35
5.71
7.2
7.96
8.92
10.15
11.58
12.09
13.24
15.25
17.45
19.99
19.99
23.05
24
24.95
26.93
28.48
30.4
33.11
35.63
38.26
41.12
44.05
46.89
49.4
52.69
57.49
62.07
66.28
70.63
74.92
81.76
79.69
83.98
90.3
95.78
101.73
107.36
112.14
108.41
113.22
117.72
122.95
127.37
132.6
137.07
140.89
144.42
147.53
150.46
152.08
151.5
151.07
154.88
157.4
159.41
161.29
163.03
164.76
174.54
174.55
175.48
171.29
171.44
172.94
174.25
175.48
176.9
178.13
177.9
178.27
183.43
194.61
197.32
194.01
196.59
196.69
186.61
190.68
195.47
201.45
206.9
217.69
224.5
229.21
234.54
240.55
246.88
253.76
262.35
271.84
279.24
286.56
294.2
307.45
315.2
325.22
345.06
335.68
341.39
347.36
353.24
358.97
365.54
372.01
377.43
381.81
385.1
387.57
389.1
389.64
389.13
387.95
385.9
382.89
379.34
375.63
372.11
383.41
379.17
374.26
368.66
362.66
355.95
349.7
344.34
340.09
336.07
332.98
329.43
328.06
328.45
329.67
331.72
334.51
337.81
341.63
345.79
350.33
355.26
360.54
366.38
372.65
379.22
385.49
391.25
396.07
400.76
404.72
409.55
412.68
414.64
416.04
416.37
416
415
413.05
410.01
405.77
400.34
393.8
386.1
376.58
366.8
351.43
339.95
328.11
316.05
303.47
290.15
275.97
260.74
244.95
229.63
214.34
199.11
184.96
171.57
159.07
147.72
137.6
128.8
121.82
112.78
111.26
106.86
103.4
100.79
99.17
98.54
98.71
99.94
101.96
104.18
106.83
109.96
112.87
115.96
119.23
122.16
124.56
126.36
126.81
130.37
131.81
132.15
132.11
131.57
130.47
129.06
127.85
126.43
124.67
122.68
120.34
117.54
114.17
110.38
103.13
96.03
90.83
87.04
84.07
79.91
75.56
70.97
66.14
61.22
56.37
51.47
46.28
41.02
36.05
31.33
26.91
22.84
19.17
15.83
15.83
15.83
14.13
11.28
8.79
6.59
4.72
3.2
2.05
1.21
0.6
0.19
0
0
0
0
0
0
0
0
0
0
0
0
0
0
0
0
0
0
0
0
0
0
0
0
0
0
0
0
0
0
0
0
0
0
0
0
0
0
0
0
0
0
0
0
0
0
0
0
0
0
0
0
0
0
0
0
0
0
0
0
0
0
0
0
0
0
0
0
0
0
0
0
0
0
0
0
0
0
0
0
0
0
0
0
0
0
0
0
0
0
0
0
0
0
0
0
0
0
0
0
0
0
0
0
0
0
0
0
0
0
0
0
0
0
0
0
0
0
0.21
0.67
1.37
2.26
3.37
4.66
6.15
7.8
9.63
9.85
10.35
10.35
10.53
11.72
13.14
14.81
15.8
18.25
20.15
22.42
24.45
27.09
29.69
32.24
31.43
31.51
30.74
32.41
34.8
38.87
38.37
43.1
46.82
48.49
50.73
54.68
60.42
64.89
70.1
74.18
79.21
84.24
89.28
94.71
103.57
111.62
120.03
125.44
130.54
136.11
146.42
152.21
158.15
165.21
164.52
168.51
165.78
168.19
171
174.64
177.3
178.93
180.17
181.19
172.03
170.17
172.12
174.11
175.8
177.11
174.24
173.38
169.56
169.15
178.6
181.7
190.87
195.18
199.7
204.43
209.66
215.56
221.78
229.73
248.15
259.04
266.61
275.01
283.13
291.22
302.99
312.69
326.44
337.02
345.1
352.92
360.56
368.31
373.82
379.99
386.84
393.24
398.47
401.02
402.16
403.54
404.11
403.51
402.37
399.72
397.05
394.62
391.29
386.98
377.27
371.67
364.46
356.08
349.57
330.82
321.67
312.25
303.66
295.26
288.29
282.3
277.41
273.71
271.18
270.75
270.85
270.93
270.41
272.58
280.1
283.81
289.07
295.18
301.23
318.77
325.71
333.01
340.69
348.89
356.54
362.99
368.96
374.39
379.17
383.25
386.84
389.96
393.98
395.76
396.92
397.5
397.27
396.19
394.06
390.99
387.09
382.33
376.56
369.88
362.38
354.06
344.96
335.13
324.62
313.23
301.16
289.34
277.16
264.7
252.01
239.2
227.1
215.73
203.82
193.96
184.91
176.73
169.61
163.57
158.39
154.12
150.56
147.75
143.65
142.35
141.7
140.87
140.55
140.62
141.06
141.74
142.14
135.45
134.82
134.94
134.89
134.58
127.36
126.1
124.67
123.04
121.55
120.09
120.36
118.39
116.14
113.51
110.48
107.22
103.72
99.95
95.87
100.08
99.06
95.55
91.62
87.41
89.46
84.89
80.01
74.79
69.04
62.86
56.97
51.37
46.11
41.26
36.84
32.76
29.04
25.73
22.87
18.66
14.89
11.53
8.65
6.18
4.13
2.48
1.23
0.4
0
0
0
0
0
0
0
0
0
0
0
0
0
0
0
0
0
0
0
0
0
0
0
0
0
0
0
0
0
0
0
0
0
0
0
0
0
0
0
0
0
0
0
0
0
0
0
0
0
0
0
0
0
0
0
0
0
0
0
0
0
0
0
0
0
0
0
0
0
0
0
0
0
0
0
0
0
0
0
0
0
0
0
0
0
0
0
0
0
0
0
0
0
0
0
0
0
0
0
0
0
0
0
0
0
0
0
0
0
0
0
0
0
0
0
0
0
0
0
0.17
0.63
1.31
2.29
3.44
4.82
6.41
8.17
10.18
11.73
11.73
12.96
14.43
16.95
19.15
19.25
22.99
26.29
29.92
33.78
38.41
39.36
40.35
39.37
44.44
49.79
54.95
61.49
68.28
73.86
83.46
91.51
99.74
107.28
115.86
126.56
122.82
130.93
138.16
145.82
152.89
164.91
176.63
186.35
191.09
198.1
205.77
212.45
219.56
228.51
235.19
242.52
249.42
256.2
262.39
269.35
287.2
279.82
287.01
293.06
298.8
303.33
308.91
318.33
326.44
320.61
322.43
325.5
327.51
329.32
331.5
333.11
334.59
336.05
336.41
318.67
320.94
337.46
337.34
341.06
344.86
348.6
351.49
354.62
358.1
372.56
378.39
382.46
386.66
391.29
395.89
401.14
406.58
409.6
410.84
432.04
429.85
429.47
431.06
428.79
425.77
421.02
416.11
410.78
404.73
398.95
393.26
388.22
383.18
376.46
368.76
360.32
352.22
346.87
344.78
340
339.07
336.39
335.61
335.75
336.9
339.92
342.13
344.28
347.26
351.24
355.84
360.26
364.99
370.92
377.8
385.47
393.84
401.62
408.89
416.35
423.21
429.53
434.63
439.26
443.53
447.18
450.97
453.98
455.73
455.53
454.01
451.01
446.82
441.7
430.58
422.74
413.37
403.39
392.61
380.86
368.38
355.27
341.54
327.13
312.1
296.84
282.35
268.88
256.54
245.34
235.4
226.71
219.24
213.15
212.76
208.97
205.94
203.83
202.8
202.94
204.06
205.92
208.58
211.92
215.93
220.36
224.62
228.69
232.41
235.79
238.74
241.46
243.71
245.37
246.58
247.21
247.32
246.91
245.96
244.47
242.53
240.26
237.58
234.78
231.59
228.15
224.58
220.58
216.14
211.19
205.71
199.53
187.15
180.19
173.01
165.59
157.39
149.41
141.17
133.43
125.44
117.31
109.01
100.4
91.89
83.26
74.43
65.9
57.81
50.2
43.21
36.86
36.86
31.62
26.86
22.59
19.3
16.02
13.24
10.21
7.65
5.46
3.7
2.37
1.28
0.56
0.25
0.08
0
0
0
0
0
0
0
0
0
0
0
0
0
0
0
0
0
0
0
0
0
0
0
0
0
0
0
0
0
0
0
0
0
0
0
0
0
0
0
0
0
0
0
0
0
0
0
0
0
0
0
0
0
0
0
0
0
0
0
0
0
0
0
0
0
0
0
0
0
0
0
0
0
0
0
0
0
0
0
0
0
0
0
0
0
0
0
0
0
0
0
0
0
0
0
0
0
0
0
0
0
0
0
0
0
0
0
0
0
0
0
0
0
0
0
0
0.01
0.01
0.01
0.02
0.02
0.02
0.03
0.65
1.57
2.75
4.19
5.83
7.72
9.85
12.3
15.02
15.02
17.39
20.1
21.98
25.11
26.79
27.26
28.4
32.61
37.18
42.17
46.37
49.64
52.82
56.71
60.95
65.7
70.92
76.12
80.73
88.33
94.72
101.21
109.16
115.62
123.93
133.08
142.09
149.73
157.77
166.15
175.38
185.86
196.14
206
212.04
205.41
198.06
190.41
198.77
206.75
214
220.74
216.85
223.87
230.76
221.57
227.64
232.01
235.3
238.19
238.01
234.42
236.21
232.62
237.03
245.16
260.52
278.95
282.28
286.28
290.06
294.52
309.45
313.79
317.94
339.1
345.02
350.94
357.49
363.48
371.83
382.87
388.68
399.04
404.48
417.59
423.15
425.83
410.79
410.8
409.96
407.79
404.65
397.64
383.56
376.56
372.32
367.65
362.22
357.15
352.32
330.2
321.06
315.43
310.6
305.94
301.61
297.44
310.9
309.28
308.8
309.72
310.37
314.79
327.31
332.68
335.25
338.69
343
346.82
350.71
372.16
381.32
387.32
392.67
398.37
403.53
408.35
412.42
416.34
418.67
420.39
422.45
424.1
424.21
423.45
421.79
418.91
404.3
399.75
393.36
386.9
371.15
363.25
354.77
345.54
336.2
326.29
316.13
305.14
294.68
283.85
271.26
260.8
250.46
233.52
218
208.85
211.13
203.93
198.58
193.44
197.12
193.18
190.16
188.2
187.25
187.05
187.55
188.59
190.28
192.33
196.54
198.8
201.13
210.27
218.26
220.52
217.16
218.61
219.48
219.75
216.29
215.23
213.48
208.91
205.69
202.05
197.35
193.08
187.24
181.47
176.17
171.1
166.13
161.14
156.08
151.17
151.76
147.34
143.11
