start_date: 1960-10-01 24:00
start_date: 2013-09-30 24:00
data_date: 1960-10-01 24:00
timestep: 1 DAY
units: cfs
scale: 1.000000
#Series Slot: ReferenceDemands.Area 2 [1 cfs]
51.44
48.48
45.42
42.74
39.97
37.16
34.29
32.28
29.5
26.77
24.11
21.46
18.81
16.15
13.69
11.44
10.69
10.69
9.12
7.75
6.6
5.65
4.91
3.86
2.98
2.25
1.67
1.18
0.77
0.46
0.22
0.07
0
0
0
0
0
0
0
0
0
0
0
0
0
0
0
0
0
0
0
0
0
0
0
0
0
0
0
0
0
0
0
0
0
0
0
0
0
0
0
0
0
0
0
0
0
0
0
0
0
0
0
0
0
0
0
0
0
0
0
0
0
0
0
0
0
0
0
0
0
0
0
0
0
0
0
0
0
0
0
0
0
0
0
0
0
0
0
0
0
0
0
0
0
0
0
0
0
0
0
0
0
0
0
0
0
0
0
0
0
0
0
0
0
0
0
0
0
0
0
0
0
0
0
0
0
0
0
0
0.02
0.07
0.14
0.27
0.53
0.9
1.39
1.98
2.67
3.3
4.04
4.9
5.28
5.79
6.47
7.31
8.25
9.34
10.68
12.3
14.16
16.2
18.38
20.6
21.3
23.45
25.58
27.32
29.16
31.28
33.5
35.76
38.62
41.49
44.31
44.51
47.36
50.13
52.57
54.64
56.51
58.26
60
59.8
62.99
64.76
66.65
68.54
66.38
67.74
69.7
71.66
70.13
72.47
69.65
74.78
77.26
80.01
83.22
86.76
90.4
94.01
90.03
95.58
99.55
103.63
107.71
112.45
120.25
124.81
129.34
129.01
127.3
131.05
137.99
131.82
132.22
135.83
139.33
143.01
147
151.5
160.59
165.69
168.24
173.12
178.03
182.67
188.27
193.52
198.2
207.74
222.17
227.13
233.97
248.54
256.55
260.95
264.92
268.16
270.57
272.13
276.42
276.86
279.34
279.13
278.59
277.75
276.59
275.24
273.61
271.74
269.77
267.89
266.03
264.14
261.75
259.85
258.19
256.98
256.19
255.66
255.17
254.67
254.17
253.55
252.85
252.34
251.89
251.3
250.6
249.7
248.58
247.13
245.46
243.47
241.45
238.6
235.2
231.22
226.75
221.86
216.69
211.3
205.69
199.58
192.1
186.33
180.28
174.13
167.97
161.89
155.7
149.62
143.51
137.45
131.69
126.26
121.25
115.84
111.7
108.02
104.71
99.63
96.9
94.85
94.3
92.05
90.14
88.48
87.03
85.7
84.61
83.44
82.32
81.25
80.17
79.11
77.99
77.52
75.95
73.29
68.89
66.65
64.27
61.68
58.91
56.35
53.55
50.9
48.05
45.08
41.99
39.02
36.05
33.04
29.97
26.79
23.65
20.55
17.73
15.97
15.97
15.92
14.01
12.33
10.87
9.22
7.81
6.27
4.94
3.8
2.82
1.94
1.21
0.67
0.31
0.1
0
0
0
0
0
0
0
0
0
0
0
0
0
0
0
0
0
0
0
0
0
0
0
0
0
0
0
0
0
0
0
0
0
0
0
0
0
0
0
0
0
0
0
0
0
0
0
0
0
0
0
0
0
0
0
0
0
0
0
0
0
0
0
0
0
0
0
0
0
0
0
0
0
0
0
0
0
0
0
0
0
0
0
0
0
0
0
0
0
0
0
0
0
0
0
0
0
0
0
0
0
0
0
0
0
0
0
0
0
0
0
0
0
0
0
0
0
0
0
0
0
0
0
0
0
0
0
0
0
0
0
0
0
0
0
0
0
0
0
0
0
0
0
0
0
0
0
0
0
0
0
0
0
0
0.06
0.19
0.39
0.65
0.97
1.36
1.84
2.45
3.21
3.48
3.97
4.66
5.59
6.79
8.24
9.95
11.74
13.8
16.2
18.55
21.05
23.63
26.32
29.11
29.07
32.08
35.25
38.43
41.65
45.52
49.32
53.11
55.75
57.33
60.36
63.53
66.03
67.01
69.62
72.17
74.52
76.8
79
80.2
85.45
86.44
84.83
86.81
88.79
90.34
91.58
93.28
95.97
93.19
95.33
96.71
99.13
103.38
98.37
101.12
97.86
100.76
103.65
107.48
110.08
114.09
120.8
123.95
127.08
129.99
133.89
137.3
140.78
150.58
153.9
157.82
151.11
154.49
165.49
169.2
179.2
183.36
187.73
192.2
196.75
201.16
205.33
209.36
213.27
217.62
221.19
224.76
228.16
231.52
234.71
237.73
250.91
253.25
255.16
256.47
257.29
257.56
257.32
256.87
256.19
255.18
254
252.77
251.56
250.41
249.28
247.91
246.58
245.35
244.17
242.94
241.61
240.4
239.34
238.6
238.06
237.68
237.31
236.85
236.37
235.85
235.06
233.91
232.49
230.86
229
227.07
222.57
220.09
217.31
213.23
209.7
206.41
202.89
199.07
194.89
190.52
186.21
181.78
177.31
172.98
168.95
165.14
161.3
157.82
154.29
150.65
149.29
145.58
141.83
139.22
136.04
132.45
128.86
125.32
121.96
118.72
115.46
112.35
109.32
106.36
103.44
100.69
98.13
95.31
92.69
90.3
88.14
86.23
84.57
82.99
81.37
79.82
78.35
77.03
75.9
74.9
73.97
73.04
71.97
70.38
66.39
62.38
60.43
58.36
56.13
52.3
48.87
46.89
44.7
42.43
40.12
37.84
35.53
32.99
30.18
27.17
24.02
20.86
17.91
15.51
15.51
15.51
13.49
11.67
10.05
10.05
9.67
7.85
6.26
4.86
3.63
2.53
1.58
0.88
0.39
0.11
0
0
0
0
0
0
0
0
0
0
0
0
0
0
0
0
0
0
0
0
0
0
0
0
0
0
0
0
0
0
0
0
0
0
0
0
0
0
0
0
0
0
0
0
0
0
0
0
0
0
0
0
0
0
0
0
0
0
0
0
0
0
0
0
0
0
0
0
0
0
0
0
0
0
0
0
0
0
0
0
0
0
0
0
0
0
0
0
0
0
0
0
0
0
0
0
0
0
0
0.05
0.15
0.31
0.55
0.89
1.33
1.84
2.4
3.04
3.2
3.2
3.69
5.95
6.54
7.18
7.87
7.87
8.69
9.58
10.52
10.64
11.48
12.28
12.97
13.51
13.91
14.23
14.49
14.73
15.52
16.52
17.09
14.83
15.38
15.72
15.04
16.26
16.49
16.68
16.84
17.82
18.06
18.36
18.74
19.29
18.45
17.62
18.41
17.72
16.77
17.42
17.73
19.41
20
20.79
20.79
19.56
19.9
18.83
18.35
19.17
19.97
20.46
21.24
19.82
21.48
22.17
22.5
22.31
24.5
24.49
25.3
26.32
27.26
27.39
27.85
30.69
32.35
35.47
38.06
39.39
39.24
39.62
40.19
43.77
45.82
45.13
43.18
44.03
46.43
49.18
52.11
54.81
57.83
58.77
64.62
67.64
70.7
74.01
77.53
80.57
85.87
90.04
94.87
98.91
102.93
110.72
118.51
125.47
128.71
132.1
134.65
137.03
139.23
144.4
143.61
146.02
148.32
150.38
152.32
153.2
155.15
158.01
159.58
161.14
162.78
164.63
166.76
169.1
171.54
174.16
176.74
171.46
174.28
172.79
177.94
180.25
182.31
173.81
175.27
178.18
179.07
180.15
181.54
183.01
184.37
185.43
186.06
186.32
186.55
186.8
187.19
195.41
195.37
199.6
199.74
199.95
200.34
211.38
212.36
213.37
214.64
215.59
216.22
216.64
216.91
217.26
217.81
218.72
219.64
220.4
221
221.52
222.08
222.58
223.06
223.62
224.17
224.5
224.72
222.52
222.35
222.16
221.89
221.46
220.84
219.97
218.89
217.39
215.56
213.62
211.74
209.77
207.57
205.21
202.65
199.89
196.9
193.72
190.29
189.12
185.65
177.81
174.11
170.39
166.75
162.94
158.93
153.08
148.7
144.04
135.67
131.25
126.78
122.23
117.06
112.22
107.37
102.58
97.97
93.34
88.66
88.4
84.09
80
76.07
72.52
69.3
68.08
65.58
63.5
65.15
62.95
60.92
59.02
57.86
56.45
55.13
53.61
52.5
51.6
50.87
50.19
47.36
46.36
45.58
44.75
43.89
43.1
42.38
41.49
40.52
39.5
38.46
37.44
35.04
32.69
31.05
30.12
29.23
28.1
26.77
25.32
25.92
24.62
23.01
21.31
19.55
17.71
15.74
13.91
12.21
10.6
9.1
7.68
7.68
7.68
7.08
6.13
4.84
3.76
2.87
2.12
1.52
1.01
0.59
0.3
0.11
0
0
0
0
0
0
0
0
0
0
0
0
0
0
0
0
0
0
0
0
0
0
0
0
0
0
0
0
0
0
0
0
0
0
0
0
0
0
0
0
0
0
0
0
0
0
0
0
0
0
0
0
0
0
0
0
0
0
0
0
0
0
0
0
0
0
0
0
0
0
0
0
0
0
0
0
0
0
0
0
0
0
0
0
0
0
0
0
0
0
0
0
0
0
0
0
0
0
0
0
0
0
0
0
0
0
0
0
0
0
0
0
0
0
0
0
0
0
0
0
0
0
0
0
0
0
0
0
0
0
0.06
0.21
0.45
0.79
1.2
1.67
2.22
2.84
3.56
4.05
4.64
5.3
6.04
6.89
7.83
8.9
10.11
11.54
13.1
14.15
15.8
15.65
17.23
18.8
20.41
22.1
21.55
22.91
22.19
23.95
24.59
26.74
28.47
30.7
33.06
35.51
38.03
40.52
43.09
46.4
49.33
54.25
57.58
60.66
63.21
66.39
71.87
75.63
81.65
85.73
91.04
94.96
99.44
103.41
100.11
100.92
104.39
107.68
110.73
113.61
116.43
119.2
121.32
124.37
119.79
114.46
110.22
106.08
100.06
102.17
104.32
106.25
108.19
101.14
102.33
107.78
106.3
109.25
112.51
115.96
119.17
122.08
125.49
128.29
139.23
150.46
160.7
170.79
182.61
186.19
189.79
193.55
195.5
206.69
217.83
220.36
227.07
229.36
231.36
233.08
234.81
231.84
233.67
235.46
237.23
238.7
239.89
240.82
241.54
241.88
241.67
241.09
241.94
242.35
241.65
240.93
239.7
238.84
226.4
225.57
224.82
228.86
227.92
226.69
225.23
223.69
222.12
220.56
219.15
217.92
216.96
216.34
215.87
215.44
214.92
214.3
213.86
212.85
223.19
221.7
219.82
217.47
214.86
211.97
208.75
205.1
200.99
196.4
191.28
185.09
177.78
170.54
164.02
157
149.54
141.7
133.66
125.39
116.98
108.45
99.87
91.51
83.61
76.06
68.85
62.03
55.62
49.61
43.98
39.33
35.7
31.8
27.11
22.95
19.32
16.17
13.44
11.14
9.22
7.66
6.47
5.51
4.44
3.49
2.67
1.97
1.39
0.92
0.55
0.28
0.09
0
0
0
0
0
0
0
0
0
0
0
0
0
0
0
0
0
0
0
0
0
0
0
0
0
0
0
0
0
0
0
0
0
0
0
0
0
0
0
0
0
0
0
0
0
0
0
0
0
0
0
0
0
0
0
0
0
0
0
0
0
0
0
0
0
0
0
0
0
0
0
0
0
0
0
0
0
0
0
0
0
0
0
0
0
0
0
0
0
0
0
0
0
0
0
0
0
0
0
0
0
0
0
0
0
0
0
0
0
0
0
0
0
0
0
0
0
0
0
0
0
0
0
0
0
0
0
0
0
0
0
0
0
0
0
0
0
0
0
0
0
0
0
0.04
0.11
0.24
0.44
0.69
0.99
1.33
1.72
2.19
2.43
2.74
3.1
3.51
3.96
4.45
5
5.61
6.29
7.04
7.9
8.79
9.71
10.66
10.49
11.5
12.53
13.6
14.26
15.19
14.95
15.23
16.53
17.89
17.44
16.95
18.41
20.7
21.98
22.83
22.5
24.03
25.54
27.04
29.34
28.09
27.49
26.83
29.02
31.08
33.73
36.86
38.97
41.05
44.47
47.97
49.49
50.2
51.98
54.22
57.72
59.58
61.73
64.06
66.89
71.82
76.44
81.16
83.52
85.78
88.9
91
88.69
90.77
93.46
96.28
99.36
102.59
105.92
109.39
108.71
108.37
111.19
113.86
116.45
119.45
122.28
125.14
127.94
130.75
133.76
137.07
145.09
148.75
152.33
155.66
158.69
161.36
163.52
163.92
170.09
175.84
177.09
179.62
175.05
176.93
175.05
166.72
168.03
169.76
171.24
172.29
172.95
173.69
169.4
159.75
161.07
162.8
165.2
169.09
170.99
172.14
174.5
175.4
183.24
184.54
189.48
200.84
202.49
203.59
204.64
205.81
206.94
207.81
213.66
224.91
223.89
223.16
222.6
222.21
222.12
222.65
223.04
223.4
223.53
223.43
223.06
222.5
221.86
221.16
220.45
219.65
218.87
217.33
216.16
214.89
214.94
214.32
213.04
211.41
209.39
207.13
195.65
190.23
187.63
184.96
182.04
178.85
173.76
163.11
158.72
148.7
144.79
141.46
136.05
131.8
126.65
121.75
116.62
111.47
106.35
101.03
104.57
101.61
96.22
91.35
86.84
82.79
80.71
84.27
81.41
84.06
80.45
76.85
74.73
71.34
68.66
65.62
62.7
60.39
58.15
56.06
54.08
52.47
50.44
47.9
45.12
41.99
38.62
35.06
31.71
28.54
25.57
22.83
20.29
17.95
15.8
13.84
12.07
9.98
8.05
6.29
4.73
3.35
2.21
1.3
0.62
0.2
0
0
0
0
0
0
0
0
0
0
0
0
0
0
0
0
0
0
0
0
0
0
0
0
0
0
0
0
0
0
0
0
0
0
0
0
0
0
0
0
0
0
0
0
0
0
0
0
0
0
0
0
0
0
0
0
0
0
0
0
0
0
0
0
0
0
0
0
0
0
0
0
0
0
0
0
0
0
0
0
0
0
0
0
0
0
0
0
0
0
0
0
0
0
0
0
0
0
0
0
0
0
0
0
0
0
0
0
0
0
0
0
0
0
0
0
0
0
0
0
0
0
0
0
0
0
0
0
0
0
0
0
0
0
0
0
0
0
0
0
0
0
0
0
0
0
0
0
0
0
0
0
0
0
0
0
0.08
0.24
0.51
0.87
1.35
1.96
2.71
3.68
4.87
6
7.35
8.89
10.53
12.42
14.61
17.1
19.73
22.62
25.82
25.98
26.48
26.79
30.4
34.1
37.9
41.79
45.74
49.57
53.25
57.05
60.74
64.37
68.03
71.65
75.21
78.66
82.09
85.36
88.53
95.02
101.35
108.01
111.5
115.01
117.43
118.83
121
124.21
127.57
128.75
132.43
136.29
140.22
144.17
148.04
151.96
156.17
160.65
165.01
169.23
173.43
177.55
181.36
184.9
189.08
194.09
198.38
201.82
205.1
210.39
205.58
202.19
199.26
196.75
197.16
198.25
199.32
198.74
194.47
195.2
195.27
195.59
196.25
197.11
198.47
199.83
200.96
201.8
200.34
201.73
210.67
217.97
224.58
230.16
230.17
231.72
232.78
234.97
240.72
241.16
241.88
242.13
242.04
240.14
239.75
239.45
239.19
238.84
240.73
239.81
237.71
236.62
235.46
230.36
232.4
232.04
231.78
231.59
231.37
231.29
231.42
231.67
231.99
233.87
233.97
233.95
233.77
233.52
233.05
232.49
232.84
231.91
230.83
233.76
231.68
229.17
226.35
223.35
220.17
216.71
212.91
208.75
204.59
200.4
195.97
191.22
186.28
181.24
176.18
171.04
165.88
160.72
155.58
150.64
145.99
141.6
137.47
133.56
124.84
121.34
118.08
110.16
106.98
103.82
100.74
97.87
95.26
92.8
90.47
88.43
86.64
85.09
83.73
82.58
81.53
80.63
79.28
78.47
82.37
81.54
80.67
80.67
79.99
79.43
79
78.65
78.32
78.07
77.94
77.69
77.31
76.76
76.1
75.29
74.34
73.24
72.52
71.2
70.02
68.44
66.52
68.8
66.81
64.61
62.23
59.68
57.02
54.64
52.05
49.37
46.6
43.83
41.01
38.11
35.16
32.12
29.07
26.07
23.28
20.66
18.5
16.22
14.16
12.32
10.68
9.24
7.94
6.39
5.02
3.84
2.83
1.97
1.25
0.69
0.29
0.08
0
0
0
0
0
0
0
0
0
0
0
0
0
0
0
0
0
0
0
0
0
0
0
0
0
0
0
0
0
0
0
0
0
0
0
0
0
0
0
0
0
0
0
0
0
0
0
0
0
0
0
0
0
0
0
0
0
0
0
0
0
0
0
0
0
0
0
0
0
0
0
0
0
0
0
0
0
0
0
0
0
0
0
0
0
0
0
0
0
0
0
0
0
0
0
0
0
0
0
0
0
0
0
0
0
0
0
0
0
0
0
0
0
0
0
0
0
0
0
0
0
0
0
0
0
0
0
0
0
0
0
0
0
0
0
0
0.02
0.06
0.13
0.23
0.34
0.48
0.64
0.83
1.05
1.13
1.13
1.13
1.3
1.57
1.58
1.92
2.29
2.29
2.29
2.74
2.73
2.68
3
3.39
3.78
3.64
3.91
4.1
4.24
4.71
4.71
4.91
5.06
5.41
6.21
6.8
7.59
8.99
10.63
12.02
14.08
16.34
18.4
17.91
17.4
19.61
22.24
25.29
28.7
32.26
36.7
41.31
45.33
49.39
53.41
57.46
61.24
64.9
68.47
72.01
75.62
73.72
76.38
82.66
89
89.98
93.39
96.46
99.27
95.16
97.61
99.85
102.74
105.57
108.61
112.15
116.29
120.56
124.9
129.36
133.74
143.66
149.11
151.28
144.94
151.94
156.64
161.97
167.96
180.77
186.87
192.89
198.8
204.42
209.64
213.91
217.64
221.29
224.84
228.12
231.22
234.09
236.63
241.24
254.19
256.85
258.45
259.29
259.34
259.1
258.71
257.62
257.19
256.84
256.6
256.75
256.84
256.71
256.41
256.1
255.73
255.34
254.6
254.15
253.8
253.5
253.15
252.81
252.42
251.94
251.32
251.3
250.54
249.76
248.88
247.74
246.44
245.03
243.41
241.48
239.28
236.7
234.14
230.97
227.43
223.53
219.42
215.06
210.42
205.56
201.34
196.69
191.56
185.89
179.86
173.61
167.26
160.8
154.31
147.87
141.57
135.41
129.38
123.42
117.62
111.95
106.35
100.83
95.44
90.16
85.08
80.13
75.4
70.88
66.48
62.18
57.88
53.62
49.45
45.25
40.97
36.96
33.2
29.7
26.45
23.47
20.76
18.31
16.11
14.16
11.5
9.13
7.03
5.22
3.7
2.45
1.47
0.76
0.26
0
0
0
0
0
0
0
0
0
0
0
0
0
0
0
0
0
0
0
0
0
0
0
0
0
0
0
0
0
0
0
0
0
0
0
0
0
0
0
0
0
0
0
0
0
0
0
0
0
0
0
0
0
0
0
0
0
0
0
0
0
0
0
0
0
0
0
0
0
0
0
0
0
0
0
0
0
0
0
0
0
0
0
0
0
0
0
0
0
0
0
0
0
0
0
0
0
0
0
0
0
0
0
0
0
0
0
0
0
0
0
0
0
0
0
0
0
0
0
0
0
0
0
0
0
0
0
0
0.11
0.34
0.66
1.06
1.54
2.08
2.69
3.36
4.08
4.6
5.17
5.79
6.48
7.24
8.06
8.93
8.93
9.93
10.98
12.1
13.08
13.85
14.54
15.21
15.82
16.39
16.94
16.54
15.82
16.71
17.66
18.66
19.69
20.75
21.84
22.92
22.92
24.03
25.12
26.22
27.43
28.82
30.31
31.9
33.6
35.34
37.09
39.05
42.15
43.85
45.5
47.18
48.89
50.57
52.24
54.05
57.96
59.72
61.63
63.63
65.69
67.84
70
72.06
74.06
73.97
76.29
79.44
81.81
84.42
87.28
90.24
93.32
96.56
99.96
103.28
106.66
110.17
113.67
117.21
120.82
124.28
125.39
127.78
129.59
126.83
129.88
132.91
136.06
139.04
141.79
143.02
136.51
135.64
131.03
132.97
134.76
135.63
137.4
139.01
140.33
141.72
145.48
148.2
151.58
161.06
161.18
163.16
154.55
156.64
158.83
162.51
173.95
179.86
189.37
192.32
195.3
199.21
202.3
205.62
209.38
213.17
203.63
206.87
210.01
213.85
218.88
222.04
235.63
238.37
240.86
243.08
244.97
246.44
247.81
249.08
250.06
250.88
251.21
251
250.2
249.14
261.28
260.57
259.85
258.85
257.67
256.27
254.77
253.24
251.74
250.26
248.79
247.3
245.69
243.93
242.45
241.09
240
239.13
238.46
237.81
237.02
235.75
234.15
224.83
222.59
220.02
217.11
213.85
210.22
206.19
201.77
197.1
192.42
187.56
182.26
176.58
168.6
162.42
150.86
144.27
137.02
125.93
115.14
116.1
109.87
104.57
99.73
95.34
90.09
86.56
83.46
80.75
78.16
76.01
74.3
72.89
73.68
72.64
77.01
76.43
76.62
80.92
85.22
85.46
85.73
85.24
84.49
81.02
80.59
79.13
77.45
75.55
73.42
70.9
68.35
65.55
62.6
59.51
56.27
52.93
49.39
45.61
41.6
37.53
33.47
29.67
26.09
25.2
22.56
19.66
16.98
14.52
12.29
10.34
8.34
6.61
5.09
3.79
2.66
1.69
0.94
0.42
0.13
0
0
0
0
0
0
0
0
0
0
0
0
0
0
0
0
0
0
0
0
0
0
0
0
0
0
0
0
0
0
0
0
0
0
0
0
0
0
0
0
0
0
0
0
0
0
0
0
0
0
0
0
0
0
0
0
0
0
0
0
0
0
0
0
0
0
0
0
0
0
0
0
0
0
0
0
0
0
0
0
0
0
0
0
0
0
0
0
0
0
0
0
0
0
0
0
0
0
0
0
0
0
0
0
0
0
0
0
0
0
0
0
0
0
0
0
0
0
0
0
0
0
0
0
0
0
0
0
0
0
0
0
0
0
0
0
0
0
0
0
0
0
0
0
0
0
0
0
0
0
0
0
0
0
0.06
0.18
0.35
0.57
0.86
1.2
1.63
2.16
2.76
3.09
3.53
4.1
4.76
4.76
5.62
6.65
7.81
9.13
10.66
12.44
14.34
16.43
16.68
19.08
21.64
24.42
23.99
27.08
30.31
33.59
36.86
39.09
38.43
42.67
46.31
50.08
54.04
58.19
62.39
66.55
70.61
73.53
79.48
83.43
87.4
91.38
98.78
102.9
106.89
111.33
115.92
114.33
118.97
123.96
128.77
133.29
137.46
141.4
145.2
148.94
152.8
157.71
161.68
165.75
169.89
171.48
175.25
178.79
182.44
185.87
189.02
199.3
206.3
208.98
210.72
213.82
216.99
219.43
212.65
209.1
199.22
201.8
203.56
205.13
205.95
208.7
208.73
208.39
205.7
203.11
202.75
202.42
199.22
198.27
198.12
195.88
194.3
193.33
201.46
206.39
217.54
216.09
215.2
214.43
214.36
214.8
215.7
217.16
219.98
221.94
223.78
225.59
230.17
232.31
234.47
237.34
239.58
241.84
244
245.84
247.44
248.85
250.07
248.86
244.97
245.3
245.37
245.06
245.33
246.2
244.81
243.15
241.02
238.43
235.62
232.54
229.03
225.19
221.11
216.81
212.36
208.23
203.96
201.69
201.46
196.43
191.09
185.46
179.77
173.89
167.87
161.79
156.07
150.71
145.53
140.53
135.79
131.32
127.16
123.35
119.84
116.15
112.72
109.47
106.56
104.04
101.85
100.02
98.38
97.01
95.86
94.9
93.83
92.66
91.58
90.59
89.7
88.87
88.05
87.19
86.33
84.42
83.47
82.44
81.33
80.12
78.87
77.4
75.8
74.05
72.24
70.37
68.53
64.55
62.38
59.99
57.84
55.44
52.82
49.99
46.98
44.85
41.63
38.36
35.05
31.72
28.34
25.19
22.25
19.52
16.97
14.57
12.31
12.31
10.49
8.91
7.07
5.48
4.13
3.01
2.09
1.37
0.8
0.39
0.14
0
0
0
0
0
0
0
0
0
0
0
0
0
0
0
0
0
0
0
0
0
0
0
0
0
0
0
0
0
0
0
0
0
0
0
0
0
0
0
0
0
0
0
0
0
0
0
0
0
0
0
0
0
0
0
0
0
0
0
0
0
0
0
0
0
0
0
0
0
0
0
0
0
0
0
0
0
0
0
0
0
0
0
0
0
0
0
0
0
0
0
0
0
0
0
0
0
0
0.05
0.16
0.32
0.54
0.8
1.12
1.49
1.92
2.41
2.58
2.84
3.15
3.52
3.96
4.45
5
5.62
6.35
7.14
7.14
7.08
7.89
17.93
18.77
19.62
19.87
19.5
19.07
19.7
20.72
20.46
21.58
22.71
22.57
23.75
24.95
26.11
27.21
28.29
30.19
32.1
33.14
24.95
25.91
26.85
28.43
30.71
33.09
34.38
35.67
38.2
39.34
40.4
42.7
43.62
44.45
45.24
46.03
46.81
47.64
45.73
46.56
47.33
48.15
47.66
48.32
48.79
49.07
49.31
47.49
47.55
47.64
47.88
48.25
48.86
49.66
47.07
48.05
49.03
49.95
53.65
54.61
55.59
56.5
58.7
59.78
61.12
62.89
60.24
64.4
65.86
67.96
68.91
71.55
74.41
77.32
83.39
86.16
89.09
92.24
95.57
99.16
103.09
107.41
112.04
116.83
121.66
126.23
135.36
139.81
145.2
149.86
155.47
159.17
162.36
165.15
168.09
170.74
173.32
175.44
178
172.1
174.19
176.5
178.04
173.81
175.83
177.91
179.89
181.64
183.14
184.79
186.71
186.96
189.56
192.75
196.26
199.99
203.75
206.53
210.02
221.68
224.91
227.46
230.28
238.52
240.25
241.89
243.64
245.74
248.1
250.58
252.87
256.86
258.47
259.6
260.45
261.05
261.42
262.95
263
262.93
262.86
262.86
262.95
263.07
263.28
263.33
263.19
262.72
261.89
260.68
259.29
257.86
256.38
254.74
252.91
250.9
248.78
246.64
244.53
242.48
240.36
238.06
235.62
232.84
229.56
225.93
221.95
217.72
213.28
208.74
204.02
199.01
194.4
189.8
185.21
180.62
175.96
170.88
165.42
159.35
152.95
147.04
141.13
135.58
130.37
124.13
119.3
114.54
109.86
105.19
100.57
96.05
90.99
85.87
80.71
76.05
71.43
67.08
63.02
59.4
56.06
52.21
48.31
44.22
40.03
37.13
33.2
29.56
26.19
23.07
20.24
17.64
15.33
13.29
11.51
9.43
7.57
5.91
4.4
3.12
2.04
1.19
0.58
0.18
0
0
0
0
0
0
0
0
0
0
0
0
0
0
0
0
0
0
0
0
0
0
0
0
0
0
0
0
0
0
0
0
0
0
0
0
0
0
0
0
0
0
0
0
0
0
0
0
0
0
0
0
0
0
0
0
0
0
0
0
0
0
0
0
0
0
0
0
0
0
0
0
0
0
0
0
0
0
0
0
0
0
0
0
0
0
0
0
0
0
0
0
0
0
0
0
0
0
0
0
0
0
0
0
0
0
0
0
0
0
0
0
0
0
0
0
0
0
0
0.03
0.08
0.18
0.3
0.45
0.66
0.9
1.18
1.51
1.51
1.51
1.54
1.62
1.62
1.77
1.77
1.77
2.05
2.38
2.38
2.38
2.74
3.09
3.45
3.8
4.13
4.44
4.71
4.77
5.46
5.64
5.61
6.44
9.24
9.88
9.88
10.72
11.57
12.41
13.68
15
14.87
14.43
15.67
16.97
16.44
16.19
17.72
19.43
20.88
22.7
24.74
25.94
25.39
26.97
29.48
31.21
32.73
34.19
35.61
34.26
36.87
39.63
40.66
41.55
44.2
45.79
43.7
43.66
44.42
44.47
45.49
46.52
47.34
47.33
47.92
48.5
49.1
49.81
50.7
54.43
55.51
56.78
55.2
52.5
55.04
58.59
64.15
62.08
64.17
67.58
70.03
72.55
73.08
76.77
77.78
81.18
84.65
88.31
91.87
95.16
98.17
100.92
106.4
109.83
109.04
105.49
102.79
105.21
107.59
109.72
104.25
98.85
103.39
105.6
109.76
111.59
113.39
114.91
116.34
118.05
117
119.43
122.27
128.56
134.01
142.14
149.15
156.41
158.7
160.39
170.16
179.86
181.78
183.76
185.89
184.85
176.34
178.38
180.41
182.42
187.23
188.71
189.85
190.73
191.48
192.16
193.27
194.95
196.88
199.31
196.63
198.3
199.93
201.46
202.87
207.41
219.36
220.85
222.37
223.48
225.12
226.92
228.9
230.91
232.94
234.81
236.3
237.34
238.04
238.64
243.92
244.84
245.66
246.37
246.93
247.27
247.38
247.22
246.8
246.4
245.22
243.75
241.9
239.7
237.13
234.32
231.33
228.15
224.67
220.81
216.31
211.19
205.64
199.66
193.39
186.9
180.24
173.94
167.29
160.89
154.47
148.03
141.41
135.28
129.44
123.8
118.31
112.92
107.89
103.23
99.03
95.14
91.58
88.42
85.56
83
80.69
78.06
75.86
73.55
71.69
69.89
68.39
66.55
64.65
62.72
60.83
59.01
55.56
52.79
50.77
47.23
44.78
43.07
41.48
39.91
38.39
36.97
35.64
34.37
32.9
31.58
30.42
29.39
28.42
27.47
26.51
25.54
26.1
25.87
24.86
25.45
24.7
23.74
22.68
21.54
20.34
19.08
17.79
16.5
15.18
13.82
12.4
10.97
9.63
8.39
7.25
6.23
5.33
4.55
3.86
3.28
3.06
2.38
1.82
1.35
0.98
0.69
0.46
0.27
0.12
0.03
0
0
0
0
0
0
0
0
0
0
0
0
0
0
0
0
0
0
0
0
0
0
0
0
0
0
0
0
0
0
0
0
0
0
0
0
0
0
0
0
0
0
0
0
0
0
0
0
0
0
0
0
0
0
0
0
0
0
0
0
0
0
0
0
0
0
0
0
0
0
0
0
0
0
0
0
0
0
0
0
0
0
0
0
0
0
0
0
0
0
0
0
0
0
0
0
0
0.1
0.32
0.66
1.14
1.77
2.49
3.28
4.16
5.09
5.09
5.66
6.34
7.15
8.09
9.15
10.31
11.41
11.41
12.94
14.91
16.76
18.54
20.24
21.84
23.31
24.31
25.41
24.54
25.57
28.17
30.46
32.78
35.08
37.32
39.57
41.81
44.11
44.11
42.58
43.9
45.27
46.69
48.28
49.92
51.55
53.58
55.06
58.5
60.26
58.42
59.27
60.13
61.01
62.13
63.41
64.91
66.47
71.64
77.08
79.58
81.26
84.04
86.77
89.54
92.54
95.67
99.33
103.07
106.75
113.58
117.74
121.88
126.11
130.08
129.31
132.35
135.45
138.39
140.85
142.87
145.7
147.43
149.2
151.13
153.16
153.83
146.79
148.83
151.61
154.39
157.03
159.55
162.04
164.68
172.09
175.65
179.31
183.08
187.39
192.04
196.85
201.76
206.59
209.8
210.87
214.37
227.12
229.52
231.9
234.03
236
237.87
239.36
240.48
241.18
241.72
242.22
242.78
243.26
243.65
243.81
243.75
243.51
244.6
247.4
248.94
248.66
249.37
249.15
248.97
248.86
248.88
249.27
249.94
250.82
251.66
252.25
252.39
251.95
251.12
250.13
249.02
247.72
246.2
244.55
242.83
241.16
239.6
237.87
235.94
233.69
231.09
228.07
224.66
220.79
216.5
211.97
207.37
202.88
198.4
193.77
189.52
185.29
181.03
176.77
172.29
167.55
162.05
156.95
151.85
146.85
141.96
137.16
132.49
126.72
122.57
118.65
115.03
111.65
108.54
105.77
102.82
100.14
97.77
95.67
93.94
92.52
91.92
91.07
90.45
89.93
89.52
89.17
84.55
82.02
81.15
80.5
79.68
78.68
75.39
73.86
72.36
70.54
68.38
65.89
63.13
60.15
56.95
53.49
50.17
46.75
43.23
39.72
40.5
40.48
37.4
34.05
30.73
27.45
26.33
23.42
20.45
17.76
15.35
13.23
11.33
9.65
8.21
6.99
5.66
4.48
3.47
2.57
1.8
1.16
0.67
0.32
0.1
0
0
0
0
0
0
0
0
0
0
0
0
0
0
0
0
0
0
0
0
0
0
0
0
0
0
0
0
0
0
0
0
0
0
0
0
0
0
0
0
0
0
0
0
0
0
0
0
0
0
0
0
0
0
0
0
0
0
0
0
0
0
0
0
0
0
0
0
0
0
0
0
0
0
0
0
0
0
0
0
0
0
0
0
0
0
0
0
0
0
0
0
0
0
0
0
0
0
0
0
0
0
0
0
0
0
0
0
0
0
0
0
0
0
0
0
0
0
0
0
0
0
0
0
0
0
0
0
0
0
0
0
0
0
0
0
0
0
0
0
0
0
0
0
0
0
0
0
0
0
0
0
0
0
0
0
0
0
0.02
0.07
0.15
0.25
0.38
0.61
0.94
1.39
1.94
2.43
3.02
3.72
4.51
5.39
5.8
6.3
6.93
7.72
7.88
8.98
10.2
11.56
11.82
13.59
15.65
17.82
20.09
22.48
24.99
27.77
30.7
33.83
36.6
39.53
43.2
47.03
50.95
54.99
59.98
58.88
63.41
68.1
74.23
79.16
84.21
89.45
94.99
100.61
106.33
112.04
115.84
121.11
125.48
131.11
136.81
142.57
148.42
154.1
159.6
164.03
164.7
169.48
174.03
178.34
182.13
185.49
182.32
184.87
187.25
189.62
193.79
196.3
199.99
202.1
203.76
205.03
206.16
207.45
208.84
216.64
222.47
223.85
225.05
226.22
227.53
228.95
236.38
237.79
238.92
239.86
240.76
241.74
242.85
244.17
245.82
247.58
249.18
250.46
251.36
251.94
252.59
253.3
254.07
254.8
255.52
256.14
256.72
257.2
257.69
258.04
258.13
257.96
257.65
257.17
256.5
255.79
255.02
254.23
253.58
252.99
252.23
251.34
250.28
249.03
247.48
245.62
243.66
241.59
239.45
237.19
234.72
231.94
228.77
225.19
221.21
216.72
211.83
206.55
201.39
195.92
190.23
184.3
178.19
171.93
165.68
159.51
153.32
147.17
141.11
135.28
129.71
124.53
115.29
110.96
107.07
103.7
100.73
98.19
95.55
93.28
91.25
89.5
88.06
86.94
86
85.3
84.79
84.4
84.01
83.62
83.31
82.97
86.94
86.27
85.45
84.56
83.47
78.99
74.52
73.4
71.59
69.91
66.97
65.92
64.86
63.57
62.11
60.53
58.95
57.42
55.73
54.02
52.44
50.89
48.34
44.68
43.39
45.27
47.13
45.5
44.55
43.47
43.59
41.78
40.03
38.53
37.26
35.96
33.33
30.74
28.26
25.86
23.46
22
21.7
22.22
20.1
18.22
16.46
14.72
13.1
12.67
12.22
11.72
11.13
10.35
9.36
8.43
8.78
9
9.1
9.1
9.1
8.29
7.42
6.89
6.89
6.89
6.8
6.8
6.74
5.53
4.41
3.4
2.5
1.74
1.14
0.67
0.32
0.1
0
0
0
0
0
0
0
0
0
0
0
0
0
0
0
0
0
0
0
0
0
0
0
0
0
0
0
0
0
0
0
0
0
0
0
0
0
0
0
0
0
0
0
0
0
0
0
0
0
0
0
0
0
0
0
0
0
0
0
0
0
0
0
0
0
0
0
0
0
0
0
0
0
0
0
0
0
0
0
0
0
0
0
0
0
0
0
0
0
0
0
0
0
0
0
0
0
0
0
0
0
0
0
0
0
0.09
0.25
0.46
0.73
1.11
1.63
2.26
3.01
3.91
3.91
4.66
4.83
5.93
5.93
5.93
5.93
5.93
6.85
8.68
10.63
12.56
14.48
16.46
18.48
19.57
21.34
23.02
24.68
26.27
28.76
30.39
32.5
33.71
36.01
38.37
40.86
43.49
45.31
46.33
47.43
46.92
48.39
50.01
51.78
54.71
57.1
59.71
62.34
64.58
67.01
69.75
72.82
75.99
79.23
82.52
85.75
88.97
92.25
95.64
98.89
103.79
106.71
109.11
107.84
110.15
112.23
114.2
116.21
118.69
121.15
123.68
126.09
128.51
131.1
133.76
136.59
139.59
142.68
145.83
149.22
152.78
156.48
160.68
168.36
172.44
176.81
180.78
184.7
188.68
192.76
196.78
200.95
205.33
209.74
214.17
218.13
222.35
226.4
230.12
233.43
236.46
239.24
241.73
244.12
245.94
246.94
248.47
249.68
250.43
250.77
250.76
250.48
249.47
248.58
245.84
233.32
222.07
220.06
218.51
217.09
215.62
214.21
212.91
211.78
210.99
211.06
211.03
211.41
212.18
213.15
214.28
215.34
216.77
215.79
218.3
230.69
241.17
242.2
242.73
243.15
243.49
243.55
235.63
233.68
232.76
231.23
229.28
226.79
223.82
220.44
216.73
212.68
208.27
205.48
200.6
195.51
190.16
184.65
178.9
172.93
167.38
161.87
164.13
160.03
154.61
149.26
143.98
138.67
133.88
129.29
124.78
120.62
116.76
113.28
110.1
107.28
104.84
102.69
100.87
99.36
97.56
95.97
94.55
93.36
92.37
91.51
90.8
90.4
89.8
89.33
89.07
88.87
88.61
88.21
87.56
86.57
85.24
83.61
81.76
79.65
77.3
74.72
71.9
68.86
66.15
63.27
60.23
57.04
53.67
50.15
46.42
42.54
38.64
34.77
30.97
27.49
24.31
21.42
18.75
16.34
14.17
12.24
10.55
9.1
7.31
5.74
4.36
3.18
2.2
1.41
0.81
0.4
0.13
0
0
0
0
0
0
0
0
0
0
0
0
0
0
0
0
0
0
0
0
0
0
0
0
0
0
0
0
0
0
0
0
0
0
0
0
0
0
0
0
0
0
0
0
0
0
0
0
0
0
0
0
0
0
0
0
0
0
0
0
0
0
0
0
0
0
0
0
0
0
0
0
0
0
0
0
0
0
0
0
0
0
0
0
0
0
0
0
0
0
0
0
0
0
0
0
0
0
0
0
0
0
0
0
0
0
0
0
0
0
0
0
0
0
0
0
0
0
0
0
0
0
0
0
0
0
0
0
0
0
0
0
0.04
0.12
0.24
0.4
0.64
0.95
1.3
1.71
2.17
2.17
2.33
2.54
2.81
3.14
3.58
4.12
4.74
5.45
6.25
7.15
7.11
8.05
9.03
8.86
9.79
10.71
11.65
12.61
13.58
13.58
13.98
15.37
16.76
18.15
17.71
19
20.34
21.73
23
23.02
25.19
26.41
27.64
30.09
31.47
32.89
34.32
35.73
35.77
37.68
40.51
42.55
44.75
47.19
51.63
54.44
57.24
60.01
62.96
67.2
69.98
72.95
76.03
79.13
82.31
85.64
89.15
92.99
98.39
103.49
107.22
110.81
114.31
117.71
120.93
124.1
127.34
130.7
134.18
137.74
141.74
145.74
149.78
153.9
157.93
161.73
165.17
168.28
171.26
174.28
177.35
180.43
183.38
186.1
187.61
183.85
185.22
187.46
189.48
190.93
181.97
183.12
184.51
185.83
187.32
189.09
191.26
193.51
195.65
197.53
199.23
200.83
202.44
204.12
206.94
214.94
217.54
219.07
220.64
222.63
234.82
224.47
225.36
226.44
227.21
227.61
227.55
227.15
226.65
226.25
225.89
225.54
225.23
225.02
224.76
217.16
216.91
216.56
216.16
215.64
215.04
226.55
226.23
225.38
224.39
223.25
221.98
220.88
219.84
218.69
217.34
215.78
213.94
211.82
208.37
203.92
200.95
198.44
195.64
192.55
189.21
185.72
182.19
178.63
175.07
170.61
167.36
163.95
160.3
156.45
152.5
148.54
145
141.41
138.79
144.2
140.66
136.51
132.48
128.57
123.07
119.44
113.41
109.78
102.31
99.79
96.25
92.89
89.77
86.97
84.45
82.17
79.67
77.37
75.41
73.62
71.89
70.25
68.68
67.2
67.53
66.13
67.19
66.04
66.04
64.73
63.72
62.62
61.48
59.93
56.54
54.96
53.2
51.27
49.18
46.96
44.77
42.58
40.38
37.84
34.76
33.05
31.29
29.41
30.24
28.42
26.23
24.08
21.85
19.9
19.66
17.48
15.5
13.7
12.1
10.7
9.4
8.22
7.16
6.52
6.52
5.24
4.1
3.11
2.28
1.6
1.06
0.61
0.29
0.09
0
0
0
0
0
0
0
0
0
0
0
0
0
0
0
0
0
0
0
0
0
0
0
0
0
0
0
0
0
0
0
0
0
0
0
0
0
0
0
0
0
0
0
0
0
0
0
0
0
0
0
0
0
0
0
0
0
0
0
0
0
0
0
0
0
0
0
0
0
0
0
0
0
0
0
0
0
0
0
0
0
0
0
0
0
0
0
0
0
0
0
0
0
0
0
0
0
0
0
0
0
0
0
0
0
0
0
0
0
0
0
0
0
0
0
0
0
0
0
0
0
0
0
0
0
0.02
0.14
0.37
0.66
1.02
1.47
2.02
2.68
3.43
4.16
4.62
5.19
5.86
6.62
7.46
8.46
9.63
10.93
12.37
13.91
15.58
16.7
18.21
18.77
18.4
19.87
21.32
22.84
23.99
25.8
27.05
29.24
31.39
33.6
35.97
38.44
40.91
43.53
46.28
49.29
52.45
56.36
60.08
64.64
70.35
74.46
75.1
79.41
84.15
88.43
93.74
98.18
102.76
107.48
112.11
116.52
120.75
124.6
128.18
131.28
134.04
136.46
138.63
140.93
142.96
144.67
149.69
150.29
151.06
151.63
144.62
144.87
145.1
145.16
145.09
145.21
143.94
142.29
143.46
143.62
145.33
147.25
149.29
151.35
153.52
155.99
158.93
162.89
155.48
159.45
171.12
175.53
179.76
183.94
188.25
192.4
197.86
203.72
206.74
210.96
213.61
216.06
218.44
220.85
223.11
224.98
226.14
226.7
238.42
238.5
238.72
238.79
238.93
239.04
231.95
231.51
231.53
231.64
231.73
231.7
231.82
231.45
231.24
230.73
230.03
229.34
227.91
227.51
226.94
215.5
210.72
209.47
207.57
205.26
203.03
200.96
198.28
195.39
192.52
189.73
186.9
184.04
172.2
160.55
149.07
147.01
141.52
139.57
137.65
146.63
139.52
134.51
132.8
131.38
136.82
135.21
133.54
131.9
129.94
127.53
125.09
122.7
128.67
134.26
139.5
135.14
134.94
129.97
124.86
119.79
123.54
121.5
116.62
111.68
106.77
99.28
94.79
90.49
86.53
82.97
79.44
76.41
73.76
71.46
69.48
67.87
66.64
65.72
65
64.51
64.16
60.53
60.07
60.01
60.02
62.77
62.7
62.54
62.36
61.96
61.29
60.33
59.19
57.91
56.47
54.74
52.77
50.59
48.76
46.72
44.51
45.55
43.38
40.76
38
35.14
32.21
29.22
26.15
23.3
20.71
18.35
16.18
14.17
12.34
10.72
9.3
8.08
6.51
5.14
3.95
2.91
2.03
1.33
0.78
0.39
0.13
0
0
0
0
0
0
0
0
0
0
0
0
0
0
0
0
0
0
0
0
0
0
0
0
0
0
0
0
0
0
0
0
0
0
0
0
0
0
0
0
0
0
0
0
0
0
0
0
0
0
0
0
0
0
0
0
0
0
0
0
0
0
0
0
0
0
0
0
0
0
0
0
0
0
0
0
0
0
0
0
0
0
0
0
0
0
0
0
0
0
0
0
0
0
0
0
0
0
0
0
0
0
0
0
0
0
0
0
0
0
0
0
0
0
0
0
0
0
0
0
0
0
0
0
0
0
0
0
0
0
0
0
0
0
0
0
0
0.07
0.21
0.43
0.85
1.37
2.02
2.8
3.72
4.79
5.73
6.83
8.06
9.62
11.37
13.37
15.64
18.19
20.92
23.82
26.94
30.17
33.41
36.04
39.1
42.14
45.14
48.14
51.17
50.1
52.84
53.86
56.97
59.9
62.78
63.97
67.16
66.44
63.7
60.8
63.64
66.77
69.85
73.6
74.46
76.93
79.47
83.04
86.59
94.37
97.09
94.97
97.96
96.07
92.49
97.36
100.97
108.45
117.82
127.28
130.81
134
137.55
141.11
147.12
151.66
156.31
148.96
152.3
144.52
149.06
160.62
165.13
174.63
185.77
189.89
192.99
196.05
199.21
202.48
205.98
209.41
212.32
215.06
217.56
219.72
221.48
234.14
235.95
248.6
249.31
245.19
245.98
244.61
244.89
245.03
245.1
244.91
244.45
243.58
242.4
241.16
240.22
239.38
238.78
238.4
238.18
237.97
237.86
237.74
238.58
243.55
243.25
244.71
244.39
244.17
243.91
243.59
243.22
243
242.68
242.28
238.76
238.09
237.2
236.08
234.86
233.43
231.74
229.82
227.64
225.17
222.47
219.65
216.49
213.01
209.26
205.34
201.35
197.31
193.13
188.66
186.75
181.46
172.91
161.68
150.51
144.26
137.98
131.76
125.77
120.13
114.8
109.73
105.05
100.77
96.92
93.34
89.97
86.62
83.47
80.63
78.16
76.08
77.28
81.23
85.13
80.35
79.14
78.52
74.2
69.9
69
68.02
66.93
62.59
61.3
60
58.18
53.94
52.15
50.87
49.54
48.14
46.7
45.23
43.72
45.51
44.53
43.03
45.31
47.57
46.35
45.13
43.91
45.81
44.53
43.19
42.38
44.03
43.27
42.02
40.81
39.64
37.84
36.06
33.67
32.77
31.46
30.09
28.59
27.02
25.43
23.87
22.3
20.91
19.54
18.22
16.84
15.43
14.02
12.6
11.19
9.8
9.08
8.39
8.39
7.49
6.45
5.53
4.74
4.06
3.46
2.94
2.51
1.99
1.55
1.16
0.85
0.6
0.4
0.24
0.12
0.03
0
0
0
0
0
0
0
0
0
0
0
0
0
0
0
0
0
0
0
0
0
0
0
0
0
0
0
0
0
0
0
0
0
0
0
0
0
0
0
0
0
0
0
0
0
0
0
0
0
0
0
0
0
0
0
0
0
0
0
0
0
0
0
0
0
0
0
0
0
0
0
0
0
0
0
0
0
0
0
0
0
0
0
0
0
0
0
0
0.02
0.07
0.22
0.46
0.81
1.28
1.94
2.78
3.78
4.45
5.59
5.59
6.59
7.4
8.61
9.96
11.5
13.23
15.15
17.36
19.78
22.34
23.03
22.79
25.09
27.87
30.55
33.12
35.25
37.89
38.79
38.79
37.79
36.98
36.12
34.77
38.21
36.47
36.74
39.82
45.22
47.99
52.49
57.84
60.59
62.19
63.98
66.02
65.45
67.64
68.47
68.47
71.23
76.25
81.03
85.27
85.2
85.2
85.68
86.14
84.24
78.86
78.21
79.27
80.49
82.35
84.1
85.69
90.36
92.25
96.94
102.77
107.82
110.74
113.65
117.39
113.82
121.27
126.79
129.37
131.88
140.49
144.53
147.01
149.36
150.74
152.2
154.83
157.53
160.36
163.37
168.46
171.81
175.04
178.29
181.9
192.37
196.83
200.61
204.3
208
211.56
215.04
218.35
221.02
225.15
228.9
231.23
233.09
234.45
235.3
235.67
235.55
235.55
235.38
234.92
232.45
231.68
230.97
228.99
224.16
213.4
212.42
211.5
211.18
210.25
209.56
209.03
208.85
208.91
208.96
209.09
209.66
210.13
210.7
211.43
214.2
215.28
216.26
218.44
223.33
234.09
234.93
235.62
236.25
236.77
237.06
237.08
236.79
236.42
236.21
235.94
235.13
233.91
232.18
229.83
226.78
223.1
218.91
214.32
209.26
204.26
198.96
193.41
187.62
181.63
175.42
169.09
162.64
155.92
148.82
141.5
134.39
127.68
121.39
112.32
107.05
102.41
98.29
94.63
91.48
88.33
85.48
80.65
78.38
76.34
74.67
73.28
72.22
71.48
70.16
68.8
68.78
68.55
67.55
70.03
68.85
66.5
62.56
60.45
58.1
55.58
52.98
53.03
50.67
48.24
45.63
42.86
39.9
36.77
34.43
32.24
28.68
25.21
22.52
19.61
17
15.47
15.47
13.62
11.96
10.49
9.15
7.49
5.99
4.63
3.42
2.4
1.56
0.89
0.41
0.12
0
0
0
0
0
0
0
0
0
0
0
0
0
0
0
0
0
0
0
0
0
0
0
0
0
0
0
0
0
0
0
0
0
0
0
0
0
0
0
0
0
0
0
0
0
0
0
0
0
0
0
0
0
0
0
0
0
0
0
0
0
0
0
0
0
0
0
0
0
0
0
0
0
0
0
0
0
0
0
0
0
0
0
0
0
0
0
0
0
0
0
0
0
0
0
0
0
0
0
0
0
0
0
0
0
0
0
0
0
0
0
0
0
0
0
0
0
0
0
0
0
0
0
0
0
0
0
0
0
0
0
0
0
0
0
0
0
0
0
0.05
0.17
0.35
0.64
0.99
1.41
1.9
2.48
3.14
3.57
3.57
3.57
3.57
3.7
4.5
5.27
6.16
7.19
8.34
9.67
9.71
11.26
13.01
14.82
16.76
18.49
20.23
21.94
23.74
25.93
28.72
28.72
31.86
35
36.61
39.06
41.55
42.53
45.34
47.62
51.53
53.88
51.95
53.76
55.43
57.02
59.07
61.22
62.06
63.21
65.25
67.9
69.04
70.69
73.26
75.1
71.82
75.14
76.38
78.65
79.03
80.79
81.84
84.52
87.68
91.27
94.52
97.96
102.73
107.06
110.51
116.44
121.13
125.51
130.08
134.77
144.57
149.43
154.66
159.44
165.9
171.15
181.31
186.07
190.33
194.5
198.5
202.27
205.95
209.84
213.74
217.26
220.31
222.94
225.21
227.21
229.14
230.77
232.15
233.3
234.23
234.91
233.22
231.39
231.92
232.41
232.83
232.97
232.71
232.02
231
230.02
229.19
228.44
227.99
227.71
227.29
226.72
226.02
225.18
224.33
223.46
224.79
226.12
225.04
223.89
222.75
221.87
221.4
221.12
220.95
220.84
220.56
220.29
219.88
219.37
218.93
217.96
217.71
217.48
217.13
216.61
215.85
214.79
213.38
211.65
209.58
207.08
204.26
201.22
197.95
194.35
190.56
186.78
182.67
178.24
173.55
169.26
164.05
158.74
153.39
146.25
140.95
135.8
130.9
126.25
121.05
113.64
108.78
104.89
101.25
97.86
94.75
91.51
88.5
84.46
78.19
75.48
73.33
71.69
69.3
69.95
69.04
68.38
67.9
67.59
68.29
71.56
72.56
72.76
72.97
73.23
73.55
73.98
74.44
76.19
80.41
81.29
81.9
82.19
83.42
83.55
83.6
79.64
79.01
78.48
77.72
76.84
75.82
74.76
73.62
72.36
70.95
69.44
67.87
66.31
63.3
61.7
60.03
58.3
56.52
54.69
50.76
50.76
49.13
47.25
43.77
40.38
37.4
35.7
34.03
32.14
29.35
26.54
24.79
22.5
21.9
20.4
17.95
16.63
15.03
12.88
12.88
12.88
11.08
9.86
10.27
10.6
10.68
9.74
8.78
8.08
8.34
8.7
8.03
7.88
7.47
6.53
6.57
5.53
4.87
4.87
4.87
4.87
4.87
4.36
3.95
3.62
3.21
2.62
2.11
1.66
1.27
0.92
0.61
0.35
0.16
0.04
0
0
0
0
0
0
0
0
0
0
0
0
0
0
0
0
0
0
0
0
0
0
0
0
0
0
0
0
0
0
0
0
0
0
0
0
0
0
0
0
0
0
0
0
0
0
0
0
0
0
0
0
0
0
0
0
0
0
0
0
0
0
0
0
0
0
0
0
0
0
0
0.07
0.2
0.42
0.71
1.09
1.54
2.06
2.64
3.29
3.8
3.8
4.51
5.36
6.08
6.08
6.08
7.02
8.32
9.72
11.21
12.69
14.02
13.82
14.24
15.41
14.96
15.54
16.59
17.08
16.57
17.93
18.12
18.93
19.86
21.52
23.21
24.01
24.46
24.79
25.05
25.28
25.63
27.44
28.63
29.07
29.07
30.29
31.03
30.89
33.54
34.93
35.59
36.87
38.32
39.83
41.43
43.04
44.78
46.77
49
51.55
54.34
52.87
52.3
55.29
60.73
64.06
66.84
71.19
73.98
76.79
80.95
83.76
86.5
89.31
92.17
95.08
98.02
100.82
103.46
104.06
101.15
101.58
107.34
109.62
111.64
105.99
108.12
109.97
111.79
113.61
115.39
117.35
119.43
121.56
122.42
124.21
124.55
125.98
127.25
130.07
135.39
142.32
142.9
143.3
143.47
148.92
149.48
149.17
149.05
150.06
151.21
152.37
153.24
154.58
149.8
142.18
145.78
148.38
151.12
154.19
158.17
161.69
165.44
169.27
173.26
175.22
179.37
184.66
181.04
184.77
188.22
191.32
194.26
196.42
203.35
214.38
215.67
216.8
218.06
219.26
220.27
220.96
221.37
221.78
222.2
226.83
227.02
227.02
235.7
235.82
236.05
236.56
237.47
238.59
242.13
243.39
244.47
245.5
246.32
246.96
247.53
246.41
246.01
246.48
246.73
246.87
246.79
246.56
246.16
245.44
244.41
242.89
240.94
238.58
235.96
233.04
229.85
226.36
222.49
217.25
212.75
209.65
205.48
199.91
193.97
187.71
181.19
175.21
169.11
163
156.94
150.91
144.96
139.12
133.34
127.64
122.08
116.72
111.73
108.1
103.81
99.93
96.57
92.09
89.11
87.02
85.26
83.08
81.22
79.6
78.19
77.04
72.31
68.66
67.57
67.19
66.92
66.68
66.44
66.24
65.97
65.57
64.99
65.92
65.78
65.14
64.48
63.66
62.69
61.58
60.35
59
61.32
62.73
61.7
60.04
56.35
52.72
49.11
46.97
44.43
42.27
40.05
37.71
35.29
32.76
30.36
28.04
25.78
23.57
21.43
19.37
17.35
15.3
13.27
11.26
11.26
11.26
11.26
9.82
8.85
7.59
6.5
5.56
4.76
4.1
3.36
2.69
2.1
1.59
1.15
0.77
0.46
0.22
0.07
0
0
0
0
0
0
0
0
0
0
0
0
0
0
0
0
0
0
0
0
0
0
0
0
0
0
0
0
0
0
0
0
0
0
0
0
0
0
0
0
0
0
0
0
0
0
0
0
0
0
0
0
0
0
0
0
0
0
0
0
0
0
0
0
0
0
0
0
0
0
0
0
0
0
0
0
0
0
0
0
0
0
0
0
0
0
0
0
0
0
0
0
0
0
0
0
0.06
0.19
0.38
0.63
0.95
1.32
1.76
2.26
2.82
3.14
3.53
3.96
4.47
5.04
5.68
6.4
7.16
7.92
8.78
9.03
8.97
9.86
10.76
10.51
11.19
12.11
11.68
12.61
13.59
13.27
12.88
14.39
15.91
15.33
16.83
18.26
17.5
18.55
19.99
22.14
24.68
26.35
28.01
30.79
32.63
34.3
37.33
38.94
40.63
44.07
47.6
49.37
51.15
55.24
53.11
54.84
59.93
63.07
65.91
68.75
66.2
66
68.8
71.71
74.7
77.71
80.86
84.2
87.36
90.35
93.35
96.01
98.71
101.05
107.26
109.4
110.16
111.1
111.97
106.73
113.05
117.05
118.19
112.49
106.67
108.02
109.28
110.52
111.91
105.47
101.93
103.86
105.93
108.39
111.19
114.14
117.49
120.88
122.07
131.4
134.29
137.07
136.75
146.15
154.94
157.04
159.16
161.15
161.89
171.42
178.48
180.33
182.01
183.45
185.07
187.19
189.26
191.4
195.68
198.04
200.8
203.69
209.4
212
215.07
217.49
219.7
221.86
225.09
227.22
228.76
230.11
231.3
232.3
232.97
233.13
233
232.63
232.2
231.6
230.69
229.58
228.52
227.59
226.97
226.38
225.83
225.27
224.77
224.38
224.12
223.85
223.53
223.24
222.96
222.69
222.48
222.2
221.76
221.04
220.05
218.68
216.99
214.93
212.34
209.38
206.16
202.71
198.89
194.72
190.58
186.18
181.53
176.61
171.37
165.88
160.15
154.36
148.59
142.88
137.31
132.1
127.22
122.62
118.34
114.4
110.66
107.12
103.91
101.03
98.11
95.56
93.41
91.61
90.17
89.03
88.14
87.41
86.81
86.31
85.9
85.46
84.94
84.38
83.82
83.17
82.46
81.72
80.92
80.02
78.99
77.81
74.14
72.6
69.99
65.65
63.4
61.31
59.11
56.92
52.94
50.79
48.67
46.58
44.51
40.81
38.99
35.51
32.09
30.07
27.4
25.67
26.38
24.95
24.51
25.78
24.94
23.97
23.15
22.38
23.48
22.86
22.33
21.85
21.36
22.56
20.81
20.81
20.81
20.61
21.12
20.78
20.4
20
19.61
19.22
18.9
18.54
18.15
17.75
16.98
15.74
14.46
13.18
11.93
10.72
10.72
11.07
11.34
10.24
9.18
8.14
7.15
6.2
5.32
4.44
3.87
3.31
2.73
2.14
1.88
2.02
2.12
2.2
2.25
2.27
2.27
1.93
1.65
1.65
1.65
1.65
1.65
1.65
1.63
1.63
1.31
1.03
0.78
0.57
0.39
0.25
0.15
0.07
0.02
0
0
0
0
0
0
0
0
0
0
0
0
0
0
0
0
0
0
0
0
0
0
0
0
0
0
0
0
0
0
0
0
0
0
0
0
0
0
0
0
0
0
0
0
0
0
0
0
0
0
0
0
0
0
0
0
0
0
0
0
0
0
0
0
0
0
0.05
0.17
0.34
0.58
0.89
1.25
1.68
2.19
2.76
3.19
3.72
4.34
4.34
5.13
5.99
6.91
7.49
7.49
8.16
9.25
10.28
11.28
12.27
13.23
14.16
15.11
14.67
14.76
15
14.57
14.04
14.59
14.59
15.36
15.69
16.13
15.68
17.18
18.29
17.2
16.12
16.59
17.5
18.49
19.51
20.56
23.01
24.97
26.67
29.23
31.65
33.01
35.65
36.83
38.52
40.17
43.17
45.05
46.73
50.35
54.19
56.63
58.8
61
63.24
65.58
67.53
69.39
71.59
73.63
76.45
79.4
82.4
85.53
88.77
92.18
89.04
91.86
95.13
98.36
101.51
104.56
107.31
109.95
112.57
114.88
117.46
120.25
122.81
125.53
127.66
129.73
131.83
133.75
133.51
134.89
142.95
145.12
147.06
149.15
151.3
153.53
156.1
158.91
160.01
163.46
167.21
170.85
174.59
178.25
170.87
173.5
176.47
179.19
181.03
183.85
186.43
188.72
182.49
174.98
175.26
173.52
163.95
154.12
156.34
156.35
153.06
152.59
151.96
151.57
162.33
162.98
163.23
164
167.68
168.53
169.42
170.3
179.52
189.79
192.2
196.5
208.41
220.1
221.37
222.63
226.89
228.24
229.63
230.77
231.63
232.43
232.97
232.91
232.66
232.25
231.63
230.84
229.71
228.35
226.75
225.02
223.03
221.27
219.35
217.32
215.22
212.95
210.35
207.6
204.7
201.43
198.03
194.74
191.26
187.61
183.8
179.89
175.93
171.79
161.56
157.48
153.31
148.87
144.25
137.16
132.13
126.97
121.82
116.66
111.63
106.91
102.36
97.88
93.31
89.24
85.54
79.53
76.16
72.05
72.07
66.03
62.19
59.3
56.58
56.36
54.03
51.87
49.9
46.97
44.98
41.35
39.24
37.18
35.26
32.88
30.25
30.36
27.95
26.51
27.08
27.58
26.07
23.77
21.52
19.26
17.05
14.92
12.88
11.99
10.29
10.29
8.87
7.46
6.28
5.31
4.55
3.62
2.83
2.15
1.57
1.07
0.66
0.37
0.17
0.05
0
0
0
0
0
0
0
0
0
0
0
0
0
0
0
0
0
0
0
0
0
0
0
0
0
0
0
0
0
0
0
0
0
0
0
0
0
0
0
0
0
0
0
0
0
0
0
0
0
0
0
0
0
0
0
0
0
0
0
0
0
0
0
0
0
0
0
0
0
0
0
0
0
0
0
0
0
0
0
0
0
0
0
0
0
0
0
0
0
0
0
0
0
0
0
0
0
0
0
0
0
0
0
0
0
0
0
0
0
0
0
0
0
0.08
0.24
0.48
0.78
1.16
1.64
2.2
2.83
3.53
3.53
4.02
4.59
5.23
5.95
6.78
6.78
6.78
6.78
7.88
9.03
10.09
10.47
11.38
12.24
12.65
12.17
12.56
12.9
12.21
13.1
13.94
14.58
15.23
14.5
13.68
13.68
15.06
16.19
16.51
16.83
17.22
18.28
18.83
19.46
20.57
22.52
23.62
24.52
26.67
27.96
28.83
29.85
30.83
33.14
33.14
35.62
34.24
34.24
34.31
35.28
35.55
33.96
35.32
33.52
34.55
32.6
33.19
34.26
35.19
36.16
37.15
37.11
38.06
37.31
39.92
40.64
44.51
47.57
50.48
52.66
55.77
61.07
63.65
69.65
73.17
79.12
82.72
86.04
89.28
92.61
96.19
101.07
105.13
111.13
115.43
120.39
124.75
128.72
132.38
135.78
138.97
141.76
144.16
146.23
147.73
146.8
140.56
142.45
144.54
146.65
148.47
150.07
151.61
152.86
154.74
155.41
155.97
156.79
157.7
158.6
159.5
160.67
161.82
162.8
164.33
165.87
175.4
176.92
177.25
178.48
180.02
181.36
182.47
183.59
182.4
183.45
184.56
185.48
186.7
188.13
189.54
190.61
191.52
190.13
190.96
194.89
196
197.08
193.2
194.14
194.69
195.51
196.48
197.53
201.09
202.33
203.68
205.13
206.19
206.96
207.68
208.43
209.56
213.18
213.8
214.64
215.24
215.27
220.97
220.64
220.19
218.7
217.71
215.56
214.13
212.76
205.61
203.61
201.52
190.9
179.76
176.71
173.62
170.75
167.46
163.56
159.64
156.25
153.01
147.94
145.02
143
140.05
137.79
134.31
130.46
131.99
128.07
124.1
128.5
133.16
130.24
126.87
122.89
119.39
115.83
111.97
107.81
103.69
101.17
95.86
90.31
85.18
80.63
76.28
72.13
68.12
64.24
60.47
56.95
52.9
49.2
45.84
42.79
39.91
37.23
34.88
32.42
29.21
27.25
26.04
24.46
23.23
22
20.8
19.63
18.48
17.34
16.26
15.13
14.7
13.39
12.04
10.67
9.4
8.22
7.11
6.33
6.33
5.45
4.66
4.48
3.88
3.08
2.39
1.81
1.33
0.95
0.61
0.34
0.15
0.05
0
0
0
0
0
0
0
0
0
0
0
0
0
0
0
0
0
0
0
0
0
0
0
0
0
0
0
0
0
0
0
0
0
0
0
0
0
0
0
0
0
0
0
0
0
0
0
0
0
0
0
0
0
0
0
0
0
0
0
0
0
0
0
0
0
0
0
0
0
0
0
0
0
0
0
0
0
0
0
0
0
0
0
0
0
0
0
0
0
0
0
0
0
0
0
0
0
0
0
0
0
0
0
0
0
0
0
0
0
0
0
0
0
0
0
0
0
0
0
0
0
0.05
0.16
0.3
0.5
0.74
1.06
1.44
1.88
2.39
2.6
2.86
3.22
3.42
3.42
4.04
4.82
5.77
6.91
6.91
8.05
9.48
10.16
10.01
9.82
10.84
12.31
11.93
11.49
10.98
12.46
14.29
16.14
18.24
20.52
22.17
23.6
24.83
24.38
26.24
27.29
27.99
29.47
31.7
33.91
34.9
35.44
37.94
40.36
40.36
38.67
39.73
39.42
40.26
41.7
43.33
45.24
47.38
50.85
53.47
55.01
55.88
58.89
61.25
64.86
68.67
72.61
76.6
80.96
88.06
95.27
99.57
101.03
105.44
109.57
113.66
117.55
121.3
125.18
128.83
133.3
138.55
141.52
145.15
139.33
141.73
135.47
129.88
131.53
133.34
135.22
136.75
142.4
144.09
145.72
147.48
149.55
151.92
154.67
157.55
159.37
162.53
166.03
169.74
181.85
185.77
198.37
210.09
214.25
217.9
221.35
225.24
229.26
233.16
236.77
240.12
243.16
245.91
244.7
246.61
249.42
250.68
251.58
252.15
252.53
252.5
252.12
251.79
250.46
249.18
248.96
248.39
246.26
245.2
243.69
242.35
240.82
239.04
240.68
239.14
237.73
236.45
235.24
234.13
232.95
231.82
230.73
229.44
228.95
228.26
226.34
224.18
223.41
221.48
220.02
218.29
216.53
214.78
212.86
210.36
207.46
204.13
200.44
196.38
192.1
187.69
183.09
178.83
174.51
170.07
165.57
155.43
145.28
140.16
135.84
130.2
124.63
119.09
113.89
109.12
104.73
100.69
96.96
93.64
90.47
87.35
84.3
80.92
77.55
74.37
71.24
71.24
72.07
69.13
65.2
62.45
59.58
57.29
54.78
52.01
49
45.83
42.55
39.07
35.59
32.16
28.78
25.45
22.35
19.38
16.61
16.61
15.78
13.71
11.84
10.19
8.8
6.98
5.39
4.04
2.93
2.03
1.3
0.77
0.38
0.12
0
0
0
0
0
0
0
0
0
0
0
0
0
0
0
0
0
0
0
0
0
0
0
0
0
0
0
0
0
0
0
0
0
0
0
0
0
0
0
0
0
0
0
0
0
0
0
0
0
0
0
0
0
0
0
0
0
0
0
0
0
0
0
0
0
0
0
0
0
0
0
0
0
0
0
0
0
0
0
0
0
0
0
0
0
0
0
0
0
0
0
0
0
0
0
0
0
0
0
0
0
0
0
0
0
0
0
0
0
0
0
0
0
0
0
0
0
0
0
0
0
0
0
0
0
0
0
0
0
0
0
0
0
0
0
0
0
0
0
0
0
0
0
0
0
0
0
0
0
0
0
0
0
0
0.08
0.26
0.53
0.9
1.37
1.95
2.63
3.47
4.47
5.23
6.19
7.34
8.67
10.25
11.8
13.53
15.46
17.69
19.74
22.07
24.45
26.98
27.15
26.79
29.41
28.83
29.9
32.29
35.55
39.07
42.61
46.09
49.47
52.67
56
59.2
62.31
65.13
68.36
71.38
74.44
77.23
82.4
88.15
90.91
96.8
101.13
104.29
106.78
109.5
112.14
114.73
117.4
120.07
120.81
123.67
126.59
129.34
131.96
134.77
137.07
136.83
134.61
131.8
131.43
134.25
128.16
129.02
131.36
133.58
135.87
138.4
141.14
144.38
149.99
153.65
157.56
162.1
166.83
171.38
176.56
184.45
194.45
205.16
213.41
218.4
232.08
238.43
242.91
247.31
251.56
255.43
258.8
261.43
263.36
265.01
266.14
266.69
266.85
266.91
266.67
266.31
265.62
264.55
263.33
262.21
261.18
259.99
258.65
257.13
255.53
254.01
252.54
251.16
249.76
248.14
246.31
244.37
242.38
240.31
238.2
235.94
233.69
231.44
228.37
223.63
211.85
208.93
205.96
202.95
199.82
196.31
192.58
188.64
184.69
180.67
176.89
173.1
169.3
165.25
161.25
157.03
152.64
148.06
139.5
137.09
141.44
137.05
132.7
128.2
123.52
119.04
114.69
110.45
106.2
102.28
98.31
94.43
90.66
84.01
79.61
76.31
73.17
70.28
70.24
64.81
59.99
57.11
54.9
52.18
49.69
46.56
45.44
44.89
43.96
43.42
43.04
42.78
42.61
45.63
46.37
46.32
46.41
46.52
48.57
51.43
53.78
54.15
53.82
54.08
54.28
55.05
53.63
51.07
48.46
46.36
44.85
43.16
41.31
39.3
37.16
34.86
32.35
29.69
26.99
24.21
21.46
18.88
16.52
14.35
12.39
10.64
9.24
8.58
8.57
7.67
6.14
4.79
3.61
2.6
1.75
1.08
0.59
0.27
0.09
0
0
0
0
0
0
0
0
0
0
0
0
0
0
0
0
0
0
0
0
0
0
0
0
0
0
0
0
0
0
0
0
0
0
0
0
0
0
0
0
0
0
0
0
0
0
0
0
0
0
0
0
0
0
0
0
0
0
0
0
0
0
0
0
0
0
0
0
0
0
0
0
0
0
0
0
0
0
0
0
0
0
0
0
0
0
0
0
0
0
0
0
0
0
0.04
0.11
0.24
0.41
0.63
0.93
1.33
1.84
2.47
2.47
2.47
2.47
2.47
2.78
3.57
4.7
15.64
16.88
18.21
19.61
21
20.93
22.32
23.71
24.98
24.68
24.28
23.77
23.14
23.61
24.07
24.86
26.22
27.46
28.49
28.8
19.42
20.18
21.29
24.85
25.81
28.37
29.27
29.99
31.42
34.5
37.75
41.19
44.78
47.96
51.24
54.29
56.05
58.4
60.53
63.1
65.45
67.21
68.31
67.31
69.03
70.62
72.36
74.71
76.53
77.76
76.6
74.51
75.82
77.17
78.49
79.05
77.71
77.12
78.49
79.88
81.4
83.24
85.25
86.64
88.58
90.31
91.96
87.32
85.37
81.06
84.16
89.15
90.87
92.72
93.71
96.39
101.61
105.52
107.76
110.28
113.26
116.37
119.78
123.61
127.05
121.18
125.57
136.44
144.89
156.42
162.94
168.38
173.55
178.36
184.05
188.91
191.55
186.37
191.43
196.13
199.9
202.64
205.13
207.9
210
221.18
221.37
221.16
218.79
217.88
217.29
216.8
216.29
216.1
215.82
215.39
217.22
226.5
224.82
223.43
222.46
222.15
221.89
221.18
220.86
220.9
221.74
222.13
224.2
223.93
223.36
222.39
221.12
219.56
217.91
216.14
214.27
212.42
210.85
208.86
206.96
205.16
203.34
201.43
199.43
197.43
195.23
192.99
190.62
188.62
186.22
183.91
181.9
179.78
177.55
175.53
173.35
171.05
168.6
166.11
163.19
159.93
156.37
152.63
148.7
144.68
140.83
137.19
133.7
130.37
127.23
124.2
121.18
118.32
115.65
112.87
110.35
108.03
105.95
104.02
102.42
101.1
100.04
99.2
98.55
98.01
97.4
96.63
95.8
94.9
93.83
92.62
91.28
89.84
88.25
86.5
84.65
82.73
80.76
78.77
76.8
73.98
71.34
68.29
63.58
60.85
56.3
54.18
51.68
47.55
45.79
42.02
40.06
36.56
35.49
34.65
33.97
33.48
32.76
32.28
31.6
31.65
31.43
31.53
33.23
32.83
34.23
33.19
32.54
33.94
33.05
34.21
33.55
34.43
32.86
31.04
29.03
26.78
24.72
22.38
20.23
18.24
16.35
14.57
12.87
11.32
9.92
8.69
7.6
6.2
4.91
3.75
2.74
1.86
1.17
0.65
0.29
0.08
0
0
0
0
0
0
0
0
0
0
0
0
0
0
0
0
0
0
0
0
0
0
0
0
0
0
0
0
0
0
0
0
0
0
0
0
0
0
0
0
0
0
0
0
0
0
0
0
0
0
0
0
0
0
0
0
0
0
0
0
0
0
0
0
0
0
0
0
0
0
0
0
0
0
0
0
0
0
0
0
0
0
0
0
0
0
0
0
0
0
0
0
0
0
0
0
0
0
0
0
0
0
0
0
0
0
0
0
0
0
0
0
0
0
0
0
0
0
0
0
0
0
0
0
0
0
0
0
0
0
0
0
0.06
0.22
0.46
0.77
1.17
1.65
2.24
2.93
3.71
4.28
4.97
5.74
6.51
7.44
8.52
9.76
11.18
12.78
14.54
16.47
18.1
20.43
22.89
25.51
28.26
31.17
34.27
37.53
40.91
44.33
47.81
51.39
55.13
59.03
63.12
67.38
71.79
75.36
80.07
84.89
83.19
87.76
92.27
96.79
101.34
105.78
109.97
113.94
117.88
122.09
126.24
130.4
134.56
138.45
141.92
144.86
147.33
149.98
151.76
153.37
161.54
161.87
161.42
161.85
157.87
158.46
159.29
160.37
160.67
161.4
162.24
163.07
164.01
165.2
166.87
169.16
171.52
165.35
163.43
164.08
165.3
169.16
173.5
176.63
183.83
181.86
177.11
178.65
181.86
184.76
187.59
190.44
192.88
194.89
196.31
197.24
198.52
207.93
210.81
213.59
216.27
217.1
212.21
213.53
214.95
220.83
229.07
230.66
230.67
230.1
229.07
227.61
226.16
224.6
223.16
221.77
220.13
209.07
199.85
188.07
186.32
174.26
175.09
172.99
170.97
168.63
166.4
164.03
162.45
161.39
160.59
159.9
159.15
158.73
158.14
157.34
156.1
164.76
173.08
181.07
178.45
185.86
185.97
182.63
178.88
175.48
171.86
168.16
163.97
159.43
154.69
149.87
145.09
140.1
135.2
130.39
125.97
121.94
118.23
114.79
111.59
108.63
105.83
102.73
99.36
96.95
94.81
92.92
91.14
89.55
88.2
87.05
86.04
85.17
84.45
83.92
83.43
82.93
82.38
81.81
81.25
80.75
80.34
80.51
81.26
80.99
80.66
80.29
80.04
79.8
79.43
78.95
78.39
77.73
76.93
75.98
74.93
73.69
72.38
70.99
69.48
67.74
65.79
63.65
61.27
58.74
56.53
54.2
51.63
48.91
46.14
43.32
40.43
37.48
34.5
31.48
28.37
25.48
22.73
20.13
17.7
15.48
13.48
11.68
10.1
8.71
7.06
5.59
4.31
3.23
2.3
1.53
0.92
0.46
0.15
0
0
0
0
0
0
0
0
0
0
0
0
0
0
0
0
0
0
0
0
0
0
0
0
0
0
0
0
0
0
0
0
0
0
0
0
0
0
0
0
0
0
0
0
0
0
0
0
0
0
0
0
0
0
0
0
0
0
0
0
0
0
0
0
0
0
0
0
0
0
0
0
0
0
0
0
0
0
0
0
0
0
0
0
0
0
0
0
0
0
0
0
0
0
0
0
0
0
0
0
0
0
0
0
0
0
0.02
0.09
0.22
0.37
0.57
0.81
1.1
1.45
1.85
1.85
2
2.23
2.23
2.63
3.1
3.62
4.2
4.83
5.52
6.29
7.12
7.9
8.64
9.37
9.18
9.94
10.75
11.58
12.39
13.66
14.9
16.16
17.56
18.61
19.74
21.02
22.42
23.17
24.76
26.34
28.2
30.37
32.76
35.29
38.79
41.35
43.94
46.29
45.07
47.86
49.11
52.06
54.71
57.92
60.33
58.53
56.55
59.41
61.82
64.19
66.01
67.42
68.6
68.38
68.57
70.02
71.55
73.62
79.05
74.99
78.5
76.58
76.95
78.5
80.98
87.75
94.84
94.11
96.94
99.99
102.46
105.24
109.17
114.52
119.34
122.76
125.85
128.14
130.43
137.94
139.13
143.97
139.56
139.49
140.39
140.48
133.39
135.3
135.22
134.99
135.1
135.5
133.7
133.49
133.06
133.68
134.76
136.8
139.27
142.32
145.88
149.68
155.61
161.18
165.58
170.67
182.8
189.54
194.28
198.79
203.53
207.51
212.46
215.6
219.02
221.29
223.11
224.11
224.71
224.84
222.75
222.13
226.7
225.51
224.51
223.57
222.48
221.46
220.47
219.67
219.27
219.31
219.46
219.5
219.45
219.6
219.94
220.65
221.45
222.24
224.82
225.87
227
227.93
228.47
228.65
228.68
228.46
228.02
227.24
226.01
223.67
214.22
212.18
209.92
207.25
204.12
200.64
196.93
193.1
189.11
184.45
179.31
174.41
169.33
164.09
158.68
153.13
147.53
142.06
136.79
132.38
134.96
130.19
125.74
121.63
117.86
114.31
110.96
107.75
104.67
102.07
99.92
97.59
95.41
93.35
91.44
89.65
87.89
86.1
84.22
82.27
80.25
78.14
75.87
73.8
70.92
68.53
66.33
64.18
62.07
59.89
57.61
55.34
53.22
51.25
49.47
47.94
46.64
45.49
44.47
43.57
42.76
42.11
41.59
40.94
41.09
40.77
40.31
39.84
39.37
38.13
37.71
37.32
36.85
36.32
35.66
34.84
33.91
32.93
31.91
30.9
29.88
28.83
27.76
26.63
25.46
24.29
23.1
21.88
20.13
19.22
18.12
17.04
15.55
14.15
12.84
11.62
10.47
9.66
8.62
7.62
6.73
6.01
5.14
4.31
3.77
3.26
2.77
2.33
2.47
2.57
2.14
1.71
1.75
1.76
1.76
1.76
1.76
1.47
1.47
1.47
1.41
1.22
1.22
1.22
0.99
0.78
0.6
0.44
0.3
0.2
0.11
0.06
0.02
0
0
0
0
0
0
0
0
0
0
0
0
0
0
0
0
0
0
0
0
0
0
0
0
0
0
0
0
0
0
0
0
0
0
0
0
0
0
0
0
0
0
0
0
0
0
0
0
0
0
0
0
0
0
0
0
0
0
0
0
0
0
0
0
0
0
0
0
0
0
0
0
0
0
0
0
0
0
0
0
0
0
0
0
0
0.08
0.27
0.55
0.9
1.31
1.79
2.32
2.92
3.61
3.61
3.99
4.47
4.47
4.47
5.31
6.12
6.12
7.45
8.69
8.69
9.63
9.44
9.16
10.86
12.7
14.67
16.82
19.02
21.36
24.56
27.52
30.14
33.46
36.93
36.15
38.91
42.66
45.32
48.27
52.69
51.67
51.67
53.96
53.17
52.97
55
57.59
60.21
62.74
64.85
67.34
70.24
73.08
75.85
82.17
85.2
88.19
91.11
93.32
88.91
96.04
103.72
109.18
115.84
121.64
124.93
127.49
129.49
131.67
134.14
136.27
138.36
132.19
132.61
133.31
135.52
137.67
136.2
137.71
147.03
149.28
151.18
153.35
155.66
158.39
159.99
162.73
166.1
169.44
172.98
176.51
179.86
191.31
196.16
200.55
199.73
192.79
199.05
202.68
204.56
206.18
207.4
208.03
208.16
207.92
209.1
209.31
209.43
209.24
208.73
207.33
206.67
205.97
205.18
204.49
207.25
215.89
214.69
213.63
213.21
213.2
213.6
214.37
215.39
216.51
217.38
217.97
218.29
218.51
218.69
219.55
219.57
219.37
218.97
218.26
217.36
216.49
215.68
214.75
213.54
212.13
210.46
208.61
206.33
203.59
200.57
197.27
193.86
190.3
182.38
177.9
173.99
170.51
167.15
163.78
160.38
156.86
153.21
149.49
145.37
140.81
135.94
130.7
121.59
116.13
111.64
107.38
103.32
99.43
99.88
96.86
92.37
88.65
85.08
81.89
79
76.37
73.97
71.76
69.87
68.29
67.06
66.33
69.88
70.22
69.98
69.84
69.76
66.1
62.57
59.13
60.29
60.41
60.36
60.09
59.6
58.95
58.02
56.55
55.31
54.06
52.67
49.18
47.18
44.86
42.21
39.95
37.48
38.49
39.37
40.09
37.07
34.01
30.99
27.97
25.01
22.07
19.37
17.22
14.9
12.7
10.67
10.67
9.12
7.84
6.82
5.41
4.21
3.19
2.31
1.6
1.06
0.64
0.32
0.12
0
0
0
0
0
0
0
0
0
0
0
0
0
0
0
0
0
0
0
0
0
0
0
0
0
0
0
0
0
0
0
0
0
0
0
0
0
0
0
0
0
0
0
0
0
0
0
0
0
0
0
0
0
0
0
0
0
0
0
0
0
0
0
0
0
0
0
0
0
0
0
0
0
0
0
0
0
0
0
0
0
0
0
0
0
0
0
0
0
0
0
0
0
0
0
0
0
0
0
0
0
0
0
0
0
0
0
0
0
0
0
0
0
0
0
0
0
0
0
0
0
0
0
0
0
0
0
0
0
0.08
0.24
0.46
0.76
1.12
1.56
2.05
2.62
3.26
3.58
4
4.46
4.79
5.77
6.73
7.69
9.29
11.23
13.26
15.53
17.91
20.1
22.39
24.81
27.28
29.8
31.27
34.04
36.34
40.36
44.5
48.8
53.35
57.34
61.43
64.89
63.28
66.69
70.4
74.02
77.51
80.1
77.58
74.86
76.78
80.45
85.19
88.15
90.11
92.57
94.83
97.13
99.34
101.52
103.75
106.6
113.93
115.97
117.69
119.32
120.91
123.5
130.9
138.13
140.55
140.9
141.15
141.84
143.9
144.05
143.73
143.05
138.7
131.55
131.13
130.76
123.44
121.77
118.07
117.09
109.55
102.03
99.16
100
100.93
102.12
103.38
102.45
104.14
105.98
108.55
111.67
118.84
129.15
132.68
136.52
147.44
152.79
149.02
145.47
156.76
168.12
175.32
179.1
182.86
186.67
190.5
196.37
199.67
202.89
205.79
208.21
210.12
211.54
212.98
213.99
214.8
215.49
227.26
235.95
236.3
236.35
235.93
235.38
235.1
234.63
234.08
233.58
233.13
232.59
229.08
227.31
226.81
226.27
225.47
224.6
223.6
222.44
221.15
219.91
218.61
217.69
216.89
216.13
215.04
213.97
212.95
211.94
210.6
208.89
209.42
206.9
203.1
200.1
196.95
193.64
190.17
186.83
183.25
179.38
169.03
164.52
157.52
147.75
141.96
135.89
127.01
120.41
112.21
106.2
100.96
97.11
93.04
88.62
84.5
80.66
77.04
73.43
70.1
67.06
70.49
67.86
67.63
70.18
68.72
67.56
69.19
68.55
69.75
69.11
68.48
67.82
67.49
66.87
66.24
65.59
64.48
62.32
58.75
58.19
57.69
57.25
56.8
56.34
55.9
55.44
54.93
54.28
53.5
52.93
52.28
51.54
50.63
49.59
48.45
47.31
46.67
47.07
48.92
47.79
46.06
43.17
40.31
38.98
36.18
33.43
32.24
31.12
30.01
28.62
27.23
25.78
24.29
22.18
20.2
18.77
17.85
16.84
15.69
14.45
13.72
14.09
14.38
13.09
13.22
13.28
11.76
10.35
9.08
7.92
6.86
5.92
5.19
5.19
5.19
4.68
3.7
2.84
2.14
1.54
1.06
0.69
0.4
0.19
0.05
0
0
0
0
0
0
0
0
0
0
0
0
0
0
0
0
0
0
0
0
0
0
0
0
0
0
0
0
0
0
0
0
0
0
0
0
0
0
0
0
0
0
0
0
0
0
0
0
0
0
0
0
0
0
0
0
0
0
0
0
0
0
0
0
0
0
0
0
0
0
0
0
0
0
0
0
0
0
0.04
0.12
0.24
0.4
0.6
0.86
1.2
1.58
2.02
2.34
2.75
2.75
3.04
3.04
3.04
3.04
3.04
3.85
4.74
5.73
6.71
6.63
7.2
8.18
8.36
9
9.55
10.29
11
10.68
11.02
11.95
12.89
14.14
15.44
16.39
16.39
17.02
17.57
18.06
18.57
20.2
21.17
21.7
22.94
23.77
24.75
25.28
24.14
25.91
27.25
28.2
29.23
30.25
31.27
32.78
35.32
36.39
34.94
35.56
35.86
36.86
36.48
34.81
33.34
34.5
33.38
34.04
36.92
38.38
39.63
41.11
42.15
41.61
42.57
43.39
44.49
45.96
50.31
52.42
53.01
55.25
59.13
64.31
66.91
64
67.38
70.36
67.48
64.24
60.91
64.08
65.63
71.15
75.43
79.94
84.21
88.09
91.44
94.84
99.29
96.61
93.41
96
101.17
109.12
112.9
115.47
123.43
131.55
139.79
141.67
145.47
147.02
148.21
149.18
150.06
151.09
152.41
153.95
155.56
159
166.16
166.29
167.35
168.1
167.95
169.14
170.67
171.82
172.56
169.97
168.4
170.34
172.45
174.67
176.98
179.32
181.6
183.83
186.51
192.1
194.37
198.09
200.73
203.6
207.38
209.75
211.57
212.84
208.77
214.07
218.14
218.71
219.21
219.58
219.72
219.76
219.74
219.73
220.13
220.53
220.63
220.48
220.23
219.97
219.7
219.41
219.19
219.83
226.01
225.9
225.67
225.18
224.51
223.75
222.99
222.1
221
219.69
217.99
216.11
214.24
212.09
209.85
207.51
204.99
202.29
199.3
195.93
192.3
188.39
183.6
179.27
174.76
170.07
165.16
160.12
155.06
150.33
145.59
140.76
135.93
131.32
126.72
122.11
117.57
113.14
108.83
104.66
100.81
97.3
94.67
91.64
88.86
86.34
84.11
82.11
80.25
78.19
76.3
74.59
72.96
71.33
69.78
68.36
67.11
66.03
65.11
64.33
63.52
62.64
61.81
61.03
60.27
59.54
58.78
58.04
57.26
56.38
55.36
54.19
52.94
51.65
50.31
48.89
47.32
45.61
43.95
42.36
40.7
38.98
37.12
35.13
33.01
30.74
28.38
25.88
23.44
21.07
18.86
16.82
14.91
13.14
11.48
9.97
8.6
7.39
6.16
4.9
3.77
2.78
1.95
1.27
0.74
0.37
0.13
0.04
0
0
0
0
0
0
0
0
0
0
0
0
0
0
0
0
0
0
0
0
0
0
0
0
0
0
0
0
0
0
0
0
0
0
0
0
0
0
0
0
0
0
0
0
0
0
0
0
0
0
0
0
0
0
0
0
0
0
0
0
0
0
0
0
0
0
0
0
0
0
0
0
0
0
0
0
0
0
0
0
0
0
0
0
0
0
0
0
0
0
0
0
0
0
0
0
0
0
0
0
0
0
0
0
0
0
0
0
0
0
0
0
0
0
0
0
0.06
0.17
0.34
0.57
0.83
1.2
1.69
2.35
3.18
3.78
4.54
5.44
6.51
7.74
8.45
9.7
11.24
12.99
15
17.3
19.75
22.38
25.17
27.29
27.02
28.02
29.15
30.55
33.54
35.13
34.38
33.48
36.84
40.27
44.41
48.16
51.78
55.6
59.57
63.64
67.87
72.16
76.48
81.34
88.6
94.78
100.92
106.94
111.51
118
126.97
136.22
139.9
144.86
149.82
154.79
159.85
164.64
169.12
173.29
177.1
180.64
184.07
187.81
184.89
188.75
192.81
196.81
200.7
203.43
206.45
209.99
214.81
218.28
221.81
225.44
228.85
231.95
234.58
236.74
238.84
240.79
242.5
243.98
251.85
252.63
252.91
240.95
240.77
235.98
236.02
235.17
234.18
225.28
223.52
221.08
218.38
215.82
213.85
212.4
207.71
206.4
205.14
203.81
194.3
190.3
181.91
192.72
191.35
195.21
187.45
185.98
184.49
190.53
189.48
189.2
189.28
189.39
188.96
188.23
190.78
190.11
189.05
188.37
195.89
195.74
201.93
200.72
199.47
198.15
202.78
200.82
198.57
196.32
193.4
189.75
186.02
182.07
178.41
174.7
170.88
166.84
163
158.65
154.29
151.91
147.5
143.2
139.08
134.93
130.53
126.8
122.59
119.63
117.08
114.97
112.83
110.87
108.88
107.05
105.32
103.7
102.27
100.98
99.77
98.7
97.76
96.43
95.51
91.88
90.94
90.47
90.71
89.7
88.47
86.98
85.33
83.58
81.81
79.95
78.02
76.21
74.28
72.31
70.37
68.37
66.32
64.56
62.32
62.94
61.31
58.78
56.24
53.76
51.34
48.98
46.66
44.32
41.94
38.79
35.77
33.5
31.34
29.2
27.02
24.85
22.68
20.57
18.54
16.61
14.73
12.94
11.27
9.73
8.32
7.04
5.89
4.87
3.99
3.99
3.99
3.2
2.46
1.8
1.26
0.83
0.53
0.3
0.14
0.05
0
0
0
0
0
0
0
0
0
0
0
0
0
0
0
0
0
0
0
0
0
0
0
0
0
0
0
0
0
0
0
0
0
0
0
0
0
0
0
0
0
0
0
0
0
0
0
0
0
0
0
0
0
0
0
0
0
0
0
0
0
0
0
0
0
0
0
0
0
0
0
0
0
0
0
0
0
0
0
0
0
0
0
0
0
0
0
0
0
0
0
0
0
0
0
0
0
0
0
0
0
0
0
0
0
0
0
0
0
0
0
0
0
0
0
0
0
0
0
0
0
0
0
0
0
0
0
0
0
0
0
0
0
0
0
0
0
0.12
0.35
0.68
1.11
1.66
2.3
3.03
3.86
4.82
4.82
5.59
6.44
7.14
7.14
7.53
7.53
7.53
8.03
9.27
10.64
11.85
12.88
13.01
14.46
15.9
17.05
18.04
18.68
18.38
18.38
17.61
18.78
20.25
22.5
23.44
23.97
26.68
28.1
29.31
31.37
33.68
35.67
38.64
40.39
42.28
41.1
43.26
46.2
48.42
53.38
58.59
61.97
65.31
68.62
72.86
78.08
81.46
85.84
89.64
92.67
95.5
98.85
102.05
104.95
107.55
113.55
116.36
111.93
115.9
117.41
117.93
119.28
120.79
115.23
112.72
106.97
108.37
102.07
98.93
92.47
94.1
95.86
97.76
100.2
103.08
105.73
108.39
117.85
120.83
124.57
129.49
133.58
137.37
148.13
155.99
167.13
170.57
181.44
189.15
200.06
202.92
205.57
207.94
209.71
211
212.6
214.15
215.51
216.33
216.42
215.84
215.05
214.31
213.5
212.4
210.96
209.63
208.21
206.9
205.46
203.89
202.35
199.24
188.49
187.12
184.31
180.32
179.01
177.96
177.37
177.11
177.02
176.86
176.99
177.3
177.77
178.55
179.57
180.5
181.36
181.96
182.32
184.34
194.29
194.91
195.62
198.29
198.25
197.91
188.18
182.84
181.23
179.48
177.33
174.85
172.1
168.99
165.65
162.2
158.68
155.49
152.33
148.77
144.71
140.51
137.2
132.85
128.32
124.31
129.41
129.87
125.76
121.22
117.49
113.9
110.35
106.71
102.99
99.14
95.3
91.29
86.39
82.45
79.03
75.67
72.38
69.57
66.98
64.04
61.18
58.39
56.21
54.56
52.29
50.04
47.89
45.84
44
42.4
40.93
39.31
38.84
37.86
36.7
35.62
33.45
31.17
29.93
28.72
26.6
24.57
22.52
21.32
20.38
19.49
18.62
17.82
16.99
16.13
15.22
14.56
13.8
13.23
12.64
12.03
12.58
12.91
12.18
11.42
11.52
11.56
11.63
10.85
9.87
8.95
8.11
7.31
6.57
5.91
5.31
4.77
4.28
3.5
2.79
2.15
1.6
1.14
0.75
0.45
0.23
0.07
0
0
0
0
0
0
0
0
0
0
0
0
0
0
0
0
0
0
0
0
0
0
0
0
0
0
0
0
0
0
0
0
0
0
0
0
0
0
0
0
0
0
0
0
0
0
0
0
0
0
0
0
0
0
0
0
0
0
0
0
0
0
0
0
0
0
0
0
0
0
0
0
0
0
0
0
0
0
0
0
0
0
0
0
0
0
0
0
0
0
0
0
0
0
0
0
0
0
0
0
0
0.04
0.12
0.24
0.42
0.64
0.92
1.24
1.6
2.02
2.19
2.19
2.53
2.95
3.07
3.66
4.31
4.31
4.34
5.26
6.26
7.25
8.26
9.25
10.27
10.13
10.94
12.07
13.3
14.58
16.16
17.99
17.66
18.89
20.8
21.89
23.51
25.94
28.47
30.24
32.1
34.07
36.14
38.34
40.59
44.18
46.98
49.24
50.45
52.36
51.48
53.19
53.19
52.25
55.1
58.7
60.25
63.9
67.65
71.56
74.68
72.55
69.4
72.38
74.15
78.36
82.35
86.69
91.92
96.58
104.35
108.1
108.1
116.3
116.32
115.41
117.56
119.87
122.55
124.91
127.94
136.01
143.44
146.23
150.07
151.24
152.63
152.38
144.34
146.19
147.74
150.39
160.27
158.69
162.11
167.85
172.11
174.11
175.79
177.69
179.63
181.71
185.46
187.99
190.85
194
197.16
201.86
214.4
216.79
219.11
221.95
224.97
230.58
235.26
238.22
241.11
243.76
246.02
248.02
249.85
251.59
253.05
254.01
254.71
255.07
255.18
255.21
255.12
255.07
255.02
254.68
254.23
253.83
253.35
252.76
251.96
251.19
250.37
249.05
247.86
246.71
245.53
244.29
242.8
241.18
239.33
237.12
234.59
231.63
228.32
224.63
220.59
216.13
211.3
206.14
200.83
195.61
190.24
185.22
179.95
174.44
168.81
163.06
157.31
151.53
145.82
140.38
135.25
130.46
126.02
121.92
118.12
114.59
111.41
108.61
106.11
103.59
101.3
99.1
97.01
95.04
93.25
91.69
90.25
88.92
87.73
86.6
85.55
84.52
81.95
80.94
80.07
79.34
78.71
78.08
77.46
76.86
76.32
75.94
75.7
75.6
75.54
75.43
75.3
75.17
74.99
71.26
68.2
67.84
68.93
68.39
67.57
66.48
65.09
63.52
61.76
59.74
57.56
55.19
52.62
49.83
46.88
43.93
40.96
37.95
35.31
36.15
36.16
33.38
30.61
27.84
25.21
22.67
20.32
18.08
15.94
14.04
12.31
10.73
9.32
8.09
7.04
6.08
5.25
4.54
3.57
2.73
2.05
1.49
1.03
0.68
0.4
0.21
0.07
0
0
0
0
0
0
0
0
0
0
0
0
0
0
0
0
0
0
0
0
0
0
0
0
0
0
0
0
0
0
0
0
0
0
0
0
0
0
0
0
0
0
0
0
0
0
0
0
0
0
0
0
0
0
0
0
0
0
0
0
0
0
0
0
0
0
0
0
0
0
0
0
0
0
0
0
0
0
0
0
0
0
0
0
0
0
0.07
0.21
0.4
0.65
0.94
1.29
1.69
2.15
2.65
3
3.4
3.85
4.33
4.86
5.46
6.12
6.88
7.77
8.72
9.73
10.67
10.53
10.34
11.05
11.47
12.13
22.83
23.08
22.57
22.22
21.82
21.38
22.27
22.88
22.28
23.09
35.96
35.08
34.75
35.09
34.6
34.6
35.66
36.3
37.61
38.69
29.69
31.07
33.15
35.23
37.36
38.84
39.81
41.04
43.45
43.98
30.34
30.98
30.36
30.11
32.07
34.05
35.52
33.91
34.5
35.08
35.74
36.49
36.31
37.11
36.18
37.32
37.91
38.56
39.28
40.41
43.5
45.67
48.57
47.48
45
43.01
43.82
47.11
47.29
44.76
45.41
46.08
47.92
45.04
48.19
45.83
47.66
49.56
51.47
52.99
54.52
56.89
59.35
64.97
70.89
77.09
79.86
83.31
86.89
92.18
96.01
99.72
103.08
110.12
112.82
119.66
122.04
121.94
119.31
122.35
122.81
125.13
119.76
121.57
122.9
123.94
125.13
125.84
127.09
121.66
114.41
114
113.8
113.3
110.36
112.59
114.87
119.59
126.7
128.46
133.15
135.64
145.75
148.59
151.89
155.19
158.49
160.37
162.92
173.03
183.14
186.45
189.68
193.29
199.27
199.97
200.66
191.15
191.36
192.1
192.53
192.7
192.85
191.07
190.86
190.66
190.36
191.49
192.26
193.18
194.08
195
195.87
196.62
197.27
197.93
198.52
209.12
209.99
210.37
210.72
211.1
211.38
213.17
212.89
212.65
212.47
211.98
210.84
209.43
207.86
206.09
204.17
202.18
200.46
198.61
196.48
194.38
192.19
189.85
187.4
184.66
181.66
178.84
176.16
173.21
169.97
166.59
163.13
159.53
155.8
152.01
148.11
144.09
139.73
135.31
130.94
126.41
122.35
118.23
114.16
110.3
106.62
102.89
99.13
95.48
91.95
88.56
85.31
82.31
79.56
77
74.61
72.31
70.1
67.96
65.86
63.78
61.17
58.64
55.96
53.31
50.75
48.14
45.51
42.84
40.21
37.6
34.98
32.31
29.52
26.7
23.92
21.31
18.87
16.59
14.48
12.56
10.82
9.24
7.9
6.6
5.31
4.18
3.2
2.38
1.66
1.07
0.61
0.27
0.08
0
0
0
0
0
0
0
0
0
0
0
0
0
0
0
0
0
0
0
0
0
0
0
0
0
0
0
0
0
0
0
0
0
0
0
0
0
0
0
0
0
0
0
0
0
0
0
0
0
0
0
0
0
0
0
0
0
0
0
0
0
0
0
0
0
0
0
0
0
0
0
0
0
0
0
0
0
0
0
0
0
0
0
0
0
0
0
0
0
0
0
0
0
0
0
0
0
0
0
0
0
0
0
0
0
0
0
0
0
0
0
0
0
0
0
0
0
0
0
0
0
0
0
0
0
0.01
0.05
0.1
0.17
0.27
0.39
0.53
0.69
0.87
0.92
1.06
1.29
1.63
2.11
2.73
3.48
4.34
5.36
6.18
7.17
7.16
7.13
8.27
9.85
11.52
11.4
12.71
14.1
16.06
18.25
20.41
22.47
24.43
26.25
27.9
29.41
29.11
30.4
31.85
33.1
33.93
35.99
34.79
35.41
36.45
38.53
40.05
41.98
39.84
41.35
42.96
44.1
45.39
46.87
48.57
50.53
54.47
56.9
59.67
62.74
67.29
70.69
76.15
79.41
82.15
85.84
88.85
91.45
91.45
87.7
83.8
84.95
82.34
84.21
87.28
83.06
85.43
88.28
91.04
93.73
96.55
94.2
97.55
101.11
104.86
108.46
111.92
115.46
125.43
135.63
145.99
151.91
161.53
166.68
170.51
181.59
185.9
189.57
193.05
196.29
199.28
207.24
209.41
211.01
212.3
212.93
213.65
214.99
214.88
212.47
212.8
205
194.81
194.93
195.15
195.21
195.32
195.37
195.49
195.75
196.26
197.08
198.06
199.56
201.1
203.13
204.88
205.81
207.89
210.42
211.79
221.2
232.45
230.45
230.85
231.11
231.16
231.1
230.87
230.39
229.58
228.45
227.12
225.14
222.62
220.89
219.57
218.13
216.44
216.35
214.53
212.63
211.08
212.19
210.92
209.56
208.05
206.31
204.3
200.38
193.15
190.76
188.25
185.86
183.71
180.55
176.76
173.52
170.2
166.48
162.24
157.09
152.12
146.4
140.78
135.21
129.78
124.55
119.74
116.97
117.62
113.45
108.93
105.16
101.64
98.37
95.31
91.75
88.42
85.5
83.01
81.43
76.28
75.45
74.24
73.1
71.68
70.59
69.38
68.08
66.77
65.57
64.95
63.88
62.93
62.07
61.33
60.73
60.07
59.45
58.84
58.14
60.74
59.67
58.51
57.23
56.12
54.55
52.86
51.08
48.38
46.9
45.29
43.53
41.58
39.46
37.13
34.62
32.06
29.34
26.52
23.73
21.13
18.72
16.48
14.44
12.6
10.96
9.52
8.25
7.95
6.44
5.07
3.86
2.81
1.93
1.24
0.72
0.32
0.09
0
0
0
0
0
0
0
0
0
0
0
0
0
0
0
0
0
0
0
0
0
0
0
0
0
0
0
0
0
0
0
0
0
0
0
0
0
0
0
0
0
0
0
0
0
0
0
0
0
0
0
0
0
0
0
0
0
0
0
0
0
0
0
0
0
0
0
0
0
0
0
0
0
0
0
0
0
0
0
0
0
0
0
0
0
0
0
0
0
0
0
0
0
0
0
0
0
0
0
0
0
0
0
0
0
0
0
0
0
0
0
0
0
0
0
0
0
0
0
0
0
0
0
0
0.07
0.2
0.38
0.6
0.88
1.23
1.62
2.07
2.62
2.94
3.34
3.82
4.39
5.04
5.04
5.84
6.72
7.55
8.48
9.49
10.48
11.49
12.51
13.6
14.67
15.75
16.91
18.15
19.45
21
22.61
24.31
26.08
25.43
25.43
24.64
23.76
25.24
25.55
26.88
28.85
30.93
33.09
33.07
34.81
37.21
40.04
42.94
45.97
48.88
51.87
54.92
58.02
63.88
70.14
76.75
83.66
88.52
94.62
99.73
104.16
108.45
112.77
119.2
123.85
127.87
131.57
135.01
135.55
138.84
141.74
143.97
145.3
139.44
133.8
135.17
136.2
137.03
137.67
135.01
127.56
128.61
129.85
131.36
133.04
134.73
133.86
126.32
123.81
125.12
127.3
130.15
133.92
144.49
154.52
157.18
160.01
162.58
165.3
171.45
182.48
184.98
187
188.52
189.93
191.2
183.99
193.58
198.26
199.52
200.27
200.8
201.01
201.26
201.36
201.47
201.65
202.34
203.01
203.51
203.85
204.08
204.46
205.05
205.59
206.15
217.32
218.54
222.37
223.13
223.69
224.21
224.83
225.47
226.3
215.54
216.15
216.3
216.15
215.82
215.47
215.04
214.5
213.76
212.83
211.6
210.7
209.48
207.89
206.16
204.34
202.3
199.88
197.04
193.6
201.33
197.12
185.71
181.24
176.63
171.83
166.88
161.73
156.88
152.02
147.24
142.12
136.89
131.79
126.46
120.93
115.36
110.01
104.81
100.02
95.62
91.54
94.77
91.22
87.96
85.02
82.35
76.72
70.95
67.93
62.6
60.53
59.11
58.1
57.26
56.73
56.44
56.29
56.36
56.45
56.42
56.43
56.34
56.13
55.77
52.52
51.88
54.4
56.86
54.89
56.36
55.17
53.29
50.2
48.52
46.87
45.21
43.43
41.51
39.51
37.58
35.59
33.65
31.75
29.89
30.82
29.01
27.67
26.24
26.56
25.8
24.49
23.4
23.17
21.61
19.94
18.2
16.51
14.95
13.51
12.14
10.86
9.66
8.54
7.52
6.59
5.77
4.59
3.56
2.68
1.95
1.36
0.88
0.5
0.23
0.06
0
0
0
0
0
0
0
0
0
0
0
0
0
0
0
0
0
0
0
0
0
0
0
0
0
0
0
0
0
0
0
0
0
0
0
0
0
0
0
0
0
0
0
0
0
0
0
0
0
0
0
0
0
0
0
0
0
0
0
0
0
0
0
0
0
0
0
0
0
0
0
0
0
0
0
0
0
0
0
0
0
0
0
0
0
0
0
0
0
0
0
0
0
0
0
0
0
0
0
0
0
0
0
0
0
0
0
0
0
0
0
0
0
0.08
0.28
0.55
0.92
1.34
1.85
2.49
3.21
4.07
4.07
4.07
4.76
4.76
4.76
5.82
6.74
6.74
7.9
9.19
9.26
10.02
10.86
10.58
10.21
11.3
12.51
13.87
13.16
14.14
15.82
17.18
17.19
18.53
20.63
21.76
23.12
25.47
26.77
28.06
29.7
30.84
32.46
35.37
38.57
40.63
42.59
44.43
45.89
47.4
50.04
48.68
51.36
52.01
49.9
48.77
48.78
51.24
53.35
50.77
54.12
56.69
58.81
55.9
57.26
58.48
60.23
59.8
59.2
61.82
62.65
66.62
63.24
64.94
71.5
73.09
70.8
72.15
74.78
81.89
80.49
75.94
77.75
85.74
89.36
92.83
94.69
99.89
99.03
97.16
97.89
99.75
108.46
113.21
114.88
120.43
128.79
131.21
132.79
134.74
138.64
147.74
147.42
139.43
140.44
141.55
143.78
144.77
154.6
160.39
164.51
167
168.53
170.61
173.06
175.75
178.27
180.54
182.59
184.35
187.67
189.51
194.17
205.08
206.77
208.3
209.67
211.04
212.2
213.31
214.33
216.07
216.9
217.55
218.09
218.39
218.67
218.93
219.19
209
209.02
208.89
208.91
208.96
209.02
208.89
208.57
207.86
206.96
205.91
204.73
204.29
202.62
200.56
198.16
195.52
192.7
189.78
186.73
193.9
190.59
187.13
183.2
178.85
174.22
169.48
164.73
159.99
155.14
150.09
144.89
140.38
135.91
131.63
127.47
123.45
119.51
114.75
110.69
102.88
98.87
94.91
91.23
87.84
84.71
81.79
79.04
76.45
74.14
72.13
70.45
68.25
66.16
64.02
61.88
57.35
55.12
51.68
47.72
49.38
47.3
45.27
41.96
39.79
37.52
35.79
34.05
32.26
30.35
28.27
25.96
23.5
20.96
18.49
16.09
16.09
13.92
13.92
13.92
12.26
10.75
9.38
9.38
8.32
7.42
6.02
4.73
3.57
2.56
1.73
1.09
0.63
0.33
0.12
0
0
0
0
0
0
0
0
0
0
0
0
0
0
0
0
0
0
0
0
0
0
0
0
0
0
0
0
0
0
0
0
0
0
0
0
0
0
0
0
0
0
0
0
0
0
0
0
0
0
0
0
0
0
0
0
0
0
0
0
0
0
0
0
0
0
0
0
0
0
0
0
0
0
0
0
0
0
0
0
0
0
0
0
0
0
0
0
0
0
0
0
0
0
0
0
0
0
0
0
0
0
0
0
0
0
0
0
0
0
0
0
0
0
0
0
0
0
0
0
0
0
0
0
0
0
0
0
0
0
0
0
0
0
0
0
0
0
0
0
0
0
0
0
0
0
0
0
0
0
0
0
0
0
0
0
0
0
0
0
0
0
0
0.02
0.07
0.19
0.37
0.62
0.96
1.42
1.97
2.62
3.23
3.95
4.29
4.79
5.42
6.16
7.09
8.2
8.2
8.4
9.76
11.54
13.49
15.57
17.79
19.56
21.51
23.51
25.01
27.33
28.06
30.92
34.37
37.87
41.58
45.48
49.35
53.25
58.53
63.63
67.74
71.49
75.3
79.06
82.69
82.53
86.38
90.21
93.27
90.31
94.45
97.17
100.56
103.89
107.02
110.02
113.06
116.1
118.95
122.04
125.22
128.75
132.04
135.33
138.76
146.62
150.49
154.49
158.53
169.09
174.11
178.2
181.35
184.5
187.71
190.71
193.67
196.58
199.59
202.63
205.59
206.85
209.52
212.21
214.74
217
218.91
220.51
223.11
224.32
225.76
227.46
229.21
230.71
231.96
233.28
234.41
235.3
235.86
236
235.76
236.67
236.11
235.36
234.49
233.64
232.69
231.73
230.94
230.03
228.71
227.14
225.56
223.46
216.3
210.57
208.84
207.17
205.6
204.11
192.74
191.51
188.55
187.29
186.06
184.84
183.72
182.52
181.11
179.49
178.02
176.4
172.04
170.82
174.52
176.53
171.59
169.1
162.07
158.81
165.8
162.41
160.55
156.81
152.79
148.5
144.05
139.52
134.94
130.63
126.9
123.23
122.19
118.46
114.69
110.89
109.85
106.17
106.81
103.59
100.06
96.77
93.54
90.37
87.31
84.35
81.39
78.57
75.93
73.25
70.07
67.01
64.07
61.28
58.7
54.27
52.14
50.14
48.23
46.3
44.35
42.36
40.42
38.47
36.55
34.7
33.73
32.69
31.53
30.28
28.93
27.46
25.88
24.12
22.23
22.35
20.24
18.26
16.42
14.74
13.24
11.88
10.66
9.61
8.7
7.9
6.42
5.09
3.93
2.9
2.03
1.3
0.75
0.36
0.12
0
0
0
0
0
0
0
0
0
0
0
0
0
0
0
0
0
0
0
0
0
0
0
0
0
0
0
0
0
0
0
0
0
0
0
0
0
0
0
0
0
0
0
0
0
0
0
0
0
0
0
0
0
0
0
0
0
0
0
0
0
0
0
0
0
0
0
0
0
0
0
0
0
0
0
0
0
0
0
0
0
0
0
0
0
0
0
0
0
0
0
0
0
0
0
0
0
0
0
0
0
0
0
0
0
0
0
0
0
0
0
0
0
0
0
0
0
0
0
0
0
0
0
0
0
0
0
0
0
0.07
0.22
0.48
0.85
1.33
1.9
2.6
3.42
4.34
4.93
5.73
6.55
7.64
9.02
10.63
12.48
14.58
16.82
19.34
21.92
24.92
24.77
24.5
24.14
27.5
28.78
28.08
31.22
34.44
38.59
42.63
46.78
50.7
54.31
57.74
60.93
63.95
67.02
69.77
72.23
72.99
74.76
79.63
84.1
84.78
82.92
87.98
89.36
88.9
89.84
90.91
91.98
93.22
93.09
88.05
89.81
91.68
93.43
95.42
97.73
101.4
107.35
110.52
114.42
118.59
127.38
131.21
134.82
139.92
142.99
145.69
148.28
150.58
154.44
163.54
165.95
168.28
170.84
173.44
174.1
177.2
179.91
182.75
185.33
187.65
190.09
192.56
195.13
198.24
201.56
205.24
208.93
212.81
216.27
219.08
221.36
223.5
225.17
226.41
229.41
229.73
230.09
230.01
229.8
218.79
217.15
216.25
215.08
213.4
211.43
209.22
207.02
204.74
202.83
201.26
200.42
199.7
199.22
199.01
198.89
198.79
198.67
198.38
198.04
208.45
209.29
209.27
209.4
209.62
209.82
209.87
209.65
209.3
208.56
207.48
205.78
203.7
201.27
198.46
195.28
191.85
187.62
184.25
180.76
176.87
172.59
167.88
162.86
157.57
152.2
146.82
141.49
136.09
130.75
125.58
120.55
115.66
110.96
106.51
102.44
98.7
95.86
88.71
81.81
77.35
71.22
68.7
66.76
65.09
63.61
62.32
61.19
60.27
59.62
59.01
58.46
58.07
57.7
57.25
56.64
55.88
55.03
57.66
60.16
60.85
63.47
62.73
61.62
60.46
59.2
57.82
56.27
54.56
52.66
50.78
48.95
47.09
45.26
43.52
41.9
39.13
36.37
33.74
32.51
31
29.54
28.1
26.66
25.19
23.74
22.32
20.4
18.65
17.52
16.66
15.77
14.85
13.89
12.88
11.84
12.01
12.2
12.32
11.11
9.86
8.71
7.66
6.71
5.86
5.12
4.48
4.48
4.48
3.97
3.24
2.57
1.97
1.45
1.01
0.65
0.37
0.19
0.06
0
0
0
0
0
0
0
0
0
0
0
0
0
0
0
0
0
0
0
0
0
0
0
0
0
0
0
0
0
0
0
0
0
0
0
0
0
0
0
0
0
0
0
0
0
0
0
0
0
0
0
0
0
0
0
0
0
0
0
0
0
0
0
0
0
0
0
0
0
0
0
0
0
0
0
0
0
0
0
0
0
0
0
0
0
0
0
0
0
0
0
0
0
0
0
0
0
0
0
0
0
0
0
0
0
0
0
0
0
0
0
0
0
0
0.04
0.16
0.35
0.63
1.01
1.49
2.08
2.77
3.62
4.35
4.35
5.04
6.09
6.09
7.28
8.59
9.98
11.49
12.8
14.52
15.94
17.64
17.45
17.17
18.22
19.6
20.92
21.14
22.25
23.1
25.24
26.81
28.12
30.64
29.45
28.14
27.94
29.16
30.33
31.44
32.93
34.23
37.46
40.88
42.27
44.58
47.15
51.01
54.14
57.87
61.28
64.7
68.2
71.41
77.51
84
89.7
94.21
99.4
104.68
101.72
98.6
104.5
110.44
116.99
122.16
127.15
131.98
136.66
141.17
145.4
149.53
153.54
157.55
161.22
164.63
167.74
170.51
172.83
174.59
184.16
193.68
192.46
192.82
193.39
194.19
195.05
195.91
196.78
197.28
198.93
200.93
202.89
205.25
207.53
209.38
211.21
213.19
215.43
218.08
221.39
224.87
229.42
227.87
230.74
233.77
236.66
239.36
241.75
244.33
245.6
246.46
247.48
248.31
249.15
250.47
251.62
251.75
247.66
246.36
245.57
244.6
244.09
247.84
246.92
245.61
244.21
242.7
241.1
239.59
238.27
236.95
235.3
233.45
231.85
230.25
228.88
224.16
227.9
228.69
228.55
228.39
227.53
227.19
226.73
226.1
225.42
224.71
224.23
223.61
222.69
221.48
220.03
218.54
216.42
213.66
210.33
210.76
206.32
201.42
196.23
190.77
185.78
180.42
174.95
169.31
163.5
157.67
151.64
145.65
139.77
134.16
128.87
123.51
118.49
113.82
109.53
105.65
102.12
98.95
96.11
93.66
87.55
84.88
82.2
80.64
79.36
78.25
77.3
76.47
75.84
75.33
74.88
74.78
70.62
70.28
70.27
70.2
70.05
69.69
69.11
68.19
70.96
69.96
69.01
67.15
65.11
62.88
60.79
58.51
55.95
53.12
50.07
46.72
47.3
44.02
40.31
36.54
32.77
29.21
25.89
22.83
20.07
17.51
15.2
13.01
11.01
9.23
7.35
5.7
4.29
3.12
2.15
1.38
0.8
0.38
0.12
0
0
0
0
0
0
0
0
0
0
0
0
0
0
0
0
0
0
0
0
0
0
0
0
0
0
0
0
0
0
0
0
0
0
0
0
0
0
0
0
0
0
0
0
0
0
0
0
0
0
0
0
0
0
0
0
0
0
0
0
0
0
0
0
0
0
0
0
0
0
0
0
0
0
0
0
0
0
0
0
0
0
0
0
0
0
0
0
0
0
0
0
0
0
0
0
0
0
0
0
0
0
0
0
0
0
0
0
0
0
0
0
0
0
0
0
0
0
0
0
0
0
0
0
0
0
0
0
0
0
0
0
0
0
0
0
0
0
0.02
0.16
0.37
0.64
1.02
1.52
2.06
2.72
3.48
4.29
4.93
5.77
6.78
7.97
9.34
10.91
11.71
12.25
14.23
16.78
16.76
18.72
20.56
21.46
23.98
26.5
29.11
31.66
34.46
37.57
41.19
44.96
48.75
52.51
55.77
59.34
58.54
58
61.23
64.05
69.48
72.86
76.32
80.84
83.84
86.84
89.7
92.61
94.95
96.69
98
98.86
99.7
100.53
101.86
102.5
108.95
115.81
117.72
119.47
121.3
122.9
125.07
127.24
129.39
131.49
133.78
136.1
135.66
139.04
142.84
147.06
151.31
155.71
160.23
165.09
169.23
173.05
176.73
180.7
184.7
189.03
192.9
196.83
200.83
204.96
209.12
213.26
220.49
224.1
227.37
230.2
232.74
234.95
236.83
238.6
240.51
242.47
244.3
246.03
247.63
249.16
250.51
251.53
252.16
252.6
252.89
253.08
253.22
253.45
253.67
254.04
254.59
255.08
255.45
255.7
255.8
255.6
255.2
254.55
252.03
250.99
249.8
248.31
246.66
244.69
242.47
240.1
237.51
234.64
231.7
228.55
225.16
220.65
217.06
213.31
209.29
205.06
200.66
195.9
192.48
187.19
181.8
177.22
172.72
168.36
164
159.51
154.95
150.33
145.5
140.56
135.61
131.68
126.86
122.19
117.72
113.56
109.7
106.35
103.49
100.99
98.8
96.26
93.93
91.76
89.76
87.91
86.28
84.93
83.88
83.09
82.4
81.84
81.33
80.91
80.62
79.6
79.43
79.12
78.57
77.81
76.81
75.59
74.21
72.71
71.16
69.69
68.17
66.8
65.34
63.69
61.9
59.67
57.56
55.29
52.79
50.89
48.03
45.14
42.57
40.12
37.77
35.52
33.34
31.19
29.04
26.78
24.51
21.95
19.37
17
14.86
13.21
11.5
9.97
8.64
7.51
6.55
5.72
4.77
3.88
3.08
2.36
1.73
1.18
0.72
0.37
0.12
0
0
0
0
0
0
0
0
0
0
0
0
0
0
0
0
0
0
0
0
0
0
0
0
0
0
0
0
0
0
0
0
0
0
0
0
0
0
0
0
0
0
0
0
0
0
0
0
0
0
0
0
0
0
0
0
0
0
0
0
0
0
0
0
0
0
0
0
0
0
0
0
0
0
0
0
0
0
0
0
0
0
0
0
0
0
0
0
0
0
0
0
0.06
0.16
0.32
0.55
0.84
1.2
1.6
2.05
2.55
2.55
2.56
2.62
2.98
3.38
3.82
4.32
4.86
5.44
6.1
6.78
6.72
7.34
7.5
7.96
8.37
8.73
9.09
9.43
9.59
10.58
11.64
12.74
13.55
13.15
12.71
12.21
12.68
13.46
14.26
15.18
16.17
16.99
17.58
18.86
18.15
17.44
18.19
19.38
20.76
21.83
22.85
21.7
21.73
22.6
23.42
25.52
26.39
26.92
27.67
28.21
29.36
29.98
31.17
31.39
31.89
31.89
32.21
31.83
32.23
32.57
32.84
32.84
31.64
33.22
32.41
30.31
28.46
29.28
27.89
28.29
27.38
28.18
29.14
26.96
26.46
29.93
31.65
33.15
30.72
31.67
29.3
31
34.31
36.19
40.85
45.81
50.85
53.48
58.41
61.99
67.32
70.39
73.54
80.03
86.7
90.15
93.82
98.35
106.42
111.56
120.37
127.71
133.56
138.45
143.05
147.43
151.9
156.17
160.17
163.96
167.32
171.45
175.45
179.2
182.78
186.11
189.27
192.07
194.5
196.61
198.55
200.34
202.13
203.89
205.69
207.53
209.27
211.01
212.66
214.05
215.49
216.83
218.26
219.94
221.85
223.92
225.96
227.96
229.85
231.58
233.15
234.68
236.11
237.63
239.2
240.73
241.93
243
244.03
245.23
246.49
247.66
248.86
249.85
250.44
246.99
245.77
245.46
245.06
244.54
243.85
242.93
241.82
240.38
237.51
234.04
231.47
229.46
227.17
224.49
221.41
217.93
213.83
209.25
204.53
203.55
200.06
195.32
190.55
185.65
180.7
175.66
170.53
159.46
151.78
148.7
144.74
140.07
135.55
131.15
126.85
122.63
118.62
114.76
111.08
107.48
103.96
100.27
96.99
93.96
91.03
88.27
82.13
85.34
86.71
83.94
81.31
78.83
76.45
74.22
72.27
70.67
69.42
68.49
67.69
66.89
66.19
65.95
65.44
64.88
64.48
64.1
67.28
67.13
66.6
66.02
65.34
64.52
63.55
62.42
60.94
59.08
56.86
54.39
51.71
48.92
46.42
43.75
41.04
38.29
35.37
32.45
29.54
26.69
23.91
21.18
18.53
16.08
13.82
11.75
9.96
8.43
7.17
6.09
5.22
4.51
3.54
2.72
2.02
1.45
1.02
0.67
0.41
0.2
0.06
0
0
0
0
0
0
0
0
0
0
0
0
0
0
0
0
0
0
0
0
0
0
0
0
0
0
0
0
0
0
0
0
0
0
0
0
0
0
0
0
0
0
0
0
0
0
0
0
0
0
0
0
0
0
0
0
0
0
0
0
0
0
0
0
0
0
0
0
0
0
0
0
0
0
0
0
0
0
0
0
0
0
0
0
0
0
0
0
0
0
0
0
0
0
0
0
0
0
0
0
0
0
0
0
0
0
0
0
0
0
0
0
0
0.05
0.16
0.31
0.53
0.82
1.19
1.64
2.16
2.82
3.2
3.7
4.3
5.07
5.91
6.85
7.9
9.16
10.52
12
13.63
15.34
16.79
18.41
20.15
21.99
23.92
25.96
27.1
28.64
31.23
33.92
36.64
39.19
41.91
44.72
47.58
50.38
53.08
55.87
58.64
61.33
64.41
67.04
66.79
69.76
72.41
73.11
76.55
77.6
76.5
78.56
81.43
84.74
88.02
91.27
94.38
97.43
100.54
103.48
106.33
109.23
111.98
115.13
121.04
123.51
126.11
130.35
132.66
129.41
134.55
136.59
137.94
138.74
138.02
138.48
138.45
131.35
131.11
131.62
132.34
133.3
134.45
135.66
137.05
138.9
140.27
142.21
144.67
154.52
157.13
159.44
161.62
164.04
167.78
170.3
173.42
183.84
186.67
188.94
191.39
194.2
196.7
199.08
201.23
202.98
205.32
207.39
209.23
211.29
213.82
216.58
219.22
221.76
224.34
226.79
229.04
231
233.47
235.56
237.07
235.41
236.18
236.74
237.12
237.41
237.57
237.58
237.32
236.79
235.95
234.86
233.74
232.59
231.38
230.06
228.68
227.11
225.65
224.23
221.57
222.68
221.25
219.7
217.88
215.78
213.38
210.57
207.31
203.85
200.25
196.49
192.42
188.41
184.12
179.72
175.19
170.58
165.81
160.89
157.17
152.03
146.86
141.78
136.97
132.5
128.29
124.4
120.87
117.56
114.35
111.33
108.62
101.39
98.88
96.51
93.83
91.89
90.16
88.68
87.3
85.99
84.81
83.73
82.83
81.87
80.91
80.03
79.23
78.5
77.82
77.09
76.23
79.74
78.7
77.73
77.28
76.24
75.13
73.89
72.63
71.34
69.99
68.81
67.48
66.22
65
63.65
62.17
60.52
58.77
57.04
55.34
53.65
52.03
50.38
48.74
47.12
45.53
43.99
42.49
39.67
38.23
36.62
35.06
33.47
31.86
30.33
28.87
26.64
24.55
22.79
20.88
19.35
17.79
16.06
14.69
13.32
12.24
11.15
10.09
10.41
9.44
8.49
7.55
6.61
5.7
4.78
3.85
3.85
3.85
3.6
3.6
3.32
3.1
3.1
2.8
2.56
2.09
1.69
1.33
1.02
0.73
0.49
0.3
0.16
0.06
0
0
0
0
0
0
0
0
0
0
0
0
0
0
0
0
0
0
0
0
0
0
0
0
0
0
0
0
0
0
0
0
0
0
0
0
0
0
0
0
0
0
0
0
0
0
0
0
0
0
0
0
0
0
0
0
0
0
0
0
0
0
0
0
0
0
0
0
0
0
0
0
0
0
0
0
0
0
0
0
0
0
0
0
0
0
0
0
0
0
0
0
0
0
0
0
0
0.06
0.18
0.37
0.61
0.9
1.25
1.66
2.1
2.61
2.84
3.11
3.43
3.81
4.25
4.78
5.38
6.1
6.87
6.87
7.56
8.24
8.12
7.92
8.88
9.85
10.25
11.18
11.44
10.94
11.96
13.31
14.69
16.05
15.6
16.39
17.61
18.79
18.62
20.41
21.86
23.32
24.08
26.03
24.83
24.96
26.59
27.65
26.94
29.09
29.81
30.09
31.28
32.5
32.5
34.6
36.74
39.13
39.48
37.69
39.96
42.68
41.92
44.05
49.08
52.2
49.83
51.4
56.73
56.6
54.62
55.51
58.93
63.07
70.28
73.98
70.01
65.73
71.84
74.8
77.81
80.29
88.33
92.22
95.05
98.27
106.07
110.24
113.04
119.09
123.03
128.28
130.1
130.88
131.51
132.33
140.38
148.47
149.11
152.57
153.06
153.65
153.58
153.81
154.3
155.04
155.85
156.48
155.86
157.23
159.86
161.76
163.8
166.39
169.17
171.98
174.71
177.47
179.79
184.18
187.53
190.99
194.34
197.42
200.38
203.25
205.96
208.49
212.4
214.41
219.39
221.09
221.49
222.45
223.23
223.9
224.61
225.24
226.71
227.46
227.82
228.09
228.66
229.4
230.12
230.71
231.33
231.93
232.36
232.64
232.67
232.49
233.21
232.96
232.58
232.12
231.32
230.36
229.17
227.75
225.93
223.72
221.03
217.9
214.42
210.64
206.56
202.09
197.34
192.35
187.19
181.9
176.53
171.54
166.42
161.16
155.95
150.7
145.43
140.1
134.88
129.85
125.04
120.4
116.04
111.95
108.06
104.46
101.08
97.91
94.95
92.14
89.42
86.44
83.76
81.34
79.12
77.09
75.15
73.45
71.95
70.54
69.16
67.93
66.85
65.92
65.08
61.23
60.5
59.84
59.25
58.81
58.48
58.09
57.49
54.23
53.38
50.24
47.58
46.84
45.99
45.09
44.21
43.2
42
40.14
38.82
40.6
39.41
37.8
36.63
35.33
34.03
32.79
31.37
32.76
31.62
32.66
33.23
31.77
29.56
27.79
26.23
24.66
23.57
22.99
21.81
20.53
19.14
18.14
16.64
15.19
13.72
12.2
10.97
9.58
8.31
7.17
6.16
5.27
5.24
4.84
4.28
3.83
3.03
2.32
1.71
1.21
0.81
0.51
0.3
0.14
0.05
0
0
0
0
0
0
0
0
0
0
0
0
0
0
0
0
0
0
0
0
0
0
0
0
0
0
0
0
0
0
0
0
0
0
0
0
0
0
0
0
0
0
0
0
0
0
0
0
0
0
0
0
0
0
0
0
0
0
0
0
0
0
0
0
0
0
0
0
0
0
0
0
0
0.02
0.08
0.17
0.29
0.46
0.67
0.92
1.21
1.53
1.53
1.63
1.77
1.98
2.22
2.5
2.86
3.26
3.71
4.21
4.21
4.52
4.47
4.38
4.89
5.55
6
5.75
5.46
5.13
5.13
5.04
5.48
5.89
6.57
6.84
7.44
7.04
7.59
8.67
8.97
9.52
10.63
11.78
12.29
11.46
11.75
12.95
14.22
15.14
16.43
17.75
17.16
17.87
16.96
17.81
16.86
18.33
18.8
18.75
19.67
18.8
19.56
18.41
19
21.01
22.19
20.99
20.1
21.61
22.93
24.43
27.46
26.13
29.35
31.67
34.81
37.59
40.61
43.81
46.7
51.04
53.76
58.64
62.06
65.46
69
75
80.95
85.15
89.55
93.9
98.08
105.35
109.37
112.84
116.88
119.83
122.5
118.19
121.18
123.99
124.83
127.44
129.76
131.85
133.74
133.4
134.67
135.69
136.31
136.86
137.57
138.44
138.23
139.59
141.12
142.64
144.39
153.26
155.7
158.31
162.65
165.04
167.81
170.95
174.3
179.54
183.46
187.54
191.77
196.02
200.02
203.89
209.01
212.71
216.43
220.33
224.14
227.5
228.64
219.86
223.05
226.1
228.77
230.84
232.46
233.93
234.59
234.87
235.02
235.02
235.25
235.39
235.27
235.08
234.73
234.24
233.68
233.34
235.03
246.39
245.53
244.46
243.17
241.98
240.8
239.59
238.37
237.1
235.68
234.08
232.11
230.04
228.18
226.11
223.81
221.07
217.93
208.9
203.95
198.61
193.79
187.74
183.07
178.32
174.26
170.14
165.98
161.78
157.45
153.14
148.76
144.11
138.95
133.63
128.29
123.28
118.58
119.59
116.43
113.71
110.67
108.99
106.04
103.2
99.79
96.67
93.85
91.23
88.82
86.54
84.48
82.81
81.53
80.53
79.63
78.7
77.74
76.48
75.5
74.45
73.35
72.3
71.38
70.18
69.27
68.18
66.87
65.52
64.24
63
61.7
60.36
59.07
57.78
56.68
55.69
54.77
51.75
50.49
49.48
50.01
48.96
47.86
47.07
46
45.07
44.29
43.3
40.72
39.51
38.52
37.4
36.17
34.85
33.33
31.64
29.83
30.74
29.53
28.1
25.11
23.65
22.16
20.6
18.97
17.25
15.44
13.86
13.86
12.55
11.08
9.77
8.58
7.51
6.58
5.81
5.17
4.26
3.43
2.66
1.97
1.38
0.9
0.52
0.24
0.07
0
0
0
0
0
0
0
0
0
0
0
0
0
0
0
0
0
0
0
0
0
0
0
0
0
0
0
0
0
0
0
0
0
0
0
0
0
0
0
0
0
0
0
0
0
0
0
0
0
0
0
0
0
0
0
0
0
0
0
0
0
0
0
0
0
0
0
0
0
0
0
0
0
0
0
0
0
0
0
0
0
0
0
0
0
0
0
0
0
0
0
0
0
0
0
0
0
0
0
0
0
0
0
0
0
0.06
0.17
0.34
0.58
0.93
1.41
2.01
2.72
3.48
3.98
4.58
5.3
5.3
6.32
7.55
8.94
10.52
12.18
12.18
13.54
15.55
17.97
20.53
22.75
24.96
27.05
29.12
31.29
33.5
36.13
37.63
40.3
42.42
44.83
45.14
45.29
47.24
45.57
49.32
51.69
53.41
54.86
55.65
57.19
58.56
60.03
61.64
63.37
65.14
66.88
69.79
71.71
75.26
77.81
79.21
80.9
83.71
83.71
87.07
90.82
94.71
98.52
102.52
106.51
110.62
114.68
118.77
122.8
126.97
131.21
135.43
139.36
143.05
145.59
152.57
159.57
163.81
174.69
178.69
182.25
185.38
188.28
191.43
194.3
197.34
200.33
199.91
202.7
205.33
207.87
209.99
212.54
215.02
218.3
218.86
220.35
221.37
222.07
222.44
222.91
223.98
225.52
227.28
228.84
230.15
231.67
236.36
237.48
238.51
239.47
240.76
241.68
242.66
243.66
245.94
246.97
248.08
249.14
250.36
251.58
252.41
247.71
247.59
247.21
246.83
246.13
244.31
243.68
242.92
241.93
240.75
239.39
226.58
224.79
222.81
220.56
218.19
215.7
212.99
209.93
206.61
208.17
204.74
201.48
198.06
194.44
191.6
187.3
183.12
178.83
174.4
169.78
176.23
171.37
166.5
161.61
156.66
151.55
146.39
141.45
136.79
132.41
128.2
124.05
119.05
115.35
111.96
108.91
105.89
103.14
100.68
98.39
96.37
94.67
93.22
92.14
91.28
90.77
90.49
90.22
89.82
89.34
88.8
88.27
88.72
88.1
87.3
86.48
85.63
84.69
83.68
82.8
81.92
80.71
79.73
75.2
73.85
72.22
70.36
68.33
66.25
64.11
61.88
59.43
55.4
53.27
51.2
48.97
46.48
43.92
41.28
38.45
35.44
32.55
29.19
29.19
26.02
23.1
20.43
18
15.75
13.68
11.78
10.1
10.1
8.26
6.53
5.02
3.76
2.67
1.75
1.01
0.47
0.14
0
0
0
0
0
0
0
0
0
0
0
0
0
0
0
0
0
0
0
0
0
0
0
0
0
0
0
0
0
0
0
0
0
0
0
0
0
0
0
0
0
0
0
0
0
0
0
0
0
0
0
0
0
0
0
0
0
0
0
0
0
0
0
0
0
0
0
0
0
0
0
0
0
0
0
0
0
0
0
0
0
0
0
0
0
0
0
0
0
0
0
0
0
0
0
0
0
0
0
0
0
0
0
0
0
0
0
0
0
0
0
0
0
0
0
0
0
0
0
0
0
0
0
0
0
0
0
0
0
0
0
0
0
0
0
0
0
0
0
0
0
0
0
0
0
0
0
0
0
0
0
0
0
0
0
0
0
0
0
0
0
0
0
0
0
0
0
0
0
0
0
0
0
0
0.08
0.19
0.38
0.68
1.1
1.64
2.31
3.13
4.08
4.72
5.09
5.09
6.01
7.03
8.2
9.54
11.15
13.1
15.52
18.42
21.62
25.18
28.82
32.44
36.11
39.32
42.56
45.83
49.24
53.09
57.32
59.37
63.49
67.91
67.26
69.86
72.78
71.75
69.33
66.42
63.15
61.88
62.93
65.35
68.14
68.5
72.02
75.55
78.97
82.56
86.31
92.86
96.55
100
108.3
113.2
117.78
126.19
135.74
145.65
155.91
164.08
170.11
175.1
179.83
187.57
192.09
196.36
200.57
204.52
208.52
212.56
216.74
220.75
225.04
229.33
233.42
237.29
240.93
244.13
246.86
249.12
250.9
252.2
253.09
253.58
253.91
254.44
254.96
255.53
255.64
255.34
254.55
253.65
252.58
251.42
250.12
248.76
247.43
246.23
245.07
244.09
243.2
242.26
241.33
240.62
239.97
239.06
238.09
232.67
231.31
230.32
229.47
228.53
227.22
225.67
224.07
222.33
220.4
218.17
215.85
210.9
207.65
204.64
201.43
197.85
193.89
189.67
185.02
184.26
179.23
174.11
168.86
163.61
158.62
153.77
148.84
143.86
138.86
133.92
129.05
126.68
122.59
118.29
114.22
110.42
106.95
103.75
100.92
98.51
96.37
93.96
91.7
89.59
87.52
85.57
83.86
82.3
80.84
79.4
77.94
76.51
75.08
73.71
72.37
70.91
69.35
65.23
61.18
58.94
56.59
54.44
52.16
49.71
47.74
45.59
43.2
40.72
38.2
35.71
33.22
30.62
27.9
25.02
22.06
19.28
16.65
16.65
16.65
14.88
13.31
11.64
10.16
8.9
7.22
5.73
4.48
3.4
2.46
1.63
0.95
0.45
0.13
0
0
0
0
0
0
0
0
0
0
0
0
0
0
0
0
0
0
0
0
0
0
0
0
0
0
0
0
0
0
0
0
0
0
0
0
0
0
0
0
0
0
0
0
0
0
0
0
0
0
0
0
0
0
0
0
0
0
0
0
0
0
0
0
0
0
0
0
0
0
0
0
0
0
0
0
0
0
0
0
0
0
0
0
0
0
0
0
0
0
0
0
0
0
0
0
0
0
0
0
0
0
0
0
0
0
0
0
0
0
0
0
0
0
0
0
0
0
0
0
0
0
0
0
0
0
0
0
0
0
0
0.02
0.06
0.11
0.19
0.28
0.39
0.51
0.66
0.84
1.01
1.04
1.5
2.13
2.96
3.46
4.65
6.05
7.57
8.77
10.1
10.09
10.05
11.37
12.64
14.6
17.14
19.9
22.8
25.87
29.08
32.54
35.56
38.48
41.27
44.11
46.3
48.41
50.56
53.19
55.88
60.1
61.54
64.27
63.33
65.61
62.97
64.62
65.46
64.16
66.32
69.13
72.38
75.93
79.54
83.62
87.95
92.45
97.04
101.74
106.52
111.36
119.25
124.88
134.55
140.55
151.21
157.42
164.42
173.26
178.44
182.71
185.25
188.87
192.54
185.12
180.66
179.79
181.07
172.53
163.73
165
166.28
164.72
164.02
162.76
161.55
160.98
160.5
159.76
159.61
158.47
160.46
161.08
161.59
169.32
177.64
182.57
185.18
197.52
209.99
212.12
214.04
218.23
221.11
224.31
227.4
229.72
231.7
233.92
235.59
238.45
239.48
240.4
241.16
245.58
246.12
246.15
246.04
245.72
245.22
244.71
244.15
243.85
243.78
243.78
243.45
243.08
242.73
242.33
241.71
240.81
239.56
237.92
236.05
233.94
231.6
223.54
220.52
216.46
212.69
208.51
201.98
196.57
191.02
185.11
179.34
173.42
167.42
161.34
155.29
149.25
143.41
138.03
132.79
127.66
122.63
123.31
119
115.79
112.39
109.47
108.89
107.01
105.08
103.33
101.38
99.55
97.94
96.61
95.55
94.67
93.94
93.17
92.53
92.09
91.78
91.42
91.03
90.12
89.66
89.12
88.6
88.24
87.96
87.79
87.66
87.49
86.99
86.1
84.81
83.34
81.58
79.59
77.4
74.94
72.3
70.03
67.58
65.39
62.46
59.3
55.89
52.19
48.24
44.1
39.84
35.61
31.7
28.14
24.91
21.92
19.2
16.72
14.48
12.48
10.7
8.6
6.72
5.08
3.68
2.52
1.59
0.88
0.39
0.11
0
0
0
0
0
0
0
0
0
0
0
0
0
0
0
0
0
0
0
0
0
0
0
0
0
0
0
0
0
0
0
0
0
0
0
0
0
0
0
0
0
0
0
0
0
0
0
0
0
0
0
0
0
0
0
0
0
0
0
0
0
0
0
0
0
0
0
0
0
0
0
0
0
0
0
0
0
0
0
0
0
0
0
0
0
0
0
0
0
0
0
0
0
0
0
0
0
0
0
0
0
0
0
0
0
0
0
0
0
0
0
0
0
0
0
0
0
0
0
0
0
0
0
0
0
0
0
0
0
0
0
0
0
0
0
0
0.02
0.05
0.1
0.17
0.26
0.39
0.62
0.93
1.34
1.71
2.11
2.47
3.08
3.77
4.12
4.12
4.67
5.32
5.32
5.84
6.72
6.68
7.32
8.55
9.9
11.36
12.5
13.97
14.38
15
14.61
16.59
18.44
20.33
22.66
25.34
24.79
24.14
27.11
29.72
32.06
35.34
37.94
36.64
37.27
38.72
40.65
42.17
44.74
47.14
50.5
51.57
52.66
53.79
54.37
55.1
55.1
56.4
57.2
58.11
58.99
59.43
59.95
63.84
65.39
66.53
67.68
69.1
70.17
70.03
71.18
72
72.88
74.12
75.54
77.4
82.92
86.9
85.43
87.04
87.86
84.13
85.76
88.76
92.13
95.01
97.68
99.51
102.35
106.78
110.35
114.58
118.93
122.93
127.5
131.68
135.81
140.46
148.35
153.09
158.64
169.19
174.45
178.4
182.43
186.72
191.15
196.31
200.89
205.2
209.2
212.88
216.24
219.53
222.57
225.42
228.06
230.39
232.48
234.47
236.5
238.54
240.52
242.42
244.24
245.71
246.89
247.92
248.79
249.51
250.06
250.53
251.01
250.97
247.34
247.52
247.6
247.68
247.62
247.32
246.76
245.99
245.03
243.88
242.55
241.21
239.93
238.57
237.1
235
233.49
231.78
229.88
228.29
230.13
228.01
225.82
223.45
220.95
218.38
215.78
213.09
210.3
207.39
204.3
200.93
191.92
187.22
180.47
175.87
170.73
165.56
160.29
154.84
149.2
143.43
138.08
132.27
127.05
121.88
116.7
111.55
106.37
101.23
96.18
91.37
92.15
88.73
86.74
84.21
81.72
79.52
77.55
75.83
74.27
72.86
71.11
69.93
68.39
67
65.76
64.69
63.78
63.02
62.35
61.64
60.89
59.97
59.63
58.24
56.67
55.27
53.76
52.18
50.63
49.11
47.62
46.1
44.47
42.75
40.9
38.92
36.08
33.29
30.58
27.99
26.2
24.46
22.76
21.1
19.47
17.57
15.75
14.03
12.36
10.73
9.14
7.68
6.34
5.13
4.06
3.14
3.14
3.14
3.14
3.14
2.46
1.86
1.36
0.95
0.64
0.41
0.24
0.12
0.04
0
0
0
0
0
0
0
0
0
0
0
0
0
0
0
0
0
0
0
0
0
0
0
0
0
0
0
0
0
0
0
0
0
0
0
0
0
0
0
0
0
0
0
0
0
0
0
0
0
0
0
0
0
0
0
0
0
0
0
0
0
0
0
0
0
0
0
0
0
0
0
0
0
0
0
0
0
0
0
0
0
0
0
0
0
0
0
0
0
0
0
0
0
0
0
0
0
0
0
0
0
0
0
0
0
0
0
0
0
0
0
0
0
0
0
0
0
0
0
0
0
0
0.05
0.15
0.32
0.55
0.87
1.29
1.8
2.4
3.13
3.13
3.61
3.61
4.17
4.89
5.78
6.01
7.19
7.19
8.41
8.41
9.29
9.19
9.02
10.8
11.52
11.1
12.47
14.12
14.39
15.79
17.49
20.07
22.21
24.23
26.09
28.7
30.45
33.39
35.22
38.5
40.93
44.41
47.62
49.23
52.04
56.16
57.55
59.71
62.69
65.41
66.87
66.9
65.98
67.74
69.59
71.39
73.2
75.06
76.89
74.29
74.29
76.07
78.4
80.6
83.09
85.4
86.69
86.9
89.66
92.34
95.64
99.54
105.11
108.15
111.3
114.55
117.97
121.64
125.2
133.58
139.24
143.03
146.58
149.89
152.83
155.7
160.65
165.79
169.09
172.56
176.11
180.28
183.9
186.86
190.43
194.03
197.51
200.75
203.99
206.48
208.99
211.52
214.01
216.37
218.4
220.39
222.18
223.62
224.73
225.56
226.21
226.58
226.52
226.85
222.01
221.41
220.73
220
219.4
219.17
219.13
219.11
219.16
219.4
219.96
220.7
221.42
222.18
223.03
223.82
224.53
225.24
226.05
226.89
231.99
232.52
232.88
233.06
233.04
232.67
232.06
231.32
230.44
229.38
228.16
226.72
225.22
223.6
221.81
219.88
217.84
215.71
213.52
211.2
208.79
206.3
203.66
200.91
197.84
194.45
190.76
186.79
182.55
178.03
173.16
168.02
162.73
157.91
153.04
146.91
139
134.18
129.07
123.27
118.26
113.3
108.48
103.81
99.58
95.72
92.13
88.75
85.54
82.55
79.81
77.29
74.93
72.13
69.46
68.18
68.79
66.4
62.26
60.53
58.67
56.94
55.31
51.56
49.89
48.23
46.7
45.36
44.27
43.2
42.14
41.08
39.98
38.83
37.64
36.41
35.09
33.69
34.96
34.54
33.51
32.38
31.12
31.93
30.53
29.02
27.33
25.38
23.18
21.09
19.1
17.22
15.47
13.88
12.4
11.07
9.89
8.88
7.33
5.93
4.66
3.54
2.58
1.76
1.08
0.55
0.18
0
0
0
0
0
0
0
0
0
0
0
0
0
0
0
0
0
0
0
0
0
0
0
0
0
0
0
0
0
0
0
0
0
0
0
0
0
0
0
0
0
0
0
0
0
0
0
0
0
0
0
0
0
0
0
0
0
0
0
0
0
0
0
0
0
0
0
0
0
0
0
0
0
0
0
0
0
0
0
0
0
0
0
0
0
0
0
0
0
0
0
0
0
0
0
0
0
0
0
0
0
0
0
0
0
0
0
0
0
0
0
0
0
0
0
0
0
0
0
0
0.1
0.31
0.68
1.17
1.78
2.47
3.24
4.12
5.11
5.11
5.68
6.55
7.67
7.87
8.41
9.4
11
12.75
14.61
16.63
16.53
17.32
18.03
19.73
21.79
23.64
25.14
26.53
25.54
29.07
32.52
35.83
39.07
42.99
46.69
45.7
48.76
51.92
55.28
58.72
64.25
68.89
73.26
76.13
79.31
83.51
88.39
93.57
101.17
105.38
109.42
113.58
117.69
122.18
126.67
135.44
138.24
142.22
145.93
149.53
153.33
157.24
161.5
166.24
161.83
162.27
163.95
165.57
166.97
168.1
168.76
169.12
169.59
170.26
164.79
163.41
165.92
167
168.9
170.89
172.66
174.3
175.97
177.69
187.65
191.97
194.83
197.41
200.28
203.72
207.49
211.4
215.06
215.72
225.06
230.16
227.6
230.05
231.59
232.9
234.25
230.64
231.6
232.43
233.65
234.9
236.1
237.49
238.53
238.92
239.06
238.99
238.94
241.56
241.51
241.56
246.66
246.73
246.77
246.05
245.9
250.52
250.37
250.13
249.55
248.84
248.01
246.96
246.07
245.38
244.78
244.34
243.73
242.93
242
240.94
239.75
238.34
236.81
235.88
234.16
232.17
229.8
227.09
224.01
220.54
216.63
212.42
207.81
202.23
197.36
192.03
186.53
180.95
175.23
169.34
163.41
157.49
151.56
145.62
139.69
134.1
128.9
124.11
119.72
115.76
112.23
109.04
106.2
104.34
101.72
99.47
97.47
95.71
94.23
93.07
92.11
91.35
90.77
90.33
90.02
89.65
89.24
88.83
88.45
88.05
87.6
87.12
86.6
86.06
85.51
84.91
84.27
83.63
82.95
82.12
81.21
80.25
79.18
77.99
76.6
75.08
73.39
71.48
69.32
66.45
63.91
61.23
57.15
54.54
51.81
48.97
46.08
43.06
39.94
36.76
33.57
30.31
27.07
23.91
20.98
18.25
15.74
13.45
11.4
10.07
8.45
7.02
7.02
5.61
4.36
3.29
2.37
1.6
1
0.57
0.25
0.08
0
0
0
0
0
0
0
0
0
0
0
0
0
0
0
0
0
0
0
0
0
0
0
0
0
0
0
0
0
0
0
0
0
0
0
0
0
0
0
0
0
0
0
0
0
0
0
0
0
0
0
0
0
0
0
0
0
0
0
0
0
0
0
0
0
0
0
0
0
0
0
0
0
0
0
0
0
0
0
0
0
0
0
0
0
0
0
0
0
0
0
0
0
0
0
0
0
0
0
0
0
0
0
0
0
0
0
0
0
0
0
0
0
0
0
0
0
0
0
0
0
0
0.04
0.14
0.28
0.5
0.82
1.22
1.72
2.36
3.25
3.5
3.88
4.52
5.51
6.61
7.45
7.45
8.87
10.33
12.21
14.24
16.34
17.68
18.41
20.67
22.6
24.61
26.66
28.74
30.58
32.8
35.12
37.82
40.39
43.09
46.19
50.17
53
56.13
59.32
62.68
66.21
70.74
76.02
79.96
84.48
89.16
93.97
98.85
104.06
109.8
111.25
110.49
108.91
111.41
116.25
121.31
126.12
130.32
133.77
136.82
137.05
131.55
133.22
135.22
136.77
137.96
138.89
138.62
139.1
139.46
144.06
146.32
151.3
153.92
155.46
157.05
158.92
161.42
164.41
167.57
173.45
185.11
189.67
193.88
198.39
202.89
207.33
212.68
216.9
220.91
224.42
231.56
236.26
238.87
239
239.78
240.35
240.66
234.27
222.66
220.58
212.11
211.69
211.03
210.21
209.71
209.43
209.26
209.1
209.05
209.51
210.43
211.71
213.08
215.52
217
218.27
219.37
226.86
239.41
242.2
251.02
251.42
251.67
251.72
251.26
250.38
249.21
247.87
246.28
244.29
242.01
239.54
236.76
233.59
229.9
225.87
221.45
216.74
211.74
206.5
200.97
195.62
187.67
182.21
176.49
171.12
165.83
160.54
155.35
150.1
144.8
139.44
134.32
129.61
125.36
121.6
118.32
112.37
109.78
107.43
103.5
101.21
101.59
99.59
98.04
96.34
94.75
93.36
92.08
91.01
90.12
89.38
88.68
87.93
87.18
86.39
85.57
87.74
86.8
85.82
86.71
85.79
84.89
80.3
79.39
78.45
77.43
72.96
69.28
67.7
66.02
61.65
59.67
58.2
56.65
53.66
49.49
47.01
44.72
42.38
39.88
37.53
35.1
36.26
33.93
31.52
