start_date: 1960-10-01 24:00
start_date: 2013-09-30 24:00
data_date: 1960-10-01 24:00
timestep: 1 DAY
units: cfs
scale: 1.000000
#Series Slot: ReferenceDemands.Williamson [1 cfs]
0
0
0
0
0
0
0
0
0
0
0
0
0
0
0
0
0
0
0
0
0
0
0
0
0
0
0
0
0
0
0
0
0
0
0
0
0
0
0
0
0
0
0
0
0
0
0
0
0
0
0
0
0
0
0
0
0
0
0
0
0
0
0
0
0
0
0
0
0
0
0
0
0
0
0
0
0
0
0
0
0
0
0
0
0
0
0
0
0
0
0
0
0
0
0
0
0
0
0
0
0
0
0
0
0
0
0
0
0
0
0
0
0
0
0
0
0
0
0
0
0
0
0
0
0
0
0
0
0
0
0
0
0
0
0
0
0
0
0
0
0
0
0
0
0
0
0
0
0
0
0
0
0
0
0
0
0
0
0
0
0
0
0
0
0
0
0
0
0
0.07
0.22
0.44
0.75
1.15
1.64
2.27
2.98
3.78
4.25
4.85
5.59
6.46
7.42
8.46
8.46
9.59
10.81
12.13
13.59
15.03
16.48
16.36
17.77
18.69
18.2
19.37
20.52
21.6
23.04
24.31
25.44
26.48
27.54
28.17
29.67
30.85
31.16
32.36
30.91
32.09
31.09
33.43
31.71
30.39
32.91
34.47
36
37.57
39.24
41.08
42.99
44.91
46.73
48.92
51.26
52.52
54.95
56.48
59.69
61.15
64.76
65.82
65.82
65.82
67.51
64.16
63.2
64.07
64.88
65.62
63.87
64.84
66.03
67.42
68.35
66.21
67.89
69.51
72.04
73.68
75.31
77.69
83.58
89.48
91.12
96.96
100.38
101.95
103.4
104.73
108.38
109.02
109.25
109.11
109.3
112.76
111.94
111.04
109.98
108.79
107.51
106.14
104.84
103.66
102.64
101.79
101
100.25
99.58
99.02
98.64
98.55
98.65
98.9
99.27
99.69
100.11
100.54
101.08
101.73
102.45
103.24
103.86
104.25
104.4
104.28
103.97
103.54
103
102.35
101.57
100.69
99.75
98.8
97.85
96.92
96.11
91.23
90.34
89.73
89.12
88.49
87.93
87.48
87.14
86.92
86.74
86.57
86.24
85.51
84.88
84.12
83.2
82.12
80.81
79.3
77.4
79.75
77.76
75.14
72.21
69
65.55
61.94
58.09
54.02
49.78
45.46
41.32
37.61
33.81
30.1
26.59
23.28
20.24
17.43
14.93
12.27
9.95
7.95
6.23
4.78
3.59
2.55
1.74
1.17
0.81
0.62
0.46
0.33
0.23
0.23
0.23
0.23
0.19
0.15
0.12
0.09
0.06
0.04
0.03
0.01
0.01
0
0
0
0
0
0
0
0
0
0
0
0
0
0
0
0
0
0
0
0
0
0
0
0
0
0
0
0
0
0
0
0
0
0
0
0
0
0
0
0
0
0
0
0
0
0
0
0
0
0
0
0
0
0
0
0
0
0
0
0
0
0
0
0
0
0
0
0
0
0
0
0
0
0
0
0
0
0
0
0
0
0
0
0
0
0
0
0
0
0
0
0
0
0
0
0
0
0
0
0
0
0
0
0
0
0
0
0
0
0
0
0
0
0
0
0
0
0
0
0
0
0
0
0
0
0
0
0
0
0
0
0
0
0
0
0
0
0
0
0
0
0
0
0
0
0
0
0
0
0
0
0
0
0
0
0
0
0
0
0
0
0
0
0
0
0
0
0.08
0.27
0.55
0.92
1.39
1.96
2.64
3.42
4.29
4.46
4.75
5.18
5.74
6.4
7.18
8.05
9.06
10.2
11.49
12.87
13.99
15.1
16.18
17.24
16.77
16.2
16.77
17.72
18.65
18.56
20.18
21.66
23.04
24.4
25.68
26.08
27.25
26.57
25.28
25.65
26.67
27.62
28.51
29.31
31.55
33.83
34.92
35.12
35.49
37.88
35.98
36.67
34.72
33.79
33.73
35.19
35.77
38.16
41.11
42.43
43.34
43.85
44.86
45.91
46.98
48.12
49.32
51.1
52.8
54.32
58.45
60.07
64.39
67.73
70.28
72.2
74.14
76.05
77.87
79.59
81.25
83.26
84.78
86.3
87.85
89.19
90.34
91.19
91.76
92.09
92.21
92.17
91.94
91.55
90.96
90.25
89.41
88.61
87.85
87.16
86.57
86.12
85.77
85.48
85.2
85.09
85.1
85.25
85.51
85.9
86.38
86.93
87.56
88.22
88.93
89.65
90.38
90.89
91.06
90.92
90.51
89.91
89.12
88.17
87.08
85.87
81.18
76.47
71.76
70.06
68.58
67.1
65.59
64.11
62.65
61.25
59.9
58.5
57.3
56.22
55.05
53.73
52.22
50.55
48.71
46.67
48.91
50.94
52.74
51.32
49.44
47.36
45.09
42.61
39.92
36.99
33.84
30.87
27.96
25.17
22.61
20.28
18.22
16.38
14.78
13.41
11.18
9.17
7.37
5.78
4.4
3.28
2.38
1.67
1.17
0.88
0.81
0.74
0.66
0.59
0.51
0.44
0.38
0.33
0.29
0.26
0.24
0.23
0.22
0.22
0.22
0.18
0.14
0.11
0.08
0.06
0.04
0.02
0.01
0
0
0
0
0
0
0
0
0
0
0
0
0
0
0
0
0
0
0
0
0
0
0
0
0
0
0
0
0
0
0
0
0
0
0
0
0
0
0
0
0
0
0
0
0
0
0
0
0
0
0
0
0
0
0
0
0
0
0
0
0
0
0
0
0
0
0
0
0
0
0
0
0
0
0
0
0
0
0
0
0
0
0
0
0
0
0
0
0
0
0
0
0
0
0
0
0
0
0
0
0
0
0
0
0
0
0
0
0
0
0
0
0
0
0
0
0
0
0
0
0
0
0
0
0
0
0
0
0.06
0.18
0.35
0.6
0.91
1.28
1.71
2.19
2.71
2.71
2.71
2.71
2.71
2.71
2.71
2.71
2.73
2.82
2.82
2.82
2.76
2.64
2.7
2.68
2.59
2.44
2.26
2.09
1.91
2.31
2.76
2.76
2.76
3.02
3.67
3.67
4.35
4.27
4.65
4.87
4.87
5.48
5.25
5.02
4.81
4.58
4.33
5.01
4.66
4.26
3.8
3.8
4.31
5.32
4.68
4.68
5.28
6.82
8.01
9.17
10.53
11.27
12.69
14.21
15.8
17.44
19.12
19.83
19.83
19.83
21.26
22.94
22.74
22.83
23.09
24.95
25.54
25.95
26.48
27.29
27.81
28.8
29.76
30.66
31.58
31.44
32.43
33.52
36.37
39.29
40.82
42.09
44.73
46.28
48.84
49.36
50.36
51.31
52.14
52.97
54.22
55.12
56.1
57.1
58.09
60.12
61.03
61.85
62.6
63.23
63.79
64.35
64.95
65.66
66.52
67.82
68.55
68.35
68.93
68.11
66.44
66.45
66.24
62.81
60.33
59.23
58.43
57.55
56.65
55.86
55.18
54.56
53.92
53.19
51.75
51.03
50.49
50.93
50.68
51.79
53.66
53.75
53.95
53.95
56.35
57.36
58.06
58.82
59.61
60.34
60.96
61.48
61.97
62.48
63.55
63.82
63.9
63.76
63.38
62.86
62.3
61.68
61.06
63.76
63.02
62.23
61.37
58.6
57.49
56.23
54.83
53.3
51.64
49.84
47.94
45.95
43.89
42.81
41.73
40.57
39.25
37.85
36.3
34.6
32.76
30.79
28.72
28.41
26.11
24.28
22.61
21.12
19.78
18.59
17.47
16.22
15.18
13.25
11.59
10.29
9.19
8.14
7.22
6.35
5.68
5.3
5.01
4.92
5.13
4.99
4.87
4.72
4.56
4.38
4.28
4.46
4.57
4.72
4.72
4.5
4.31
4.16
4.03
3.99
3.82
3.51
3.29
3
2.7
2.44
2.17
1.92
1.69
1.47
1.27
1.1
0.93
0.78
0.71
0.65
0.55
0.46
0.39
0.33
0.35
0.36
0.35
0.34
0.34
0.34
0.34
0.34
0.34
0.34
0.34
0.34
0.34
0.34
0.28
0.22
0.17
0.13
0.09
0.06
0.04
0.02
0.01
0
0
0
0
0
0
0
0
0
0
0
0
0
0
0
0
0
0
0
0
0
0
0
0
0
0
0
0
0
0
0
0
0
0
0
0
0
0
0
0
0
0
0
0
0
0
0
0
0
0
0
0
0
0
0
0
0
0
0
0
0
0
0
0
0
0
0
0
0
0
0
0
0
0
0
0
0
0
0
0
0
0
0
0
0
0
0
0
0
0
0
0
0
0
0
0
0
0
0
0
0
0
0
0
0
0
0
0
0
0
0
0
0
0
0
0
0
0
0
0
0
0
0
0
0
0
0
0
0
0
0
0
0
0
0
0
0
0
0
0
0
0
0
0
0
0
0
0
0
0
0
0
0
0
0
0
0
0
0
0
0
0
0
0
0
0
0
0
0.09
0.27
0.54
0.9
1.38
1.97
2.69
3.54
4.51
4.51
4.51
4.51
4.51
4.51
4.53
4.53
4.67
4.98
5.47
6.16
6.84
7.53
8.21
7.84
7.37
7.98
8.53
9.02
9.46
10.98
12.6
12.6
14.42
14.42
14.4
16.44
18.38
18.07
19.34
20.89
22.43
23.97
23.03
23.03
25.71
25.9
27.37
28.82
30.24
31.57
32.79
35.61
36.59
39.35
42.16
43.02
43.88
46.85
48.06
48.8
49.59
50.43
53.75
57.06
57.7
59.72
60.5
61.27
62.05
62.84
63.66
63.84
64.83
65.91
66.98
68
68.99
69.95
70.91
71.8
72.42
72.7
72.77
72.8
72.77
72.54
71.29
69.66
69.04
68.34
67.59
67.48
66.53
65.43
64.21
62.94
61.69
60.54
59.45
58.21
56.91
55.58
54.17
52.58
50.83
48.93
47.75
46.67
46.26
45.69
44.91
43.93
42.81
41.58
40.23
38.59
36.64
34.3
31.6
29.12
26.7
24.64
22.79
21.17
19.77
18.6
17.65
16.93
14.48
12.23
10.22
8.43
6.84
5.45
4.27
3.37
2.75
2.43
2.4
2.37
2.48
2.45
2.41
2.38
2.34
2.3
2.27
2.23
2.2
2.16
2.13
2.1
2.07
2.04
2.01
1.98
1.95
1.83
1.8
1.77
1.74
1.71
1.69
1.67
1.65
1.62
1.6
1.56
1.52
1.48
1.42
1.36
1.3
1.25
1.2
1.15
1.09
1.12
1.05
0.99
0.92
0.84
0.77
0.69
0.61
0.54
0.48
0.42
0.37
0.33
0.29
0.26
0.23
0.18
0.15
0.11
0.08
0.06
0.04
0.02
0.01
0
0
0
0
0
0
0
0
0
0
0
0
0
0
0
0
0
0
0
0
0
0
0
0
0
0
0
0
0
0
0
0
0
0
0
0
0
0
0
0
0
0
0
0
0
0
0
0
0
0
0
0
0
0
0
0
0
0
0
0
0
0
0
0
0
0
0
0
0
0
0
0
0
0
0
0
0
0
0
0
0
0
0
0
0
0
0
0
0
0
0
0
0
0
0
0
0
0
0
0
0
0
0
0
0
0
0
0
0
0
0
0
0
0
0
0
0
0
0
0
0
0
0
0
0
0
0
0
0
0
0
0
0
0
0
0
0
0
0
0
0
0.16
0.5
1.02
1.73
2.64
3.72
4.99
6.43
8.05
8.86
8.86
8.86
10.09
11.69
13.39
15.2
17.09
17.09
19.22
21.5
23.61
25.52
27.26
28.77
29.65
30.52
31.44
32.23
32.84
34.27
36.52
38.78
39.78
40.49
41.15
41.8
42.49
45.19
45.86
46.04
46.76
44.51
45.29
46.16
47.54
48.83
49.94
51.07
52.26
53.51
54.79
56.17
57.72
59.26
60.75
62.13
63.32
64.38
65.26
66.44
67.09
70.85
71.72
72.69
69.52
68.05
67
64.14
63.49
64.42
65.36
66.23
66.97
67.73
68.58
69.55
70.68
71.92
73.34
74.88
76.45
72.7
73.74
74.47
79.14
81.96
84.25
88.29
90.05
90.14
90.16
90.08
89.88
89.51
88.97
88.27
87.54
86.76
85.89
84.99
83.87
88.29
87.85
87.66
87.64
87.68
87.74
85.28
85.31
85.34
85.35
85.44
85.65
85.99
86.31
86.65
86.77
86.76
86.63
86.36
86.21
85.62
84.59
79.98
78.9
77.78
76.63
77.97
76.79
74.89
70.39
69.18
67.91
65.72
64.59
63.25
58.96
54.75
53.94
53.17
52.47
51.79
51.44
54.6
54.04
53.36
52.58
51.67
50.64
50.16
52.1
50.54
48.79
48.36
46.74
45.16
46.5
47.65
45.33
42.98
40.49
37.9
35.19
32.2
29.35
26.63
24.05
21.62
19.33
17.21
15.29
13.57
12.06
10.13
8.4
6.88
5.55
4.42
3.48
2.59
1.88
1.32
0.92
0.76
0.63
0.51
0.41
0.34
0.28
0.26
0.23
0.21
0.19
0.17
0.16
0.15
0.15
0.12
0.09
0.07
0.05
0.04
0.03
0.02
0.01
0
0
0
0
0
0
0
0
0
0
0
0
0
0
0
0
0
0
0
0
0
0
0
0
0
0
0
0
0
0
0
0
0
0
0
0
0
0
0
0
0
0
0
0
0
0
0
0
0
0
0
0
0
0
0
0
0
0
0
0
0
0
0
0
0
0
0
0
0
0
0
0
0
0
0
0
0
0
0
0
0
0
0
0
0
0
0
0
0
0
0
0
0
0
0
0
0
0
0
0
0
0
0
0
0
0
0
0
0
0
0
0
0
0
0
0
0
0
0
0
0
0
0
0
0
0
0
0
0
0
0
0
0
0
0
0
0
0
0
0
0
0
0.07
0.21
0.44
0.74
1.14
1.63
2.23
2.91
3.66
4.14
4.71
5.4
6.24
7.26
8.45
9.78
11.22
12.76
12.76
12.76
14.39
16
17.6
19.18
20.73
22.21
23.63
25.01
26.42
28.15
29.88
31.59
33.2
34.67
36.01
37.26
38.49
39.73
42.63
45.61
46.97
48.32
49.61
50.86
52.07
53.31
54.56
55.86
57.18
58.48
59.69
60.87
61.99
63.14
64.32
65.5
66.63
67.65
68.56
69.48
70.34
71.14
71.94
72.82
73.79
74.85
75.9
76.83
73.36
74.25
75.16
76
76.88
77.74
78.58
77.6
76.81
76.94
77.84
78.58
79.34
80.11
80.91
81.55
82.01
82.27
82.5
82.79
87.34
87.47
87.57
83.4
83.36
83.23
82.98
84.43
85.63
85.87
85.42
85.14
84.98
84.91
84.86
84.95
85.1
85.3
85.47
80.87
81.04
81.24
81.45
86.01
86.42
86.88
87.4
87.95
88.51
89.1
89.52
89.72
89.66
89.42
89.09
88.65
88.2
87.74
87.25
91.46
90.94
90.4
89.84
89.2
88.5
87.8
87.23
86.82
86.55
86.37
86.37
86.54
86.9
87.36
87.87
88.4
88.93
89.47
90.07
90.67
91.19
91.71
92.17
92.57
92.98
93.36
93.47
89.1
88.68
88.03
87.17
86.1
84.84
83.43
81.87
80.1
78.16
76.01
73.6
71.02
68.33
65.45
62.49
59.43
56.71
53.82
50.87
52.07
49.01
45.86
42.67
39.44
36.17
32.89
29.6
26.54
23.66
21
18.59
16.37
14.33
12.5
10.82
9.32
7.5
5.89
4.48
3.28
2.27
1.47
0.86
0.42
0.14
0
0
0
0
0
0
0
0
0
0
0
0
0
0
0
0
0
0
0
0
0
0
0
0
0
0
0
0
0
0
0
0
0
0
0
0
0
0
0
0
0
0
0
0
0
0
0
0
0
0
0
0
0
0
0
0
0
0
0
0
0
0
0
0
0
0
0
0
0
0
0
0
0
0
0
0
0
0
0
0
0
0
0
0
0
0
0
0
0
0
0
0
0
0
0
0
0
0
0
0
0
0
0
0
0
0
0
0
0
0
0
0
0
0
0
0
0
0
0
0
0
0
0
0
0
0
0
0
0
0
0
0
0
0
0
0
0
0
0
0
0
0
0
0
0
0
0
0
0
0
0
0
0
0
0
0
0
0
0
0
0
0
0
0
0
0
0
0
0
0
0
0
0
0
0
0
0
0
0
0
0
0
0
0
0
0
0
0
0
0
0
0
0
0
0
0
0
0
0
0
0
0
0.01
0.04
0.07
0.12
0.19
0.27
0.38
0.5
0.75
0.75
0.75
1.22
1.85
2.63
3.55
4.61
5.8
5.87
6.08
6.43
6.89
7.46
8.05
8.77
9.62
10.6
11.72
11.94
12.49
13.96
14.44
14.08
13.45
14.23
14.85
15.41
15.89
17.57
19.2
20.77
22.33
24
25.85
27.68
29.45
31.22
32.99
35.77
38.23
39.3
38.82
39.62
43.3
45.53
47.84
50.16
52.46
54.7
56.86
58.94
60.92
62.51
63.82
64.98
66.06
66.91
67.54
67.94
68.17
69.18
72.75
75.42
75.36
75.22
75.05
74.84
74.59
74.34
74.1
73.88
73.68
73.62
73.66
73.71
73.73
73.81
73.97
74.2
74.43
74.5
74.44
74.28
73.99
73.61
73.12
72.56
71.94
71.28
70.6
69.85
69.08
68.28
67.43
66.69
66.04
65.47
64.98
64.57
64.24
64.01
63.94
63.99
64.16
64.4
64.71
65.06
65.43
65.76
66.04
66.31
66.54
66.75
66.95
66.85
66.53
65.84
64.81
63.43
61.79
59.94
57.78
55.37
52.69
49.19
47.35
45.32
43.13
40.87
38.52
36.05
33.38
30.65
27.8
25.01
22.24
19.76
17.54
15.57
13.82
12.28
11
9.94
9.12
9.12
7.44
5.97
4.7
3.53
2.52
1.69
1.1
0.62
0.3
0.12
0.07
0.03
0.01
0.1
0.19
0.27
0.34
0.4
0.45
0.49
0.51
0.53
0.54
0.54
0.54
0.54
0.54
0.54
0.54
0.54
0.54
0.54
0.54
0.43
0.34
0.26
0.19
0.14
0.09
0.05
0.03
0.01
0
0
0
0
0
0
0
0
0
0
0
0
0
0
0
0
0
0
0
0
0
0
0
0
0
0
0
0
0
0
0
0
0
0
0
0
0
0
0
0
0
0
0
0
0
0
0
0
0
0
0
0
0
0
0
0
0
0
0
0
0
0
0
0
0
0
0
0
0
0
0
0
0
0
0
0
0
0
0
0
0
0
0
0
0
0
0
0
0
0
0
0
0
0
0
0
0
0
0
0
0
0
0
0.09
0.25
0.47
0.76
1.09
1.5
1.96
2.48
3.07
3.07
3.07
3.07
3.07
3.36
3.71
4.21
4.68
4.68
4.68
4.8
4.72
4.55
4.33
4.82
5.47
6.12
6.76
7.29
6.7
6.7
6.7
7.87
9.07
10.14
11.31
12.35
13.44
14.98
16.58
18.09
19.76
21.46
23.21
24.19
24.94
25.63
26.27
26.94
28.57
30.21
31.88
32.38
32.9
33.29
33.6
33.96
34.34
34.79
35.13
35.47
33.8
34.22
34.61
35.01
35.48
36
36.56
37.23
38.11
39.08
39.68
40.73
41.78
42.87
43.97
45.03
46.05
44.07
44.08
42.1
44.86
45.74
46.57
47.43
48.29
49.09
46.78
47.27
45.83
46.51
47.63
46.46
47.05
47.82
48.49
49.14
49.78
53.42
55.15
58.88
57.92
58.72
59.14
57.91
58.82
59.79
63.85
65.1
68.09
68.82
69.4
71.64
72.05
72.2
72.43
72.71
72.96
73.13
73.23
73.26
75.27
75.34
75.86
78.15
78.36
78.6
78.91
79.22
79.65
80.16
80.75
81.49
82.24
82.93
83.48
83.93
84.38
84.93
85.53
86.13
86.64
87.09
87.41
87.39
87.12
86.59
85.82
84.9
83.84
82.69
81.5
80.28
79.09
77.95
76.89
75.88
74.86
73.76
72.65
70.25
69.04
68.24
67.54
67.04
66.69
66.15
64.4
63.63
63.21
62.94
62.58
59.26
57.38
54.98
52.58
49.97
46.67
43.41
40.79
40.93
40.79
40.36
39.79
36.23
32.68
31.94
32.94
33.05
32.85
32.57
32.42
35.21
36.47
38.16
39.78
41.55
43.85
45.98
47.28
46.92
45.47
43.74
41.94
41.94
42.8
41.6
39.86
37.98
35.97
33.82
31.52
29.13
26.73
24.3
21.92
19.54
17.32
15.27
13.39
11.71
10.22
8.92
7.78
7.8
6.95
5.68
4.65
3.76
3.01
2.39
1.9
1.54
1.27
1.11
0.97
0.88
0.79
0.72
0.66
0.6
0.55
0.51
0.48
0.46
0.45
0.45
0.36
0.29
0.22
0.17
0.12
0.08
0.04
0.02
0.01
0
0
0
0
0
0
0
0
0
0
0
0
0
0
0
0
0
0
0
0
0
0
0
0
0
0
0
0
0
0
0
0
0
0
0
0
0
0
0
0
0
0
0
0
0
0
0
0
0
0
0
0
0
0
0
0
0
0
0
0
0
0
0
0
0
0
0
0
0
0
0
0
0
0
0
0
0
0
0
0
0
0
0
0
0
0
0
0
0
0
0
0
0
0
0
0
0
0
0
0
0
0
0
0
0
0
0
0
0
0
0
0
0
0
0
0
0
0
0
0
0
0
0
0
0
0
0
0
0
0
0
0
0
0
0
0
0
0
0
0
0
0
0
0
0
0
0
0
0
0
0
0
0
0
0.07
0.2
0.38
0.64
0.99
1.43
1.96
2.57
3.27
3.27
3.27
3.29
3.42
3.64
3.95
3.95
3.95
4.53
5.24
6.11
7
7.95
8.97
10.03
11.1
12.15
13.05
13.96
14.84
16.49
18.24
20.06
21.77
23.44
25.11
27.23
27.23
29.01
30.74
32.32
33.8
32.72
34
35.2
36.35
37.46
38.69
39.87
41.13
39.98
41.18
42.31
43.48
44.63
45.65
46.58
49.7
50.56
51.45
52.45
53.57
55.68
53.19
50.67
48.11
49.49
50.88
52.18
53.3
56.62
57.51
58.34
55.34
52.3
53.27
54.22
51.09
51.33
51.83
51.88
52.02
53.57
57.11
60.56
64.09
63.57
62.93
62.36
61.87
61.56
59.08
58.79
62.34
65.91
65.49
65.03
68.55
68.62
68.32
68.31
68.08
67.88
67.92
68.12
68.32
68.67
69.15
69.68
70.25
70.79
73.29
73.42
73.32
73
72.48
71.75
70.84
69.69
68.36
67.93
67.33
66.56
65.37
63.8
61.87
59.56
56.88
53.88
50.58
47.02
43.64
40.44
37.41
34.57
31.9
29.42
27.12
25.01
23.06
20.35
17.78
15.36
13.22
11.34
9.73
8.38
7.27
6.38
5.7
5.2
4.72
4.26
3.84
3.44
3.08
2.74
2.49
2.25
2.04
1.72
1.42
1.16
0.93
0.73
0.55
0.41
0.3
0.23
0.19
0.19
0.19
0.19
0.19
0.19
0.19
0.19
0.15
0.12
0.09
0.07
0.05
0.03
0.02
0.01
0
0
0
0
0
0
0
0
0
0
0
0
0
0
0
0
0
0
0
0
0
0
0
0
0
0
0
0
0
0
0
0
0
0
0
0
0
0
0
0
0
0
0
0
0
0
0
0
0
0
0
0
0
0
0
0
0
0
0
0
0
0
0
0
0
0
0
0
0
0
0
0
0
0
0
0
0
0
0
0
0
0
0
0
0
0
0
0
0
0
0
0
0
0
0
0
0
0
0
0
0
0
0
0
0
0
0
0
0
0
0
0
0
0
0
0
0
0
0
0
0
0
0
0
0
0
0
0
0
0
0
0
0
0
0
0
0
0
0
0
0
0
0
0
0
0
0
0
0
0
0
0
0
0
0
0
0
0
0
0
0
0
0
0
0
0
0
0
0
0
0
0
0
0.01
0.03
0.05
0.09
0.13
0.18
0.24
0.3
0.38
0.38
0.38
0.38
0.38
0.38
0.38
0.38
0.38
0.38
0.38
0.39
0.38
0.38
0.38
0.37
0.37
0.33
0.27
0.27
0.2
0.28
0.37
0.47
0.57
0.67
0.77
0.88
1
1.26
1.26
1.56
1.99
2.65
3.54
4.57
5.74
7.1
7.55
8.11
8.91
9.76
10.75
11.9
13.23
14.65
16.29
18.12
20.14
22.11
24.41
26.48
28.49
30.32
32.01
33.6
35.09
36.41
38.67
40.79
42.82
44.82
43.73
43.36
45.23
47.11
48.61
46.66
48.2
49.73
51.26
52.77
54.31
55.06
55.53
56.85
58.16
59.58
61.05
62.52
63.97
65.32
69.63
73.05
74.02
74.82
75.75
79.85
80.33
80.83
81.36
81.88
82.35
83.71
85.39
86.22
87.04
87.73
88.34
88.88
89.35
89.76
90.1
90.4
90.68
90.98
91.31
91.68
91.88
91.85
91.56
91.11
90.48
89.63
88.58
87.42
86.25
85.11
83.98
82.83
81.71
80.63
79.74
79.01
78.44
77.99
77.65
77.37
77.28
77.36
77.63
78.02
78.53
79.13
79.76
80.43
81.08
81.67
82.22
82.76
83.24
83.48
83.23
82.57
81.5
80.02
78.17
75.98
73.44
70.58
68.54
66.22
63.65
60.84
57.82
54.57
51.1
47.46
43.67
39.9
36.03
32.35
29.01
25.97
23.21
20.74
18.52
16.55
14.84
13.39
11.1
9.07
7.29
5.81
4.56
3.55
2.78
2.2
1.83
1.47
1.28
1.1
0.93
0.77
0.64
0.53
0.45
0.41
0.39
0.39
0.39
0.39
0.39
0.32
0.26
0.2
0.15
0.11
0.07
0.04
0.02
0.01
0
0
0
0
0
0
0
0
0
0
0
0
0
0
0
0
0
0
0
0
0
0
0
0
0
0
0
0
0
0
0
0
0
0
0
0
0
0
0
0
0
0
0
0
0
0
0
0
0
0
0
0
0
0
0
0
0
0
0
0
0
0
0
0
0
0
0
0
0
0
0
0
0
0
0
0
0
0
0
0
0
0
0
0
0
0
0
0
0
0
0
0
0
0
0
0
0
0
0
0
0
0
0
0
0
0
0
0
0
0
0
0
0
0
0
0
0
0
0
0
0
0
0
0
0
0
0
0
0
0
0
0
0
0
0
0
0
0
0
0
0
0
0
0
0
0
0
0
0
0
0
0
0
0
0
0
0
0
0
0
0
0
0
0
0
0
0.06
0.17
0.33
0.57
0.86
1.22
1.66
2.19
2.81
2.81
2.81
2.83
2.83
3.06
3.46
4.01
4.65
5.43
6.17
7.09
8.07
9.15
9.29
9.06
10.29
11.55
12.82
12.29
12.67
14.5
16.38
17.07
17.07
18.85
20.46
21.61
23.13
24.55
26.02
27.36
28.55
29.49
31.22
33.24
33.81
32.19
31.47
33.82
35.26
33.42
32.87
32.16
34.76
35.4
36.03
37
37.53
38.05
38.61
39.03
37.47
38.15
39.04
40.04
40.97
43.97
45.93
46.46
46.44
49.24
50.67
53.52
53.83
54.12
54.4
51.74
49.04
49.54
50.08
50.79
53.59
54.3
54.91
55.46
56.02
56.66
57.42
58.41
59.96
61.19
58.43
59.63
60.78
61.91
63.04
67.05
70.99
71.64
72.17
72.55
72.82
72.99
73.11
73.19
73.19
73.08
72.81
72.34
71.69
70.92
74.26
73.62
73.07
72.62
72.24
71.97
71.79
71.7
71.67
71.68
71.72
71.8
71.91
72.05
72.18
72.32
72.52
72.79
73.13
73.52
73.73
73.75
73.54
73.01
72.19
71.19
69.92
68.42
66.44
64.53
62.43
60.14
56.36
53.72
50.75
48.89
46.88
44.7
42.32
39.79
37.18
34.5
31.77
29.12
26.57
24.01
21.67
19.53
17.81
16.01
14.61
13.38
13.61
12.69
12.12
10.47
8.95
7.58
6.29
5.17
4.26
3.51
2.95
2.53
2.22
2.06
1.9
1.81
1.74
1.69
1.44
1.21
1
0.82
0.65
0.51
0.39
0.28
0.28
0.28
0.26
0.26
0.26
0.24
0.23
0.23
0.22
0.19
0.15
0.12
0.09
0.07
0.05
0.03
0.01
0
0
0
0
0
0
0
0
0
0
0
0
0
0
0
0
0
0
0
0
0
0
0
0
0
0
0
0
0
0
0
0
0
0
0
0
0
0
0
0
0
0
0
0
0
0
0
0
0
0
0
0
0
0
0
0
0
0
0
0
0
0
0
0
0
0
0
0
0
0
0
0
0
0
0
0
0
0
0
0
0
0
0
0
0
0
0
0
0
0
0
0
0
0
0
0
0
0
0
0
0
0
0
0
0
0
0
0
0
0
0
0
0
0
0
0
0
0
0
0
0
0.06
0.17
0.37
0.65
1.03
1.53
2.16
2.91
3.79
3.79
3.79
3.79
4.44
6.69
7.51
8.41
9.38
10.45
11.62
12.94
12.88
12.76
13.95
15.11
15.95
16.93
17.79
18.52
19.12
20.61
22.09
22.09
22.97
21.84
21.02
20.12
19.15
18.08
18.25
18.66
18.66
18.66
18.3
18.52
18.92
19.07
19.24
19.43
19.71
19.97
20.22
22.01
22.35
21.22
23.21
25.19
27.18
28.83
29.62
30.06
32.25
34.5
35.81
36.56
37.5
38.48
39.21
37.53
38.4
39.32
40.29
41.16
41.89
44.45
45.04
45.65
43.66
44.63
45.23
45.91
44.21
42.09
42.85
43.63
44.38
45.21
46.44
50.16
51.39
52.7
54
55.5
57.18
58.94
60.73
62.55
66.99
66.61
63.88
65.42
65.99
70.24
71.43
72.43
73.21
73.73
73.93
73.91
73.68
73.35
72.98
72.49
71.92
71.35
70.74
70.08
69.42
71.05
75.02
74.69
77.74
77.52
77.42
77.42
77.58
77.9
78.48
79.23
80.08
80.93
81.72
82.44
83.05
83.58
84.08
84.53
84.92
85.08
85.05
84.86
84.51
84.03
83.51
82.92
82.25
81.48
80.58
79.57
78.51
77.43
76.55
75.87
75.4
75.06
74.82
74.66
74.57
74.58
74.63
74.71
74.85
75.03
75.21
75.4
75.61
75.83
76.07
76.28
76.49
76.65
76.51
76.07
75.34
74.39
73.25
71.97
70.62
69.24
67.94
66.66
65.36
64.06
62.72
61.34
59.91
58.43
56.92
53.26
51.69
50.08
48.58
47.15
45.78
44.37
42.91
41.38
39.74
38.02
36.18
34.23
32.19
30.07
28.71
27.31
25.9
24.45
22.97
23.57
21.98
20.34
18.65
16.91
15.16
13.59
12.18
10.93
9.85
8.91
8.06
7.35
6.78
6.34
5.21
4.18
3.25
2.43
1.71
1.12
0.66
0.32
0.1
0
0
0
0
0
0
0
0
0
0
0
0
0
0
0
0
0
0
0
0
0
0
0
0
0
0
0
0
0
0
0
0
0
0
0
0
0
0
0
0
0
0
0
0
0
0
0
0
0
0
0
0
0
0
0
0
0
0
0
0
0
0
0
0
0
0
0
0
0
0
0
0
0
0
0
0
0
0
0
0
0
0
0
0
0
0
0
0
0
0
0
0
0
0
0
0
0
0
0
0
0
0
0
0
0
0
0
0
0
0
0
0
0
0
0
0
0
0
0
0
0
0
0
0
0
0
0
0
0
0
0
0
0
0
0
0
0
0
0
0
0
0
0
0
0
0
0
0
0
0
0
0
0
0
0
0
0
0
0
0
0
0
0
0
0
0
0
0.08
0.22
0.43
0.72
1.1
1.56
2.11
2.76
3.54
3.54
3.62
3.62
3.62
3.62
3.62
3.62
4.52
5.53
6.57
7.74
8.89
10.04
11.17
12.29
13.38
14.44
15.47
16.45
17.28
17.42
17.52
19.36
21.29
23.02
24.96
27.16
28.56
29.93
31.36
32.64
33.14
33.96
35.18
36.43
37.67
39
40.37
41.81
43.32
43.3
43.12
43.06
44.25
45.66
46.88
47.87
47.65
47.81
48.63
49.48
51.19
52.66
53.74
54.77
55.81
56.69
57.42
58.09
58.84
62.69
66.77
69.03
69.96
68.54
67.79
68.53
70.62
72.29
73.21
74.03
74.68
75.18
75.61
76.04
76.44
76.87
77.37
77.76
77.94
77.9
77.65
77.44
77.25
79.39
80.82
80.8
80.61
80.48
80.43
80.53
80.67
80.83
80.98
81.01
80.69
80.88
80.3
78.27
78.06
78.56
79.18
79.83
80.47
81.1
81.72
82.16
82.37
82.39
82.23
81.95
81.59
80.86
79.47
78.99
78.89
78.21
78.18
79.61
79.24
78.22
77.11
76.02
74.93
73.8
72.66
71.65
70.78
70.04
69.43
68.92
68.4
68.21
67.6
66.51
66.04
65.59
65.2
64.79
64.37
63.96
63.56
63.01
62.35
61.7
61.01
59.71
58.46
57.42
56.21
54.85
53.45
52.07
51.7
50.9
49.37
47.77
46.05
43.08
40.03
37.03
34.61
31.77
29.03
26.33
23.69
22.52
21.17
19.46
17.75
16.04
15.33
14.66
13.93
13.19
12.41
11.63
10.83
11.19
11.53
11.7
11.19
11.19
11.19
11.19
11.19
10.32
9.59
8.98
8.51
8.16
6.9
5.65
4.51
3.46
2.53
1.71
1.04
0.53
0.19
0.02
0
0
0
0
0
0
0
0
0
0
0
0
0
0
0
0
0
0
0
0
0
0
0
0
0
0
0
0
0
0
0
0
0
0
0
0
0
0
0
0
0
0
0
0
0
0
0
0
0
0
0
0
0
0
0
0
0
0
0
0
0
0
0
0
0
0
0
0
0
0
0
0
0
0
0
0
0
0
0
0
0
0
0
0
0
0
0
0
0
0
0
0
0
0
0
0
0
0
0
0
0
0
0
0
0
0
0
0
0
0
0
0
0
0
0
0
0
0
0
0
0
0
0
0
0
0
0
0
0
0
0
0
0
0
0
0
0
0
0
0
0
0
0
0
0
0
0
0
0
0
0.15
0.45
0.86
1.4
2.09
2.93
3.95
5.14
6.47
6.87
6.87
7.49
8.18
8.96
9.86
10.87
12
13.23
14.59
16.07
17.39
18.61
19.79
20.9
20.21
20.47
19.45
19.64
18.32
19.41
20.97
22
23.02
23.96
24.83
25.59
26.26
26.83
27.27
27.57
27.83
27.97
27.97
27.84
29.38
29.85
31.42
31.65
31.65
31.83
31.74
31.83
31.93
32.07
32.24
32.5
32.87
33.29
33.71
34.2
34.81
35.62
36.57
37.8
39.22
40.79
42.59
44.48
48.08
50.1
52.43
54.56
56.78
59.07
61.36
63.61
65.72
67.82
70.13
72.45
74.76
72.3
71.1
73
74.58
75.81
76.67
77.33
77.77
78.01
78.07
77.93
77.48
76.75
75.86
74.85
73.82
72.68
71.36
69.94
68.45
68.45
67.11
65.8
64.7
63.86
63.19
62.64
62.28
62.1
62.07
61.78
62.19
62.78
63.55
64.39
65.29
66.21
67.13
68.07
69
72.98
76.85
77.26
77.46
77.48
77.39
77.18
76.63
73.95
72.78
71.74
69.96
67.92
65.58
63.02
60.25
58.38
56.35
54.09
51.7
49.25
46.72
44.12
41.46
38.68
35.78
32.8
30.07
29.4
27.16
25.14
23.32
21.69
20.29
19.08
18.06
16.13
14.35
12.73
11.24
9.88
8.66
7.6
6.68
5.93
5.34
5.22
5.07
4.89
4.68
4.46
4.22
3.95
3.67
3.36
3.05
2.72
2.44
2.19
1.98
1.81
1.68
1.59
1.53
1.51
1.51
1.22
0.97
0.75
0.55
0.39
0.26
0.15
0.08
0.03
0
0
0
0
0
0
0
0
0
0
0
0
0
0
0
0
0
0
0
0
0
0
0
0
0
0
0
0
0
0
0
0
0
0
0
0
0
0
0
0
0
0
0
0
0
0
0
0
0
0
0
0
0
0
0
0
0
0
0
0
0
0
0
0
0
0
0
0
0
0
0
0
0
0
0
0
0
0
0
0
0
0
0
0
0
0
0
0
0
0
0
0
0
0
0
0
0
0
0
0
0
0
0
0
0
0
0
0
0
0
0
0
0
0
0
0
0
0
0
0
0
0
0
0
0
0
0
0
0
0
0
0
0
0
0
0
0
0
0
0
0
0
0
0
0
0
0
0
0
0
0
0
0
0
0
0
0
0
0
0
0
0
0
0
0
0
0
0
0
0
0
0
0
0
0
0
0
0
0
0
0
0
0
0
0
0
0
0
0
0
0
0
0
0
0
0
0
0
0
0
0
0
0
0
0
0
0.08
0.24
0.5
0.86
1.34
1.88
2.51
3.23
4.05
4.05
4.07
4.07
4.17
4.41
4.79
5.34
6.08
7
8.11
9.39
10.59
11.83
13.05
14.25
15.41
16.63
17.88
18.71
19.99
22.2
24.46
26.84
29.21
31.55
33.74
35.76
37.57
39.21
40.67
42.01
43.42
44.7
45.91
47.03
46.97
46.35
47.2
48.37
49
46.79
47.27
47.66
47.99
48.23
48.56
49
49.55
50.1
50.67
51.18
51.73
52.4
53.07
53.84
55.81
58.35
59.39
60.49
61.66
65.64
62.89
64.15
65.42
66.71
67.93
69.05
70.02
70.91
71.76
72.63
73.27
73.76
74.26
74.59
71.04
70.9
70.58
70.09
69.46
68.7
71.84
70.86
69.75
68.52
67.13
65.65
64.2
61.9
60.44
58.94
57.47
55.97
54.41
52.99
53.36
52.29
51.34
50.48
49.69
48.97
48.31
47.75
47.31
47.02
44.28
44.39
44.6
45.78
46.14
46.55
47.1
47.71
48.35
48.82
51.18
51.35
51.47
51.53
51.53
51.46
51.36
50.91
50.6
50.17
52.22
51.45
50.53
49.5
48.38
47.2
45.94
44.61
43.24
41.92
40.67
39.41
38.12
36.82
35.55
34.26
32.93
31.85
30.45
28.31
26.25
24.43
22.8
20.95
19.17
17.44
15.75
14.82
13.83
12.79
11.68
10.58
9.48
8.39
7.25
6.12
5.19
4.27
3.48
3.51
3.54
3.41
3.16
3.17
3.18
3.19
3.19
2.49
1.91
1.44
1.08
0.79
0.58
0.43
0.35
0.35
0.23
0.18
0.14
0.1
0.07
0.05
0.03
0.01
0
0
0
0
0
0
0
0
0
0
0
0
0
0
0
0
0
0
0
0
0
0
0
0
0
0
0
0
0
0
0
0
0
0
0
0
0
0
0
0
0
0
0
0
0
0
0
0
0
0
0
0
0
0
0
0
0
0
0
0
0
0
0
0
0
0
0
0
0
0
0
0
0
0
0
0
0
0
0
0
0
0
0
0
0
0
0
0
0
0
0
0
0
0
0
0
0
0
0
0
0
0
0
0
0
0
0
0
0
0
0
0
0
0
0
0
0
0
0
0
0
0
0
0
0
0
0
0
0
0
0
0
0
0
0
0
0
0
0
0
0
0
0
0
0
0
0
0
0
0
0
0
0
0.01
0.03
0.13
0.33
0.61
0.98
1.42
1.95
2.58
3.17
3.89
3.89
3.98
4.18
4.53
5
5.59
6.33
7.18
8.17
9.24
10.43
11.58
12.7
13.81
14.83
15.84
16.84
17.8
18.82
19.76
21.44
23.04
24.54
25.88
27.13
28.28
29.31
30.24
31.06
29.98
30.65
31.26
31.8
32.3
32.86
33.41
33.89
34.39
34.94
33.3
33.96
32.91
33.73
34.64
35.59
36.57
37.59
38.69
39.86
42.93
41.29
42.59
44.03
45.54
47.07
48.63
50.26
51.89
53.42
57.14
58.51
61.6
62.85
64.05
65.19
66.31
67.39
68.37
69.17
69.83
73.33
70.8
71.19
71.43
71.55
71.5
71.3
70.97
70.61
70.21
69.74
69.23
68.63
68
67.34
66.63
65.81
64.93
64.11
63.37
62.65
61.99
58.31
57.24
56.03
55.31
54.67
54.13
50.78
47.47
47.05
46.71
46.39
46.16
45.12
41.99
38.94
38.06
37.01
36.78
36.75
39.74
42.75
40.53
41.16
41.05
41.35
41.67
44.82
47.96
48.24
48.43
48.56
48.52
49.29
52.11
54.8
55.3
55.97
55.66
54.99
54.18
53.25
54.86
53.57
52.22
49.11
45.96
44.42
42.86
41.2
39.46
37.87
36.35
34.83
33.32
31.9
30.58
29.27
28.07
26.95
25.93
25.05
24.25
23.66
23.42
24.39
25.25
24.36
23.41
22.48
21.56
20.45
19.25
17.96
17.47
16.95
16.33
15.63
15
14.31
13.55
12.67
11.72
10.71
9.64
8.68
7.84
7.11
6.48
5.96
5.55
5.26
5.07
5.01
4.18
3.44
2.78
2.22
1.61
1.1
0.7
0.38
0.17
0.06
0.03
0.02
0.01
0
0
0
0
0
0
0
0
0
0
0
0
0
0
0
0
0
0
0
0
0
0
0
0
0
0
0
0
0
0
0
0
0
0
0
0
0
0
0
0
0
0
0
0
0
0
0
0
0
0
0
0
0
0
0
0
0
0
0
0
0
0
0
0
0
0
0
0
0
0
0
0
0
0
0
0
0
0
0
0
0
0
0
0
0
0
0
0
0
0
0
0
0
0
0
0
0
0
0
0
0
0
0
0
0
0
0
0
0
0
0
0
0
0
0
0
0
0
0
0
0
0
0
0
0
0
0
0
0
0
0
0
0
0
0
0
0
0
0
0
0
0
0
0
0
0
0
0
0
0.01
0.09
0.27
0.55
0.92
1.39
1.95
2.59
3.32
4.13
4.67
5.28
5.28
6.08
6.96
7.96
9.08
10.29
10.29
10.29
11.53
11.83
12.69
13.85
15.29
16.42
15.86
15.4
16.67
17.9
19.45
21
22.99
24.44
25.86
26.97
28.25
29.53
32.1
32.1
33.44
35.64
34.94
33.5
34.55
35.93
39.01
41.95
43.13
44.31
45.46
46.58
47.9
49.07
50.26
51.08
52.34
53.23
50.66
54.55
54.96
55.38
59.34
63.73
65.31
66.8
63.72
61.81
63.3
64.73
66.15
67.5
68.83
70
71.04
72.65
73.47
74.51
75.58
74.9
75.58
75.64
75.34
74.89
74.32
73.66
77.41
79.85
78.8
77.76
76.7
75.67
74.73
73.97
73.2
72.49
71.98
71.66
74.72
75.69
76.21
77.28
77.16
77.28
77.62
78
78.44
78.97
79.57
80.15
80.74
81.33
81.73
81.92
81.57
81.32
81.03
80.65
80.17
79.58
78.89
78.22
77.77
77.09
76.16
75.17
74.14
73.06
71.58
69.96
68.74
65.21
61.1
57.09
55.46
54.2
52.41
50.97
50.13
49.55
49.05
48.6
48.16
47.8
47.54
47.35
47.14
46.93
47.04
47.25
46.99
48.98
51.58
54.13
53.01
50.69
48.79
46.51
43.7
41.29
40.1
38.92
35.93
32.92
31.09
28.08
26.9
24.01
21.18
20.25
19.42
18.63
17.88
17.16
18.32
20.11
21.85
23.57
25.27
26.39
26.23
25.96
27.41
28.75
28.78
29.88
29.09
30
30.8
29.65
28.75
27.78
26.71
25.57
23.86
22.43
21.1
19.7
18.21
16.63
14.96
13.43
12.02
10.71
9.55
8.5
7.55
6.68
5.91
5.24
4.28
3.4
2.63
1.95
1.84
1.48
1.07
0.75
0.53
0.41
0.41
0.36
0.33
0.3
0.24
0.19
0.14
0.11
0.08
0.05
0.03
0.02
0.01
0
0
0
0
0
0
0
0
0
0
0
0
0
0
0
0
0
0
0
0
0
0
0
0
0
0
0
0
0
0
0
0
0
0
0
0
0
0
0
0
0
0
0
0
0
0
0
0
0
0
0
0
0
0
0
0
0
0
0
0
0
0
0
0
0
0
0
0
0
0
0
0
0
0
0
0
0
0
0
0
0
0
0
0
0
0
0
0
0
0
0
0
0
0
0
0
0
0
0.1
0.27
0.5
0.77
1.11
1.52
2
2.56
3.2
3.55
3.97
4.47
5.04
5.04
5.76
6.57
7.46
8.43
9.34
9.34
10.41
11.52
12.71
12.43
12.09
11.68
11.2
10.64
11.6
12.87
14.09
15.26
16.39
18.15
19.2
20.17
19.28
18.69
19.59
21.35
20.19
18.91
19.13
20.79
22.5
22.79
23.53
25.38
25.7
26.09
26.5
24.83
25.25
25.65
26.09
26.51
28.84
30.82
31.46
31.79
34.28
36.79
37.74
38.69
36.99
36.7
38.6
39.37
40.05
40.66
41.16
43.78
44.33
44.86
45.4
46
46.48
47.13
47.88
49.13
50.12
51.21
52.18
53.17
56.85
60.56
61.68
62.87
64.12
65.42
66.8
68.13
69.46
70.82
72.16
73.42
74.64
75.49
76.03
76.26
74.58
74.41
74.32
74.16
73.77
73.12
71.05
69.9
69.68
69.41
65.47
64.76
64.24
60.2
56.61
56.2
55.9
55.78
55.79
56.07
58.18
58.74
59.34
60.03
60.96
62.15
64.77
66.47
67.19
67.93
72.32
73.44
74.32
78.7
82.6
83.33
84.01
82.75
82.55
83.06
83.43
83.68
83.76
83.72
83.5
83.15
82.6
81.94
81.2
80.36
79.42
78.42
77.38
76.25
75.04
73.79
72.49
73.06
71.45
70.07
68.76
67.51
66.38
65.32
61.32
60.49
59.86
56.17
55.67
55.28
54.96
54.7
51.38
51.13
50.89
50.68
50.47
50.25
51.13
48.15
47.16
46.75
45.68
42.65
42.65
41.39
38.6
38.6
36.75
34.7
32.57
30.32
31.64
29.84
27.99
26.02
23.95
21.77
19.5
19.88
18.13
15.68
13.77
13.81
13.84
12.06
11.74
11.76
10.5
9.42
8.43
7.58
6.26
5.06
3.96
3
2.18
1.52
0.98
0.6
0.35
0.23
0.19
0.15
0.11
0.08
0.06
0.04
0.02
0.01
0
0
0
0
0
0
0
0
0
0
0
0
0
0
0
0
0
0
0
0
0
0
0
0
0
0
0
0
0
0
0
0
0
0
0
0
0
0
0
0
0
0
0
0
0
0
0
0
0
0
0
0
0
0
0
0
0
0
0
0
0
0
0
0
0
0
0
0
0
0
0
0
0
0
0
0
0
0
0
0
0
0
0
0
0
0
0
0
0
0
0
0
0
0
0
0
0
0
0
0
0
0
0
0
0
0
0
0
0
0
0
0
0
0
0
0
0
0
0
0
0
0
0
0
0
0
0
0
0
0
0
0
0
0
0
0
0
0
0
0.05
0.15
0.3
0.48
0.71
0.98
1.29
1.64
2.04
2.16
2.34
2.58
2.9
2.9
3.38
3.93
4.56
5.23
5.94
6.69
7.42
8.13
7.98
8.71
9.49
10.27
11.07
10.99
11.81
12.96
14.17
15.38
16.57
16.57
17.76
18.95
20.15
21.44
22.86
22.11
23.68
25.32
27.8
29.36
30.88
32.37
33.86
33.59
35.1
36.71
38.26
39.85
41.44
41.44
42.99
44.49
45.97
47.37
48.64
52.1
53.13
54.07
55.04
56.16
57.24
58.32
59.38
62.99
63.89
64.58
65.21
65.75
66.27
69.89
70.41
70.92
71.42
71.97
72.6
73.24
74.07
75
75.87
76.59
77.3
77.98
78.64
79.37
80.07
80.84
81.58
82.32
83.01
83.46
83.22
83.35
83.79
84.01
83.99
83.76
83.31
82.68
82.01
81.35
80.68
80.06
79.43
78.8
78.14
77.46
76.86
76.29
75.79
75.59
76.05
76.16
75.98
75.92
76.07
76.42
76.89
77.49
78.12
78.8
79.5
80.2
80.9
81.6
82.37
83.19
83.92
84.56
85.07
85.41
85.56
85.56
85.43
85.22
84.86
84.44
83.96
83.41
82.79
82.03
81.21
80.32
79.46
78.64
77.79
76.86
75.94
74.65
70.34
69.64
69.07
68.6
68.2
67.82
64.02
63.58
63.12
62.68
62.29
62.04
61.82
61.61
58.07
56.78
53.19
52.65
52.08
49.29
51.41
50.66
49.8
48.88
47.9
46.92
49.42
48.56
47.72
46.82
45.85
44.83
43.8
42.75
44.89
44.66
46.65
45.61
44.56
46.12
45.81
44.83
43.22
42.29
41.37
40.46
39.53
38.58
37.65
36.76
35.92
35.09
34.21
33.36
32.59
31.88
31.2
30.51
29.83
29.11
28.34
27.54
26.47
25.57
24.64
23.67
22.11
20.56
19.74
18.31
17.34
15.88
14.47
13.4
12.26
10.91
9.76
8.6
7.42
6.33
5.32
4.4
4.43
3.67
2.98
2.36
2.36
2.36
1.67
1.6
1.08
1.08
1.08
0.78
0.54
0.54
0.38
0.27
0.21
0.16
0.12
0.08
0.05
0.02
0.01
0
0
0
0
0
0
0
0
0
0
0
0
0
0
0
0
0
0
0
0
0
0
0
0
0
0
0
0
0
0
0
0
0
0
0
0
0
0
0
0
0
0
0
0
0
0
0
0
0
0
0
0
0
0
0
0
0
0
0
0
0
0
0
0
0
0
0
0
0
0
0
0
0
0
0
0
0
0
0
0
0
0
0
0
0
0
0
0
0
0
0
0
0
0
0
0
0
0
0
0
0
0
0
0
0
0
0
0
0
0
0
0
0
0
0
0
0
0
0
0
0
0
0
0
0
0
0
0.02
0.06
0.13
0.2
0.29
0.4
0.52
0.73
1.04
1.36
1.77
2.3
2.96
3.74
4.64
5.68
6.03
6.03
6.03
6.03
6.84
7.39
8.19
9.34
10.6
11.95
13.4
14.83
16.12
17.37
18.57
19.71
20.76
21.54
22.04
22.85
22.49
22.49
22.49
24.36
25.37
24.78
25.51
26.58
27.5
28.32
29.05
29.76
30.57
31.46
31.57
31.85
31.62
31.55
32.18
32.33
34.67
37.09
39.53
40.02
39.89
41.02
39.85
37.55
35.29
34.34
34.51
34.98
35.45
35.84
34.62
32.68
32.43
33.85
35
36.21
37.11
37.98
38.94
40.1
42.03
42.6
43.21
46.43
47.88
46.76
48.44
49.8
51.1
52.4
53.77
53.77
56.7
58.02
59.09
60.17
61.26
62.28
63.05
63.56
63.85
65.99
68.72
69.21
71.43
74.89
74.37
73.81
73.24
72.67
74.4
77.99
77.41
76.77
76.18
75.62
75.08
74.35
73.46
73.39
73.48
73.68
73.97
74.33
74.72
75.11
75.51
75.88
76.24
76.56
76.8
77.03
77.23
77.44
77.44
77.26
76.9
76.67
76.63
75.78
74.77
73.62
72.35
71
69.56
68.07
66.55
65.04
63.54
62.06
60.6
59.13
57.61
56.06
54.55
53.07
51.6
50.13
48.71
47.38
45.73
44.25
42.95
41.38
39.82
38.43
37.59
36.79
34.33
31.9
30.77
30.03
29.55
29.15
28.84
28.66
28.64
28.75
28.92
29.1
29.72
30.32
30.81
31.67
32.58
33.29
33.38
33.35
34.9
36.28
36.25
35.39
33.59
31.77
29.93
28.04
26.46
25.48
24.44
23.29
22.02
20.64
19.16
17.58
15.93
14.21
12.54
10.89
9.37
8.06
6.89
6.2
6.23
6.23
6.23
6.25
5.88
4.88
3.93
3.1
2.39
1.78
1.27
0.93
0.66
0.55
0.5
0.54
0.53
0.49
0.44
0.4
0.37
0.37
0.37
0.35
0.35
0.35
0.35
0.35
0.35
0.35
0.35
0.28
0.22
0.17
0.12
0.08
0.05
0.03
0.02
0.01
0
0
0
0
0
0
0
0
0
0
0
0
0
0
0
0
0
0
0
0
0
0
0
0
0
0
0
0
0
0
0
0
0
0
0
0
0
0
0
0
0
0
0
0
0
0
0
0
0
0
0
0
0
0
0
0
0
0
0
0
0
0
0
0
0
0
0
0
0
0
0
0
0
0
0
0
0
0
0
0
0
0
0
0
0
0
0
0
0
0
0
0
0
0
0
0
0
0
0
0
0
0
0
0
0
0
0
0
0
0
0
0
0
0
0
0
0.01
0.03
0.06
0.1
0.16
0.35
0.63
1.01
1.51
2.11
2.86
3.72
4.68
5.63
5.63
5.63
6.58
7.78
8.89
8.89
8.88
8.98
10.71
12.54
14.46
16.24
17.91
19.52
20.98
22.37
23.46
24.53
25.71
26.7
28.79
31.04
32.37
33.49
34.11
35.49
36.44
37.46
35.7
33.83
31.86
32.44
33.98
35.58
34.77
32.79
31.53
33.45
35.25
37.26
39.13
40.78
42.32
43.39
45.21
47.55
50.31
52.45
55.81
55.81
56.24
56.76
56.71
56.11
57.38
60.41
63.24
62.92
62.58
62.25
61.68
61.66
62.1
63.13
64.12
65.04
66.17
67.85
69.52
74.51
79.07
80.97
82.54
84.54
87.11
89.04
89.84
90.29
90.46
91.43
92.68
93.41
93.62
93.51
93.18
92.64
91.82
90.76
89.58
88.43
87.33
86.25
85.1
83.94
82.8
81.78
81.6
81.71
82.08
81.68
81.3
81.03
81.01
81.2
81.56
82.05
82.67
83.42
84.26
85.12
85.96
86.78
87.63
88.51
89.38
90.04
90.51
90.81
90.98
90.99
90.79
90.38
89.78
89.02
88.1
87.03
85.85
84.55
83.17
81.69
80.13
78.52
76.83
75.09
73.41
71.88
70.49
69.23
68.09
67.11
66.28
65.61
65.03
64.6
64.26
64.02
63.81
63.62
63.34
62.96
62.51
61.96
61.23
60.37
59.3
57.97
56.38
55.1
53.56
51.73
49.21
46.16
43.49
40.78
37.92
34.86
31.73
28.6
25.69
22.93
20.3
17.83
15.6
13.53
11.61
9.9
8.41
6.56
4.93
3.54
2.82
2.61
2.02
1.42
0.98
0.74
0.64
0.58
0.48
0.39
0.31
0.23
0.17
0.11
0.07
0.03
0.01
0
0
0
0
0
0
0
0
0
0
0
0
0
0
0
0
0
0
0
0
0
0
0
0
0
0
0
0
0
0
0
0
0
0
0
0
0
0
0
0
0
0
0
0
0
0
0
0
0
0
0
0
0
0
0
0
0
0
0
0
0
0
0
0
0
0
0
0
0
0
0
0
0
0
0
0
0
0
0
0
0
0
0
0
0
0
0
0
0
0
0
0
0
0
0
0
0
0
0
0
0
0
0
0
0
0
0
0
0
0
0
0
0
0
0
0
0
0
0
0
0
0
0
0
0
0
0
0
0
0
0
0
0
0
0
0
0
0
0
0
0
0
0
0
0
0
0
0
0
0
0
0
0
0
0
0
0
0
0
0
0
0
0
0
0
0
0
0
0
0
0
0.01
0.12
0.32
0.61
1.01
1.53
2.17
2.9
3.72
4.4
4.46
4.64
4.95
5.39
5.98
6.72
7.63
8.69
9.62
10.88
12.43
13.97
15.51
16.97
16.57
16.05
17.32
18.6
19.88
21.39
23.6
25.74
27.8
29.78
31.63
33.31
34.8
36.2
37.76
38.68
39.54
40.47
40.05
38.51
40.69
43.43
44.38
45.33
46.33
47.32
46.08
44.63
45.51
46.51
47.6
48.8
50.01
50.6
51.3
52.02
52.84
53.92
56.3
59.39
60.8
58.05
55.2
52.23
49.13
47.78
46.74
45.88
45.55
46.28
46.91
44.48
43.38
44.46
45.61
47.12
48.31
49.08
49.82
50.99
51.89
56.37
60.81
65.18
69.48
71.89
76.05
80.12
81.16
80.88
80.52
83.07
84.24
83.65
82.9
82.05
81.13
80.14
79.05
77.87
76.65
75.45
74.34
72.94
71.86
71.01
70.19
69.6
69.26
69.1
69.06
69.14
69.32
69.67
69.94
70.27
70.44
70.85
71.39
72.02
72.68
73.2
73.58
74.19
70.97
67.59
67.32
67
66.43
65.58
63.61
62.18
60.94
59.58
58.14
56.6
54.94
53.13
49.87
46.52
43.84
42
40.27
38.5
39.92
39.92
36.86
34.59
33.06
31.6
29.82
27.44
24.81
22.28
19.95
17.61
15.59
14.02
14.52
14.96
14.59
13.31
11.88
10.16
8.9
9.1
9.21
8.32
6.78
5.38
5.38
5.38
5.38
5.38
5.28
5.36
5.43
5.02
3.94
2.98
2.16
1.49
0.98
0.88
0.73
0.53
0.42
0.42
0.42
0.42
0.42
0.42
0.42
0.42
0.42
0.34
0.27
0.21
0.15
0.11
0.07
0.04
0.02
0.01
0
0
0
0
0
0
0
0
0
0
0
0
0
0
0
0
0
0
0
0
0
0
0
0
0
0
0
0
0
0
0
0
0
0
0
0
0
0
0
0
0
0
0
0
0
0
0
0
0
0
0
0
0
0
0
0
0
0
0
0
0
0
0
0
0
0
0
0
0
0
0
0
0
0
0
0
0
0
0
0
0
0
0
0
0
0
0
0
0
0
0
0
0
0
0
0
0
0
0
0
0
0
0
0
0
0
0
0.05
0.14
0.28
0.47
0.73
1.04
1.4
1.82
2.31
2.31
2.31
2.31
2.31
2.31
2.31
2.31
2.74
2.74
2.74
2.74
2.69
2.65
2.52
2.32
2.07
1.76
1.4
1.19
0.72
0.72
0.72
1.02
2.15
12.88
14.1
15.37
16.28
17.28
18.5
19.95
21.37
22.8
24.35
25.93
27.49
29.04
29.65
29.44
29.41
29.95
30.89
30.6
29.46
18.96
18.46
18.1
16.77
15.76
14.54
14.3
14.58
14.77
13.89
12.41
12.23
11.86
11.25
11.35
13.13
14.65
15.86
18.05
19.59
21.19
22.78
24.33
26.88
29.55
32.34
34.01
35.22
36.39
38.5
41.2
42.67
44.4
47.04
49.43
50.75
51.88
52.99
54.02
55.69
57.14
58.16
59.03
59.67
59.92
59.54
56.79
56.45
56.95
57.57
58.23
58.81
59.36
59.4
59.8
60
60.08
59.95
59.94
59.85
59.62
59.25
58.06
57.38
57.38
57.13
57
54.44
52.61
52.02
51.49
51
50.46
50.51
50.25
49.75
49.35
49.1
48.81
48.65
48.67
48.78
46.87
45.02
45.21
46.34
49.7
53.12
55.06
55.68
55.94
56.16
56.6
57.32
58.16
58.85
59.45
60.06
60.61
61.07
61.3
61.47
64.4
66.87
66.52
66.11
65.73
65.2
64.5
63.75
61.9
60.67
59.79
58.64
57.38
55.72
54.56
53.47
51.94
48.51
45.2
41.98
40.19
39.3
38.76
37.86
34.89
32.1
30.58
29.14
29.88
30.03
29.62
29.41
29.33
29.67
29.52
29.32
29.6
31.8
34.02
36.23
37.05
36.94
36.84
36.97
38.96
40.82
41.61
42.27
41.22
39.95
39.22
38.81
38.25
37.54
36.67
35.69
34.59
33.42
32.15
30.84
29.47
28.09
26.69
25.25
23.25
21.28
19.26
17.67
17.04
16.56
15.51
14.13
12.86
11.69
10.64
9.68
8.8
7.77
6.81
5.92
5.28
4.7
4.15
3.67
3.67
3.67
3.67
3.35
2.95
2.63
2.34
2.02
1.73
1.45
1.19
1.34
1.44
1.73
1.98
2.2
2.2
2.18
2.11
2
2.04
2.04
2.04
2.04
2.04
2.04
2.04
2.04
2.04
2.04
2.04
1.65
1.31
1.02
0.77
0.55
0.37
0.21
0.11
0.03
0
0
0
0
0
0
0
0
0
0
0
0
0
0
0
0
0
0
0
0
0
0
0
0
0
0
0
0
0
0
0
0
0
0
0
0
0
0
0
0
0
0
0
0
0
0
0
0
0
0
0
0
0
0
0
0
0
0
0
0
0
0
0
0
0
0
0
0
0
0
0
0
0
0
0
0
0
0
0
0
0
0
0
0
0
0
0
0
0
0
0
0
0
0
0
0
0
0
0
0
0
0
0
0.09
0.27
0.54
0.91
1.34
1.9
2.57
3.33
4.19
4.19
4.45
4.45
4.65
5.56
6.68
6.68
6.68
7.51
9.26
9.26
9.17
8.99
8.72
8.56
9.67
11.29
12.89
14.45
15.88
17.38
17.77
18.79
20.49
21.91
22.98
24.98
26.63
27.66
27.89
29.82
31.47
32.09
32.09
31.89
30.33
28.75
27.72
27.25
27.43
28.45
30.38
31.79
29.9
27.57
28.02
28.9
30.21
31.31
32.35
33.45
34.84
37.18
40.19
43.32
43.61
44.76
46.68
47.79
48.39
49.07
49.67
50.3
53.27
56.35
56.8
57
54.71
51.74
48.73
45.7
44.39
44.62
44.85
45.17
47.61
47.42
47.93
48.73
49.52
50.3
51.25
52.43
53.32
53.99
55.01
56.38
60.2
64.7
69.21
73.76
76.48
77.68
78.71
79.44
80.82
83.42
83.85
84.15
84.28
84.25
84.05
83.73
83.78
83.9
83.77
83.36
82.97
82.62
82.28
81.92
81.67
81.54
81.53
81.56
81.06
80.81
80.94
81.04
81.36
81.66
81.95
81.91
81.61
81.85
81.74
81.15
80.93
80.57
80.09
79.53
78.88
78.16
77.37
76.59
76.36
75.81
74.87
73.98
72.92
71.87
70.82
70.08
69.6
68.66
68.03
67.83
67.23
66.7
66.31
66.04
65.85
65.75
65.7
62.27
58.89
55.55
55.65
58.81
58.89
58.98
58.84
58.45
58.37
58.3
58.06
57.66
57.18
56.6
55.85
54.65
53.36
51.9
50.25
51.71
51.71
51.71
49.43
43.97
41.32
39.16
37.14
35.29
32.99
30.49
27.97
25.3
22.7
20.16
17.68
15.52
13.42
11.46
9.69
8.23
8.23
8.23
7.12
6.15
5.48
4.33
3.32
2.42
1.67
1.06
0.59
0.4
0.22
0.07
0
0
0
0
0
0
0
0.09
0.16
0.23
0.29
0.34
0.38
0.41
0.43
0.44
0.45
0.45
0.45
0.45
0.45
0.45
0.45
0.45
0.45
0.45
0.45
0.36
0.29
0.22
0.16
0.11
0.07
0.04
0.02
0.01
0
0
0
0
0
0
0
0
0
0
0
0
0
0
0
0
0
0
0
0
0
0
0
0
0
0
0
0
0
0
0
0
0
0
0
0
0
0
0
0
0
0
0
0
0
0
0
0
0
0
0
0
0
0
0
0
0
0
0
0
0
0
0
0
0
0
0
0
0
0
0
0
0
0
0
0
0
0
0
0
0
0
0
0
0
0
0
0
0
0
0
0
0
0
0
0
0
0
0
0
0
0
0
0
0
0
0
0
0
0
0
0
0
0
0
0
0
0
0
0
0
0
0
0
0.06
0.18
0.37
0.64
1.01
1.46
2
2.61
3.3
3.55
3.88
4.29
4.82
5.47
6.1
6.89
7.8
7.8
7.8
7.8
7.74
7.62
8.28
9.37
10.58
12.02
13.44
14.61
15.72
17.36
18.99
20.43
21.57
22.83
24.32
25.3
26.29
28.46
30.66
32.5
34.7
37.06
38.55
39.6
40.61
41.23
41.9
42.88
43.83
44.63
45.56
46.65
47.36
48.17
49.08
50.27
50.95
48.78
46.68
44.83
42.63
40.28
40.57
39.9
39.79
39.47
39.64
40.07
40.97
42.38
43.82
45.3
47.5
49.49
51.21
53.02
55.25
60.13
64.95
69.91
74.87
79.82
82.09
85.22
87.62
90.31
92.3
93.79
94.67
94.95
94.91
94.69
94.24
93.59
92.85
92.09
91.31
90.43
89.58
88.75
88.02
87.42
86.94
86.51
86.11
85.72
85.46
85.33
85.35
85.53
85.23
85.36
85.81
86.32
86.86
87.43
87.99
88.16
87.3
84.02
79.79
75.44
74.7
74.21
73.64
73.03
72.32
71.56
70.72
69.86
69.59
68.84
67.79
66.73
65.64
64.49
63.27
62.45
59.24
58.39
61.56
64.79
64.32
63.51
62.72
61.85
60.99
60.18
59.42
58.59
57.68
56.83
55.98
53.43
51.38
50.48
49.62
48.23
48.75
48.75
45.58
42.35
40.68
39.72
38.33
35.33
32.37
31.18
29.8
28.66
28.1
27.61
27.16
28.45
29.22
28.85
28.45
28.61
30.18
32.22
34.16
36.02
36.18
35.49
35.1
36.25
37.23
36.28
35.35
34.15
32.29
31.01
29.64
28.16
26.62
25.01
23.33
21.54
19.68
17.76
15.88
14.02
12.33
10.82
9.48
8.33
7.35
6.52
5.85
5.33
4.95
3.98
3.12
2.36
1.72
1.17
0.74
0.41
0.18
0.06
0
0
0
0
0
0
0
0
0
0
0
0
0
0
0
0
0
0
0
0
0
0
0
0
0
0
0
0
0
0
0
0
0
0
0
0
0
0
0
0
0
0
0
0
0
0
0
0
0
0
0
0
0
0
0
0
0
0
0
0
0
0
0
0
0
0
0
0
0
0
0
0
0
0
0
0
0
0
0
0
0
0
0
0
0
0
0
0
0
0
0
0
0
0
0
0
0
0
0
0
0
0
0
0
0
0
0
0
0
0
0.09
0.24
0.44
0.7
1.01
1.37
1.79
2.26
2.79
2.79
2.79
2.79
2.79
2.79
2.79
2.79
2.79
3.23
4.11
5.06
6.03
7.05
15.91
16.91
17.93
18.63
18.24
18.63
19.57
21.02
22.5
24.05
25.65
27.28
28.91
30.23
31.72
32.97
33.79
34.53
35.16
35.54
27.97
28.28
28.55
28.74
29.66
30.45
30.83
30.92
29.44
28.74
28.91
29.09
29.27
29.65
30.02
30.25
30.19
29.95
29.04
28.16
28.23
28.77
29.38
28.64
27.69
26.05
24.19
22.65
23.9
25.08
25.62
25.96
26.14
26.84
27.46
27.97
28.89
30.04
31.97
34.13
35.4
35.87
36.03
37.75
41.11
44.86
48.75
52.73
55.46
57.44
59.16
61.01
63.03
64.59
66.1
66.77
68.25
70.07
71.76
72.69
74.03
75.82
77.67
79.44
79.9
79.76
79.12
78.65
78.24
77.83
77.31
76.7
76.28
75.96
75.54
75.99
75.46
74.53
73.66
73.54
73.05
72.5
72.15
72.06
72.17
72.52
72.38
72.09
72.18
72.47
72.63
73.01
73.05
73.13
73.35
73.59
73.88
74.1
74.21
74.12
73.94
73.57
73.12
72.56
71.98
71.37
71.58
71.69
71.33
70.73
70.38
69.95
69.69
69.36
68.94
68.62
68.38
68.31
68.39
68.66
67.97
67.97
68.57
69.23
69.95
70.69
71.42
72.14
72.86
73.59
74.29
74.92
75.47
75.97
76.1
76.1
75.99
75.66
75.09
74.3
74.34
73.67
72.28
70.77
69.2
67.48
65.7
63.87
61.98
60
57.94
55.8
53.67
51.52
49.68
47.91
46.11
44.44
42.91
41.36
38.47
35.7
33.1
30.58
28.09
26.58
25.75
24.98
22.85
20.8
18.86
17.01
15.99
15.9
15.15
14.69
14.7
15.24
15.18
15.17
16.53
17.83
19.05
20.2
21.25
21.33
20.72
20.04
21.06
21.97
22.77
23.37
23.04
21.82
21.24
20.24
18.73
16.67
15.15
13.75
12.42
11.13
9.91
8.76
7.71
6.77
5.93
5.19
4.18
3.27
2.48
1.88
1.44
1.03
0.7
0.45
0.29
0.18
0.13
0.08
0.04
0.04
0.04
0.04
0.04
0.04
0.04
0.02
0.01
0.01
0
0.04
0.08
0.11
0.14
0.16
0.18
0.2
0.21
0.21
0.22
0.22
0.22
0.22
0.22
0.22
0.22
0.22
0.22
0.22
0.22
0.18
0.14
0.11
0.08
0.06
0.04
0.02
0.01
0
0
0
0
0
0
0
0
0
0
0
0
0
0
0
0
0
0
0
0
0
0
0
0
0
0
0
0
0
0
0
0
0
0
0
0
0
0
0
0
0
0
0
0
0
0
0
0
0
0
0
0
0
0
0
0
0
0
0
0
0
0
0
0
0
0
0
0
0
0
0
0
0
0
0
0
0
0
0
0
0
0
0
0
0
0
0
0
0
0
0
0
0
0
0
0
0
0
0
0
0
0
0
0.07
0.22
0.46
0.79
1.2
1.67
2.24
2.91
3.7
3.84
4.09
4.42
4.42
4.6
5.28
6.16
7.2
8.36
9.64
11.06
12.52
13.97
15.45
16.98
16.83
16.35
15.79
16.91
18.3
20.67
23
23.06
24.63
27.18
29.27
31.19
32.95
34.64
36.25
37.79
39.17
40.45
41.49
42.31
44.49
47.03
49.6
49.92
49.82
48.71
47.06
49.36
50.54
50.6
50.68
48.03
46.53
46.59
46.76
46.96
47.39
48.11
48.71
46.81
46.72
47.76
49.32
51.55
53.88
56.9
55.97
53.58
53.99
51.2
52.89
57.54
60.59
62.23
63.96
65.68
67.04
68.02
69.08
72.74
74.75
75.19
74.78
73.84
72.4
71.54
75.52
79.14
79.85
83.64
82.82
81.55
80.6
79.45
78.06
76.56
75.23
74.1
70.56
66.12
61.78
60.12
58.36
54.97
52
51.96
51.85
51.96
52.23
52.67
53.3
54.28
55.51
56.76
57.98
59.28
60.55
61.68
65.22
69.56
73.8
75.62
77.78
81.89
85.97
86.45
86.45
86.16
85.62
84.82
83.83
82.57
81.1
79.53
77.92
76.19
74.3
72.52
70.93
69.4
67.93
66.55
65.13
63.68
62.14
60.66
59.35
58.18
57.19
56.37
55.64
54.96
54.36
53.83
53.34
52.91
52.67
52.41
52.12
51.89
51.68
51.43
51.21
51.05
50.99
50.95
50.81
50.56
50.18
49.7
49.17
48.63
48.05
47.41
46.7
45.94
45.09
44.14
43.09
41.97
40.8
39.56
38.24
36.83
35.29
33.63
31.92
30.19
28.45
26.7
25.69
24.61
23.5
22.36
21.22
20.06
18.9
17.73
16.55
15.34
14.1
12.95
11.86
10.91
10.09
9.37
8.76
8.26
7.88
7.59
6.62
5.74
4.96
4.19
3.51
2.97
2.47
2.05
1.72
1.48
1.38
1.29
1.24
1.15
1.04
0.96
0.88
0.8
0.7
0.61
0.51
0.42
0.34
0.34
0.34
0.29
0.29
0.29
0.29
0.29
0.23
0.18
0.14
0.1
0.07
0.05
0.03
0.01
0.01
0
0
0
0
0
0
0
0
0
0
0
0
0
0
0
0
0
0
0
0
0
0
0
0
0
0
0
0
0
0
0
0
0
0
0
0
0
0
0
0
0
0
0
0
0
0
0
0
0
0
0
0
0
0
0
0
0
0
0
0
0
0
0
0
0
0
0
0
0
0
0
0
0
0
0
0
0
0
0
0
0
0
0
0
0
0
0
0
0.05
0.15
0.31
0.54
0.82
1.17
1.61
2.14
2.73
2.73
2.73
2.73
2.73
2.73
3.11
3.11
3.12
3.66
4.5
5.47
6.43
7.43
7.27
7.24
8.01
8.96
9.78
10.59
11.53
13.18
14.82
16.47
18.03
18.03
17.65
18.6
20.06
21.34
21.33
21.41
20.4
19.3
20.58
20.76
21.68
22.48
23.38
24.14
22.61
20.96
19.32
19.89
19.6
21.56
21.56
21.25
19.8
17.97
19.4
21.21
24.15
27.14
27.44
28.92
30.17
31.3
31.01
31.64
35.07
38.55
41.99
43.16
45.21
46.43
49.56
52.09
54.37
54.37
52.12
49.25
47.73
44.73
43.15
41.59
38.97
35.76
33.88
31.15
28.25
26.87
24.44
23.87
24.62
25.76
27.12
28.51
30.86
35.53
40.21
45.1
48.61
53.52
58.45
63.04
67.31
72.14
74.64
78.16
82.2
84.59
87.96
89.49
89.64
89.38
88.8
88.02
87.09
86.03
84.92
83.57
82.21
80.88
79.55
78.26
77.13
76.16
77.66
78.3
78.02
77.9
77.9
77.95
78.18
78.64
79.28
80.05
80.92
81.91
82.96
84.03
85.06
86.01
86.94
87.82
88.45
88.81
88.88
88.62
88.08
87.37
86.54
85.58
84.51
83.32
82.04
80.73
79.39
77.98
76.52
75.05
73.69
72.44
71.29
70.21
69.32
68.61
68.1
67.8
67.68
67.67
67.75
67.92
68.15
68.46
68.74
68.99
69.17
69.32
69.45
69.54
69.39
68.87
68
66.82
65.34
63.56
61.52
59.23
56.71
54.02
51.77
49.33
46.71
43.99
41.25
38.47
35.67
32.84
29.95
26.86
23.91
21.33
19.04
17.01
15.25
13.75
12.47
11.32
10.4
9.7
8.55
7.61
6.88
6.22
5.64
5.16
4.7
4.39
4.22
4.31
4.42
4.44
4.43
4.41
4.38
4.32
4.26
4.26
4.22
4.14
4.04
3.94
3.82
3.7
3.57
3.32
3.17
2.97
2.75
2.53
2.31
2.09
1.89
1.69
1.51
1.33
1.15
0.99
0.82
0.67
0.52
0.38
0.29
0.2
0.12
0.14
0.17
0.18
0.18
0.19
0.2
0.2
0.2
0.2
0.2
0.2
0.2
0.2
0.2
0.2
0.2
0.2
0.17
0.13
0.1
0.07
0.05
0.03
0.02
0.01
0
0
0
0
0
0
0
0
0
0
0
0
0
0
0
0
0
0
0
0
0
0
0
0
0
0
0
0
0
0
0
0
0
0
0
0
0
0
0
0
0
0
0
0
0
0
0
0
0
0
0
0
0
0
0
0
0
0
0
0
0
0
0
0
0
0
0
0
0
0
0
0
0
0
0
0
0
0
0
0
0
0
0
0
0
0
0
0
0
0
0
0
0
0
0
0
0
0
0
0
0
0
0
0.22
0.65
1.25
1.98
2.82
3.78
4.84
6.02
7.29
8.04
8.9
9.88
10.99
12.23
13.6
15.02
16.39
17.93
19.7
21.52
23.01
24.27
23.71
22.98
22.14
21.18
20.12
18.94
19.79
21.47
23.13
24.78
26.2
27.58
28.97
30.31
31.83
33.25
34.54
35.78
34.08
32.38
33.34
36.32
39.3
42.35
45.4
48.4
49.21
49.56
49.75
49.88
50.13
50.33
47.66
44.9
43.5
43.35
42.85
41.88
41.88
43.46
45.74
46.08
46.44
46.78
47.17
47.84
48.71
49.79
51.01
52.31
53.73
55.24
59.42
63.71
66.54
67.33
67.04
68.63
73.07
75.95
77.03
78.07
79.03
79.9
80.68
81.13
81.39
81.55
81.61
80.91
79.86
79.06
78.56
78.01
77.39
77.45
78.83
78.74
77.82
76.79
75.84
74.95
74.28
73.76
73.38
73.18
73.1
73.12
73.2
73.92
74.87
75.47
75.82
76.22
76.61
76.97
77.35
77.77
78.3
78.98
79.71
80.39
80.81
81.03
81.05
80.88
80.55
80.1
79.52
78.58
75.9
73.92
72.9
72.02
71.19
70.39
69.54
68.63
67.43
65.85
64.67
63.43
62.26
59.91
56.06
53.81
53.09
52.46
51.97
51.86
53.47
54.06
53.66
53.4
53.13
52.87
52.7
52.61
52.81
53.31
53.35
53.38
53.37
54.55
57.28
58.46
58.15
57.75
56.92
53.88
50.86
48.13
47.61
46.78
45.86
44.85
43.75
42.57
40.97
37.94
35.24
33.38
31.07
28.29
26.16
24.17
22.15
20.69
19.48
20.31
21.03
21.66
19.99
18.23
16.49
14.77
13.06
11.34
10
10.11
9.91
8.95
8.5
8.5
7.9
7.21
6.61
5.51
4.54
3.71
2.99
2.43
1.98
1.62
1.35
1.14
0.99
0.91
0.82
0.72
0.61
0.49
0.39
0.39
0.39
0.39
0.39
0.39
0.39
0.39
0.39
0.32
0.25
0.2
0.15
0.11
0.07
0.04
0.02
0.01
0
0
0
0
0
0
0
0
0
0
0
0
0
0
0
0
0
0
0
0
0
0
0
0
0
0
0
0
0
0
0
0
0
0
0
0
0
0
0
0
0
0
0
0
0
0
0
0
0
0
0
0
0
0
0
0
0
0
0
0
0
0
0
0
0
0
0
0
0
0
0
0
0
0
0
0
0
0
0
0
0
0
0
0
0
0
0
0
0
0
0
0
0
0
0
0
0
0
0
0
0
0
0
0
0
0
0
0
0
0
0
0
0
0
0
0
0
0
0
0.05
0.17
0.36
0.61
0.93
1.32
1.78
2.34
2.97
3.19
3.51
3.87
3.9
4.38
5.18
6.13
7.23
8.41
9.73
11.19
12.65
13.93
13.75
13.5
14.98
15.67
16.64
17.82
17.19
16.97
18.55
20.03
21.67
21.6
21.81
23.17
24.38
25.53
26.57
27.45
28.31
29.25
31.6
33.98
34.58
35.95
36.98
37.76
40.31
42.81
43.39
43.98
44.75
46.75
48.03
45.72
43.42
41.08
38.73
36.39
35.6
33.62
31.28
28.9
26.49
24.05
21.57
19.05
19.1
19.54
20.12
20.45
20.83
21.06
21.85
25.03
28.05
30.95
34.21
37.42
39.14
42.2
45.22
47.82
50.95
54.32
57.66
60.97
61.74
62.27
62.81
63.75
64.73
65.93
66.73
67.46
68.42
67.47
67.01
67.86
68.64
69.3
70.38
71.88
72.86
73.6
74.38
71.67
70.07
70.44
70.71
70.82
70.75
70.55
69.92
67.74
66.27
67.71
68.34
67.65
66.9
66.11
65.28
64.43
63.67
63
62.46
65.51
67.49
67.42
67.38
67.43
67.6
67.92
68.63
69.5
69.32
69.24
69.5
69.85
70.22
70.6
70.99
71.35
71.38
67.93
64.36
60.71
57.1
55.65
54.49
53.27
49.52
46.77
44.76
44.1
44
41.88
39.83
38.44
37.03
35.6
34.11
32.62
31.36
33.44
35.48
37.46
39.27
38.81
38
37.18
38.81
39.38
39.17
38.91
38.27
38.8
38.87
38.24
37.65
37.08
34.91
32.77
30.67
29.61
29.06
28.47
27.81
27.1
26.3
25.43
24.45
23.33
22.09
21.49
20.84
19.97
18.99
17.88
16.66
15.34
15.62
15.81
15.9
14.88
13.39
12
10.72
9.55
8.5
7.56
6.75
6.1
5.58
4.51
3.56
2.71
1.99
1.39
0.92
0.56
0.28
0.09
0
0
0
0
0
0
0
0
0
0
0
0
0
0
0
0
0
0
0
0
0
0
0
0
0
0
0
0
0
0
0
0
0
0
0
0
0
0
0
0
0
0
0
0
0
0
0
0
0
0
0
0
0
0
0
0
0
0
0
0
0
0
0
0
0
0
0
0
0
0
0
0
0
0
0
0
0
0
0
0
0
0
0
0
0
0
0
0
0
0
0
0
0
0
0
0
0
0
0
0
0
0
0
0
0
0
0
0
0
0
0
0
0.06
0.17
0.35
0.6
0.91
1.27
1.68
2.14
2.65
2.65
2.65
2.65
2.8
2.8
2.8
2.8
2.8
2.8
2.93
3.38
3.87
4.15
4.1
3.85
3.54
3.18
2.77
2.31
1.8
1.8
1.84
2.97
14.32
15.48
16.68
17.94
19.16
19.28
19.96
20.48
19.93
19.54
19.42
19.56
20.16
21.56
23.27
24.99
26.68
28.09
28.38
27.25
15.75
15.28
14.07
12.82
12.2
12.29
11.59
11.35
12.62
14.14
15.97
17.79
19.22
19.78
19.93
20.12
20.24
20.71
22.3
23.39
24.41
25.23
26.36
27.58
27.18
26.98
28.05
27.95
26.68
25.16
23.34
21.37
22.04
22.95
23.99
25.03
26.16
27.28
28.41
30.32
32.25
32.61
32.91
34.22
37.06
40.11
41.92
44.24
47.2
50.07
52.8
56
56.58
57.09
57.67
58.28
58.89
59.46
59.97
60.57
61.25
63.03
63.69
63.37
63.63
64.17
63.81
63.02
63.49
64.21
62.41
60.77
59.31
58.51
58.47
58.36
58.23
58.09
57.95
57.81
57.66
57.49
58.87
60.17
60.46
60.46
60.79
61.84
59.03
55.45
54.83
54.85
56.75
57.97
56.34
55.85
56.23
55.98
56.18
56.72
57.24
57.77
58.28
58.67
58.99
59.25
60.08
60.63
63.72
66.54
69.29
71.17
70.79
70.18
71.46
71.54
70.73
70.51
69.81
68.61
67.21
65.95
64.79
63.67
59.77
56.9
55.44
54.32
53.2
52.94
52.39
51.45
50.62
49.89
49.38
49.03
48.71
48.4
48.13
47.98
48.03
47.83
47.51
47.26
49.86
51.47
51.69
51.57
51.48
51.37
51.25
51.1
50.83
50.54
50.01
49.28
48.44
47.5
46.47
45.34
44.14
42.96
41.77
40.43
38.96
37.43
35.88
34.28
32.68
31.08
29.49
27.89
26.39
24.89
23.48
22.15
20.91
19.75
18.67
17.65
16.67
15.66
14.68
13.82
13
12.21
11.41
10.6
9.7
8.85
8.03
7.27
6.54
5.86
5.45
5.21
4.94
4.65
4.33
3.99
3.68
3.43
3.19
2.88
2.57
2.31
2.11
1.98
1.98
1.98
1.98
1.98
1.98
1.98
1.75
1.37
1.04
0.77
0.55
0.38
0.24
0.13
0.05
0.01
0
0
0
0
0
0
0
0
0
0
0
0
0
0
0
0
0
0
0
0
0
0
0
0
0
0
0
0
0
0
0
0
0
0
0
0
0
0
0
0
0
0
0
0
0
0
0
0
0
0
0
0
0
0
0
0
0
0
0
0
0
0
0
0
0
0
0
0
0
0
0
0
0
0
0
0
0
0
0
0
0
0
0
0
0
0
0
0
0
0.08
0.22
0.42
0.69
1.02
1.42
1.89
2.44
3.07
3.07
3.07
3.07
3.45
3.87
4.37
4.94
5.58
6.32
7.13
7.45
7.38
7.33
7.91
8.55
9.2
9.8
9.98
10.28
10.76
11.85
13.04
14.3
15.24
15.59
15.92
16.63
17.44
18.21
18.93
20.19
21.66
22.92
23.83
23.94
22.96
21.95
21.29
20.45
19.33
19.91
20.29
19.03
17.72
16.94
18.35
19.79
21.13
22.24
23.45
24.82
26.39
28.05
29.23
31.23
33.1
35.1
38.11
41.46
44.8
46.5
48.33
51.76
52.26
54.49
55.61
56.42
57.18
58.16
59.12
59.99
60.91
61.98
63.26
63.53
65.23
67.02
68.05
69.07
70.2
71.38
72.62
73.88
78.13
80.68
82.13
83.41
84.73
86.05
87.22
88.14
88.74
88.97
88.99
89.8
90.23
90.45
90.37
89.22
88.01
85.26
82.27
80.98
80.14
78.4
76.5
73.8
72.26
71.49
70.75
70.13
66.56
64.1
62.62
62.25
61.49
58.81
54.83
52.52
53.74
55.7
56.37
52.96
51.22
52.52
54.29
56.76
57.72
57.98
58.41
58.81
62.3
64.81
66.41
66.66
67.47
70.25
72.9
75.23
74.71
74.8
76.42
80.44
82.28
81.9
81.16
80.42
79.95
79.38
78.76
78.29
78.01
77.95
78.05
78.53
78.9
79.22
80.98
82.14
82.51
82.84
83.02
83.13
80.91
79.86
79.96
80.11
80.28
80.29
80.09
79.54
78.67
77.51
76.12
74.54
72.85
71.07
69.18
67.22
65.23
62.88
60.04
58.16
58.04
56.8
54.63
52.42
50.08
47.73
45.37
43.09
40.89
38.74
37.15
35.6
34.06
32.54
31.03
29.53
28
26.86
26.15
24.38
22.91
21.41
19.84
18.37
17.05
15.86
14.8
13.86
12.88
11.93
10.72
9.69
8.75
7.9
7.14
6.47
5.9
5.43
5.08
4.83
4.85
4.89
4.83
4.71
4.6
4.49
4.38
4.09
3.95
4.03
3.99
3.87
3.73
3.55
3.3
3.05
2.81
2.58
2.35
2.13
1.92
1.8
1.63
1.47
1.26
1.06
0.86
0.86
0.91
0.82
0.69
0.57
0.48
0.42
0.44
0.45
0.46
0.46
0.46
0.46
0.46
0.37
0.33
0.27
0.27
0.27
0.27
0.27
0.22
0.17
0.13
0.1
0.07
0.04
0.02
0.01
0
0
0
0
0
0
0
0
0
0
0
0
0
0
0
0
0
0
0
0
0
0
0
0
0
0
0
0
0
0
0
0
0
0
0
0
0
0
0
0
0
0
0
0
0
0
0
0
0
0
0
0
0
0
0
0
0
0
0
0
0
0
0
0
0
0
0
0
0
0
0
0
0
0
0
0
0
0
0
0
0
0
0
0
0
0
0
0
0
0
0
0
0
0
0
0
0
0
0
0
0
0
0
0
0
0.09
0.26
0.5
0.82
1.22
1.72
2.31
3.03
3.83
3.83
3.83
3.83
3.83
3.83
4.01
4.01
4.01
4.01
4.19
5.39
6.75
7.44
8.15
8.85
8.45
7.95
8.06
8.89
9.63
10.8
11.7
12.56
13.41
14.71
16.25
18.32
20.15
22.01
23.94
22.75
21.29
20.43
20.26
20.43
21.45
22.74
24.2
25.26
26.35
27.87
29.59
31.31
33.13
34.56
35.59
36.27
37.23
37.73
35.93
37.19
39.71
41.01
40.24
39.05
39.88
41.13
41.69
39.08
36.45
33.77
31.15
30.24
27.58
24.85
22.49
22.43
22.57
23.31
26.21
28.15
28.74
30.73
34.06
37.35
38.81
39.61
40.27
43.65
46.99
50.26
53.4
54.95
58.26
61.55
64.47
65.13
65.62
65.95
66.2
66.47
66.82
66.91
67.07
67.32
67.55
67.67
67.7
67.69
67.71
67.82
68.04
68.07
67.95
67.73
67.45
67.03
66.47
65.8
65.06
64.26
61.12
57.79
56.15
55.18
54.23
53.39
52.65
51.95
51.27
50.57
49.89
49.4
49.04
48.89
48.87
48.97
47.87
47.59
47.96
48.46
49.89
52.34
53.69
51.3
48.72
46.57
46.71
45.18
44.07
43.45
43.6
43.83
43.93
43.84
43.61
43.3
44.23
44.38
43.86
43.19
43.84
43.73
42.87
44.98
47.2
48.34
47.29
48.15
48.57
48.44
47.46
46.27
45.09
43.92
42.78
41.65
40.13
38.67
37.26
36.23
35.22
34.21
33.18
32.16
31.18
30.78
30.22
29.41
28.59
27.81
27.06
26.32
25.63
24.95
24.28
23.52
22.36
21.17
20.75
20.08
18.76
17.39
16.07
15.18
14.01
12.79
11.6
10.4
9.89
9.42
8.97
8.54
8.12
7.73
7.33
7.02
7.48
7.88
7.47
6.94
7.02
7.11
7.11
7.24
7.62
8
8.31
8.56
8.16
7.69
7.18
6.64
6.08
5.49
4.95
4.45
4
3.61
3.27
3.02
2.85
2.77
2.77
2.25
1.8
1.42
1.11
0.86
0.59
0.39
0.24
0.14
0.07
0.05
0.03
0.01
0
0
0
0
0
0
0
0
0
0
0
0
0
0
0
0
0
0
0
0
0
0
0
0
0
0
0
0
0
0
0
0
0
0
0
0
0
0
0
0
0
0
0
0
0
0
0
0
0
0
0
0
0
0
0
0
0
0
0
0
0
0
0
0
0
0
0
0
0
0
0
0
0
0
0
0
0
0
0
0
0
0
0
0
0
0
0
0
0
0
0
0
0
0.05
0.12
0.23
0.38
0.57
0.83
1.13
1.47
1.87
1.87
1.87
1.87
1.87
1.87
1.87
1.87
1.87
2.25
2.78
3.38
3.99
4.58
4.58
4.43
4.41
5.04
5.71
6.46
7.24
7.41
7.41
7.46
7.46
7.46
8.8
10.48
12.15
13.47
14.66
15.83
16.99
18.18
19.95
21.87
23.7
24.81
25.85
26.31
25.13
24.96
25.76
27.52
29.67
31.61
32.39
33.14
33.99
34.37
32.65
30.88
29.15
30.07
30.79
31.79
32.74
33.64
34.54
35.92
38.31
38.95
39.77
39.55
38.66
38.15
38.14
35.71
35.06
36.24
39.6
43.04
46.46
47.3
48.32
49.12
49.96
49.8
49.89
51.11
52.67
56.01
55.25
55.45
58.01
60.55
62.44
66.47
68.57
69.21
69.23
69.34
69.59
69.71
69.84
69.9
69.97
71.06
71.87
71.47
71.24
70.98
73.86
75.84
75.8
75.63
75.56
75.6
75.59
75.83
76.75
77.55
78.2
78.91
79.65
80.38
81.05
81.69
82.34
83.07
83.87
84.7
85.52
86.34
87.24
88.14
88.8
89.19
89.57
85.43
82.34
82.08
81.71
81.24
80.68
80.04
79.37
78.69
77.96
77.15
76.37
75.63
74.92
74.26
73.61
72.97
72.45
72.09
71.84
75.93
78.8
78.76
78.73
78.75
78.79
78.86
78.92
79.01
79.13
79.25
79.17
78.83
78.26
77.46
76.4
75.17
73.8
72.31
70.7
68.99
67.17
64.94
62.79
60.74
58.65
56.5
54.33
51.95
48.82
45.72
42.73
40.74
39.01
37.4
36
34.72
33.53
32.46
31.51
30.64
29.91
29.63
29.31
28.92
28.57
28.26
26.52
25.02
25.28
26.03
26.82
26.79
26.67
26.45
26.09
25.64
25.09
24.41
23.57
22.66
21.67
20.58
19.97
19.17
18.48
17.86
18.65
19.38
19
17.98
16.81
15.55
14.18
12.93
11.77
10.68
9.71
8.87
8.28
7.77
7.32
6.96
6.08
5.38
4.59
3.76
2.99
2.27
1.67
1.25
0.97
0.79
0.71
0.65
0.6
0.6
0.6
0.6
0.49
0.4
0.31
0.23
0.17
0.11
0.07
0.03
0.01
0
0
0
0
0
0
0
0
0
0
0
0
0
0
0
0
0
0
0
0
0
0
0
0
0
0
0
0
0
0
0
0
0
0
0
0
0
0
0
0
0
0
0
0
0
0
0
0
0
0
0
0
0
0
0
0
0
0
0
0
0
0
0
0
0
0
0
0
0
0
0
0
0
0
0
0
0
0
0
0
0
0
0
0
0
0
0
0
0
0
0
0
0
0
0
0
0
0
0
0
0
0.09
0.26
0.49
0.79
1.15
1.55
2
2.51
3.08
3.08
3.08
3.08
3.08
3.08
3.33
3.48
4.02
5.22
6.68
18.15
19.7
21.19
22.62
23.63
24.5
25.79
27.08
28.26
27.69
27.69
27.69
27.69
28.23
30.01
31.55
31.4
30.86
31.41
31.06
21.34
21.39
21.88
20.22
18.91
20.14
21.12
20.57
21.63
24.46
25.72
25.72
25.72
25.18
23.4
21.61
23.54
23.54
22.41
23.98
25.05
26.19
26.79
27.89
28.69
28.01
28.04
29.82
30.06
30.21
31.95
35
38.07
41.07
44.1
45.65
46.13
49.38
51.92
52.51
53.04
53.57
54.14
56.3
58.56
59.97
59.85
59.48
59.74
59.42
58.89
56.99
55.63
55.94
56.26
57.61
58.26
58.34
55.18
51.9
48.56
47.31
45.15
42.94
42.88
43.82
45.58
47.41
48.67
50.55
52.6
56.03
58.95
60.26
61.55
63.33
64.93
66.22
70.78
75.25
79.68
79.81
81.92
83.86
82.66
81.66
78.84
74.4
71.34
70.64
69.93
69.12
68.24
63.61
59.7
58.75
57.82
56.97
56.17
55.52
53.88
54.95
55.43
56.25
58.28
58.96
61.29
65.19
67.65
67.74
67.86
68.01
68.22
72.16
75.31
75.37
75.43
75.46
75.48
75.42
76.38
76.79
76.7
76.43
76.03
75.58
74.98
74.2
73.38
72.47
71.51
70.47
69.35
68.17
67.06
66.01
64.89
63.71
62.46
61.18
59.87
58.59
57.33
56.16
55.07
53.99
52.99
52.09
51.2
50.31
49.41
48.58
47.84
47.2
46.55
45.91
45.32
44.78
44.35
43.95
43.57
43.05
42.34
41.35
40.4
39.2
38.12
37.14
36.11
34.93
33.12
32.26
31.23
30.01
28.68
27.26
25.72
24.12
22.36
20.51
18.58
16.67
14.98
13.6
12.22
11.13
9.96
8.71
7.55
6.62
6.37
5.15
4.08
3.18
2.4
1.72
1.17
0.71
0.36
0.12
0
0
0
0
0
0
0
0
0
0
0
0
0
0
0
0
0
0
0
0
0
0
0
0
0
0
0
0
0
0
0
0
0
0
0
0
0
0
0
0
0
0
0
0
0
0
0
0
0
0
0
0
0
0
0
0
0
0
0
0
0
0
0
0
0
0
0
0
0
0
0
0
0
0
0
0
0
0
0
0
0
0
0
0
0
0
0
0
0
0
0
0
0
0
0
0
0
0
0
0
0
0
0
0
0
0
0
0
0
0
0
0
0
0
0
0
0
0
0
0
0
0
0
0
0
0
0
0
0
0
0
0
0
0
0
0
0
0
0
0
0
0
0
0.08
0.24
0.49
0.86
1.35
1.97
2.71
3.56
4.49
4.7
5.32
6.16
6.98
7.93
8.98
10.15
11.3
12.24
12.24
12.24
13.56
15.11
15.16
14.79
14.3
14.21
13.47
12.62
13.18
12.97
12.35
11.51
12.46
13.95
15.44
16.87
18.36
20.09
22.84
25.65
27.12
28.37
31.09
34.14
37.16
39.62
42.56
45.47
46.87
49.73
49.73
49.73
47.96
45.52
42.98
40.38
40.31
37.64
34.89
32.08
32.7
33.36
34.05
34.65
35.28
36.15
37.18
38.31
39.5
40.68
44.74
48.85
52.99
57.06
61.07
65.01
66.36
70.26
74.15
78.11
78.66
79.12
79.53
79.95
79.53
78.89
79
79
78.99
79.12
78.97
76.74
75.46
72.9
69.04
67.56
68.02
68.6
69.23
69.72
70.08
70.35
70.57
70.88
72.05
73.18
73.43
73.64
73.73
73.62
73.68
75.74
76.68
78.87
82.6
83.25
82.47
82.01
81.5
81.15
80.92
80.79
80.69
80.48
80.26
80.09
79.15
78.16
78.03
78.32
78.72
79.18
79.75
80.42
80.9
82.15
82.76
82.85
82.9
82.73
82.36
81.73
80.6
79.69
79.12
78.51
78.68
78.93
78.32
77.34
76.28
75.15
73.96
72.14
70.15
67.98
66.41
65.25
64.16
63.22
62.44
61.89
61.85
61.61
60.98
60.29
59.54
58.77
58.03
57.29
56.52
55.86
55.07
54.39
52.01
49.82
48.72
47.13
45.49
43.86
42.07
40.06
37.84
35.92
33.94
31.93
29.89
27.81
25.69
23.53
21.33
18.98
16.71
14.87
14.89
14.92
13.42
12.08
10.77
9.42
8.18
7.15
6.31
5.19
4.21
3.34
2.68
2.11
1.62
1.22
0.93
0.74
0.65
0.65
0.64
0.62
0.59
0.56
0.55
0.54
0.54
0.54
0.54
0.54
0.54
0.54
0.43
0.34
0.26
0.19
0.13
0.09
0.05
0.02
0.01
0
0
0
0
0
0
0
0
0
0
0
0
0
0
0
0
0
0
0
0
0
0
0
0
0
0
0
0
0
0
0
0
0
0
0
0
0
0
0
0
0
0
0
0
0
0
0
0
0
0
0
0
0
0
0
0
0
0
0
0
0
0
0
0
0
0
0
0
0
0
0
0
0
0
0
0
0
0
0
0
0
0
0
0
0
0
0
0
0
0
0
0
0
0
0
0
0
0
0
0
0
0
0
0
0
0
0
0
0
0
0
0
0
0
0
0
0
0
0
0
0
0
0.1
0.3
0.58
0.92
1.32
1.8
2.34
2.95
3.63
3.98
4.31
4.47
4.88
5.54
5.54
5.68
6.43
7.37
8.39
9.5
10.47
11.09
11.55
11.99
12.79
13.59
14.37
15.15
15.24
16.03
17.12
18.56
18.52
17.86
17.86
17.71
16.96
16.02
15
16.09
17.61
19.26
21.11
20.84
19.93
19.59
20.87
22.6
24.91
26.95
28.84
30.49
33.39
36.59
39.75
42.97
46.14
49.47
52.8
53.99
54.77
55.65
56.42
59.23
62.25
64.6
65.28
63.8
60.73
58.17
58.11
57.48
56.77
54.86
53.97
53.96
52.59
51.9
48.76
45.37
42
42.26
42.71
43.33
44.08
44.95
45.37
47.1
51.14
54.63
55.57
57.18
58.91
61.92
63.93
65
67.45
69
72.98
77.06
81.15
81.6
81.78
81.75
80.73
76.81
73.14
71.78
71.34
70.87
70.34
69.77
69.16
68.52
67.72
66.66
65.88
65.42
65.16
65.1
65.12
62.17
60.76
60.98
62.24
66.41
70.81
73.23
74.15
75.05
75.97
76.89
73.21
69.72
66.24
63.12
63.86
64.66
65.19
65.49
65.6
68.63
70.12
69.96
69.54
68.93
68.08
64.25
61.89
60.96
59.99
59
62.55
65.85
69.25
72.46
68.26
63.73
60.01
58.79
56.12
54.24
53.13
51.75
50.61
49.53
48.76
50.97
51.62
50.81
49.88
48.91
48.03
47.25
46.5
45.86
48.54
50.78
52.44
51.93
52.98
50.72
47.77
45.16
42.97
40.83
38.75
37.84
37.32
36.73
36.2
35.68
35
34.21
33.45
32.6
31.68
31.12
30.36
27.76
25.16
25.76
26.26
27.01
26.73
26.17
25.43
23.52
21.55
19.91
18.48
17.12
15.8
14.48
13.11
11.72
10.34
8.97
7.62
8.23
8.76
8.65
8.75
8.52
8.67
9
9.24
9.41
9.18
8.64
7.95
7.22
6.54
5.96
5.45
5.01
4.63
4.32
4.06
3.45
2.92
2.43
1.84
1.32
0.89
0.56
0.32
0.15
0.06
0.03
0.01
0
0
0
0
0
0
0
0
0
0
0
0
0
0
0
0
0
0
0
0
0
0
0
0
0
0
0
0
0
0
0
0
0
0
0
0
0
0
0
0
0
0
0
0
0
0
0
0
0
0
0
0
0
0
0
0
0
0
0
0
0
0
0
0
0
0
0
0
0
0
0
0
0
0
0
0
0
0
0
0
0
0
0
0
0
0
0
0
0
0
0
0
0
0
0
0
0
0
0
0
0
0
0
0
0
0
0
0
0
0
0
0
0
0
0
0
0
0
0
0
0
0
0
0
0
0.11
0.32
0.62
1.05
1.59
2.26
3.05
3.94
4.93
4.93
4.93
5.66
6.5
6.86
7.53
7.53
7.53
8.92
10.78
12.75
14.67
16.54
18.36
20.11
21.77
23.35
24.6
24.88
25.39
27.61
29.92
31.56
33.15
35.34
36.33
37.92
39.41
38.03
36.17
34.19
32.16
30.09
27.96
27.65
25.44
23.18
21.35
21.45
20.98
19.26
17.84
17.72
15.29
12.74
11.13
11.18
11.68
14.1
14.1
14.1
14.1
14.1
14.1
12.41
15.45
19.02
22.46
24.83
27.3
30.43
33.16
34.7
36.17
36.19
37.77
38.3
39.77
41.12
44.9
48.71
52.48
56.17
59.82
63.32
64.08
64.4
63.92
63.54
64.1
62.76
61.88
62.01
64.76
69.11
71.88
74.13
74.03
73.71
74.15
74.76
75.46
76.29
77.23
78.1
78.75
79.17
80.22
81.11
81.12
82.87
84.12
84.15
83.84
83.35
82.82
82.26
82.8
83.25
80.69
79.01
78.63
78.31
78.03
77.9
77.93
73.6
71.02
71.44
71.95
72.49
73.12
73.84
74.59
75.33
76.02
76.64
77.18
77.68
80.37
81.86
81.84
81.52
80.92
80.08
79.06
82.43
84.11
82.81
81.44
80.04
78.54
76.96
75.34
73.73
72.14
70.6
69.08
67.55
65.98
64.55
63.3
62.27
61.52
60.96
60.55
57.3
54.53
53.7
53.35
52.96
52.55
52.14
51.72
51.27
50.73
49.18
48.13
47.67
47.3
46.86
46.3
44.01
41.75
40.29
38.82
40.26
41.19
40.17
38.09
36.14
34.12
32.43
30.92
29.32
27.43
26.46
24.8
22.71
20.68
18.33
16.08
15.52
15.38
14.55
13.6
12.57
11.53
10.49
10.01
9.42
8.88
7.99
6.9
5.94
5.39
4.96
4.75
4.43
4.04
4.04
4.04
4.04
3.47
2.76
2.14
1.62
1.18
0.81
0.51
0.26
0.09
0.01
0
0
0
0
0
0
0
0
0
0
0
0
0
0
0
0
0
0
0
0
0
0
0
0
0
0
0
0
0
0
0
0
0
0
0
0
0
0
0
0
0
0
0
0
0
0
0
0
0
0
0
0
0
0
0
0
0
0
0
0
0
0
0
0
0
0
0
0
0
0
0
0
0
0
0
0
0
0
0
0
0
0
0
0
0
0
0
0
0
0
0
0
0
0
0
0
0
0
0
0
0
0
0
0
0
0
0
0
0
0
0
0
0
0
0
0
0
0
0
0
0
0
0
0
0
0
0
0
0
0
0
0
0
0
0
0
0
0
0
0
0
0
0
0
0
0
0
0
0
0
0
0
0
0
0
0.06
0.16
0.31
0.54
0.86
1.28
1.76
2.33
3
3.03
3.28
3.71
4.02
4.02
4.02
4.02
4.22
4.98
5.8
6.87
7.91
9.08
8.93
8.7
9.55
10.59
11.56
12.77
14.08
16.07
17.91
19.64
21.66
24.14
26.73
29.41
31.97
33.97
35.98
37.71
37.56
38.02
40.9
43.59
45.16
46.69
48.27
49.48
50.57
51.68
52.63
53.6
54.46
55.18
55.85
56.43
56.93
57.52
58.16
58.88
61.56
63.61
64.72
66.08
67.57
68.98
70.38
71.78
73.07
74.3
75.66
76.97
78.2
79.46
80.7
81.99
83.3
84.6
85.81
86.96
87.93
88.66
89.02
89.2
89.1
88.77
88.36
88
87.7
87.41
87.03
86.6
86.1
85.39
84.66
84.08
83.48
82.79
82.2
81.68
81.28
81.02
80.93
80.91
81.04
81.29
81.64
82
81.83
81.2
77.18
73.18
72.51
71.84
69.35
66.86
65.16
64.04
63.83
63.54
63.12
62.6
62.06
61.59
61.02
60.28
59.34
58.02
57.18
56.76
59.89
62.27
61.63
60.69
60.81
61.85
62.39
62.28
61.09
59.88
58.7
57.53
56.31
55.02
53.74
52.61
51.72
51.29
50.93
50.66
50.33
50.76
50.93
51.54
52.88
53.05
52.96
52.88
52.82
52.75
52.67
52.59
52.48
52.34
52.2
51.9
51.44
50.78
49.94
48.92
46.11
43.31
41.45
39.72
38
36.23
34.29
32.25
30.12
27.91
25.63
23.94
22.47
20.98
19.45
17.93
16.36
14.8
13.24
11.71
11.81
11.81
10.88
9.86
8.84
7.91
7.16
6.53
6.04
5.67
5.42
4.63
3.71
2.88
2.14
1.52
1
0.6
0.3
0.1
0.01
0
0
0
0
0
0
0
0
0
0
0
0
0
0
0
0
0
0
0
0
0
0
0
0
0
0
0
0
0
0
0
0
0
0
0
0
0
0
0
0
0
0
0
0
0
0
0
0
0
0
0
0
0
0
0
0
0
0
0
0
0
0
0
0
0
0
0
0
0
0
0
0
0
0
0
0
0
0
0
0
0
0
0
0
0
0
0
0
0
0
0
0
0
0
0
0
0
0
0
0
0
0
0
0
0
0
0
0
0
0
0
0
0
0
0
0
0
0
0
0
0
0
0
0
0
0
0
0
0
0
0
0
0
0
0
0.07
0.22
0.43
0.72
1.1
1.58
2.16
2.86
3.64
3.77
4.08
4.5
5.07
5.86
5.86
5.86
5.86
6.46
7.88
7.88
7.81
9.41
11.03
12.68
14.03
15.65
17.2
18.68
20.12
21.95
23.86
25.72
27.34
27.3
29.42
31.54
33.67
35.21
33.78
35.44
37.36
37.93
37.99
38.51
39.34
38.74
39.04
36.86
37.21
38.16
38.91
39.62
40.45
42.76
43.77
44.86
46.03
47.26
50.69
52.5
54.07
55.24
56.78
57.7
58.29
59.98
60.78
64.16
65.11
65.85
66.64
65.39
66.14
67.18
68.24
69.29
70.29
71.25
72.18
73.12
74.08
75.1
76.27
77.56
79.16
80.67
82.07
83.18
83.96
84.47
84.81
87.11
87.32
87.18
86.99
86.71
86.37
85.96
81.6
80.75
80.22
79.69
79.11
78.51
77.93
77.47
77.11
76.97
77.07
77.35
77.7
78.11
78.59
79.08
79.53
79.98
80.44
80.93
85.35
86.19
86.58
86.83
86.96
86.92
86.7
86.33
85.87
85.29
84.58
83.8
82.98
82.14
81.24
80.26
79.31
78.39
77.53
76.74
75.99
75.3
74.71
74.21
73.8
73.5
73.33
73.24
73.18
73.02
72.84
72.6
72.26
71.87
71.33
70.68
69.78
68.59
65.04
62.35
58.68
54.98
52.12
50.01
47.65
45.05
42.19
39.1
35.85
32.67
29.53
26.38
23.3
20.14
17.17
14.37
11.82
9.52
9.53
8.61
8.61
8.61
7.75
6.12
4.74
3.6
2.69
2.01
1.51
1.08
0.7
0.42
0.23
0.17
0.12
0.08
0.05
0.02
0.01
0
0
0
0
0
0
0
0
0
0
0
0
0
0
0
0
0
0
0
0
0
0
0
0
0
0
0
0
0
0
0
0
0
0
0
0
0
0
0
0
0
0
0
0
0
0
0
0
0
0
0
0
0
0
0
0
0
0
0
0
0
0
0
0
0
0
0
0
0
0
0
0
0
0
0
0
0
0
0
0
0
0
0
0
0
0
0
0
0
0
0
0
0
0
0
0
0
0
0
0
0
0
0
0
0
0
0
0
0
0
0
0
0
0
0
0
0
0
0
0
0
0
0
0
0
0
0
0
0
0
0
0
0
0
0
0
0
0
0
0
0
0
0
0
0
0
0
0
0
0
0
0
0
0
0
0
0
0
0
0
0
0
0.08
0.21
0.4
0.66
1
1.4
1.87
2.43
3.08
3.08
3.08
3.18
3.36
3.65
3.65
3.65
3.65
4.4
5.29
5.29
6.33
7.43
8.58
9.78
11.02
12.32
11.84
11.29
11.81
13.8
15.55
17.55
19.54
21.51
23.69
25.45
27.84
29.61
31.29
34.09
35.89
37.64
39.35
40.93
42.41
43.81
47
50.34
52.58
54.11
56.04
57.79
55.62
53.35
55.33
57.8
59.63
61.34
63
64.47
65.82
67.11
68.31
69.59
70.98
72.37
73.72
75.02
76.32
77.53
78.42
79.09
83.52
87.36
87.41
87.65
87.93
88.28
88.64
88.97
89.11
89.52
90.07
90.54
90.8
90.96
90.93
90.68
90.28
89.81
89.55
89.36
89.32
89.89
89.51
86.07
85.25
85.23
85.32
85.52
86.08
86.42
86.7
87.04
87.23
87.85
88.63
89.56
90.57
86.29
86.88
87.72
88.44
89.1
90.29
94.27
95.56
95.86
95.84
95.51
94.52
93.68
92.68
91.54
90.57
89.16
87.71
86.24
83.9
87.8
86.84
85.78
84.89
84.15
83.54
83.03
82.6
82.35
82.33
82.12
82.87
83.42
84.05
84.72
85.42
86.18
86.95
87.7
89.29
89.92
90.49
90.74
90.73
90.47
89.99
89.31
88.48
87.42
86.03
84.78
82.82
80.62
78.15
75.53
72.76
69.77
66.53
64.09
61.44
58.61
55.58
52.46
49.27
46.06
42.74
39.33
35.79
32.29
29.06
26.07
23.32
20.8
18.57
16.53
14.68
13.06
11.67
9.51
7.59
5.89
4.43
3.2
2.18
1.33
0.71
0.31
0.13
0.09
0.06
0.04
0.02
0.01
0
0
0
0
0
0
0
0
0
0
0
0
0
0
0
0
0
0
0
0
0
0
0
0
0
0
0
0
0
0
0
0
0
0
0
0
0
0
0
0
0
0
0
0
0
0
0
0
0
0
0
0
0
0
0
0
0
0
0
0
0
0
0
0
0
0
0
0
0
0
0
0
0
0
0
0
0
0
0
0
0
0
0
0
0
0
0
0
0
0
0
0
0
0
0
0
0
0
0
0
0
0
0
0
0
0
0
0
0
0
0
0
0
0
0
0
0
0
0
0
0
0
0
0
0
0
0
0
0
0
0
0
0
0
0
0
0
0
0
0
0
0
0
0
0
0
0
0
0
0
0
0
0
0
0
0
0
0
0
0
0
0
0
0
0
0
0
0
0
0
0
0
0
0.08
0.25
0.52
0.87
1.28
1.77
2.33
2.98
3.74
3.74
3.74
3.74
3.74
3.99
3.99
3.99
4.57
5.27
5.88
6.61
7.41
8.28
9.21
10.22
11.36
12.55
12.51
11.86
11.11
13.23
15.14
17.41
19.73
21.85
24.27
26.78
28.81
30.82
32.87
34.86
36.62
38.13
39.46
40.56
41.47
42.26
44.18
45.78
45.78
45.99
46.75
47.14
47.52
47.89
48.27
48.6
48.58
48.78
49.04
48.43
47.27
47.66
48.13
48.68
49.28
49.99
50.88
52.7
56.18
57.41
58.38
59.46
60.63
61.84
63.08
64.38
66
67.04
68.48
70.81
72.18
69.24
70.76
72.23
73.65
74.85
75.81
76.63
77.34
77.93
78.46
78.89
79.13
79.23
79.16
78.92
78.51
78.34
77.82
77.33
78.51
82.65
82.3
82.02
81.79
81.7
81.69
81.73
81.84
81.96
81.99
81.99
82.01
82.05
82.12
82.19
82.3
82.39
82.25
81.92
81.36
80.63
79.81
78.87
77.24
75.95
74.88
73.79
72.64
71.5
70.37
69.2
68.01
66.92
65.92
65.13
64.49
63.98
63.68
63.53
63.51
63.57
63.67
63.85
64.68
65.13
65.3
65.25
65.01
64.35
63.77
63.12
62.29
61.13
59.65
57.77
56.97
55.81
54.33
52.57
50.53
48.28
45.81
43.06
40.06
36.86
33.53
30.44
27.56
25.13
22.71
20.44
18.4
16.62
15.1
13.84
11.4
9.22
7.29
5.61
4.18
2.98
2.01
1.29
0.83
0.6
0.55
0.5
0.46
0.42
0.34
0.26
0.2
0.14
0.09
0.06
0.03
0.02
0.01
0
0
0
0
0
0
0
0
0
0
0
0
0
0
0
0
0
0
0
0
0
0
0
0
0
0
0
0
0
0
0
0
0
0
0
0
0
0
0
0
0
0
0
0
0
0
0
0
0
0
0
0
0
0
0
0
0
0
0
0
0
0
0
0
0
0
0
0
0
0
0
0
0
0
0
0
0
0
0
0
0
0
0
0
0
0
0
0
0
0
0
0
0
0
0
0
0
0
0
0
0
0
0
0
0
0
0
0
0
0
0
0
0
0
0
0
0
0
0
0
0
0
0
0
0
0
0
0
0
0
0
0
0
0
0
0
0
0
0
0
0
0
0
0
0
0
0
0
0
0
0
0
0
0
0
0
0
0
0
0
0
0
0
0
0
0.11
0.32
0.62
1.02
1.53
2.14
2.85
3.66
4.57
4.72
4.72
4.72
4.72
4.72
5.09
6.04
7.15
8.43
9.87
11.34
11.23
12.65
13.77
13.37
13.76
14.62
15.93
16.45
15.55
17.33
19.74
20.59
20.59
21.94
24.46
26.45
27.25
25.97
26.69
25.21
25.21
26.44
28.21
31.46
33.89
35.76
37.11
39.26
42.84
44.58
45.87
48.73
52.45
54.76
55.47
56.17
57.97
61.79
63.55
67.51
71.49
72.47
73.1
73.6
74.01
74.55
75.18
75.82
76.5
77.14
77.81
78.49
78.95
79.69
80.47
81.19
81.85
82.42
82.93
83.41
83.9
84.57
85.24
85.79
86.59
87.17
87.53
87.64
87.49
87.21
86.87
86.58
86.52
86.26
86.04
85.84
85.6
84.47
84.22
84.03
83.91
83.87
83.93
84.26
84.41
84.64
85.01
85.55
86.29
87.15
88.04
88.87
89.7
90.51
87.52
83.36
84.1
85.68
86.2
86.48
86.51
86.3
85.91
83.42
82.68
81.71
80.83
79.8
78.64
77.35
75.99
74.54
73.03
71.48
73.68
77.05
75.53
74.14
72.97
72.03
71.31
70.8
67.71
66.17
65.91
66.19
66.35
66.61
66.94
67.33
67.68
67.96
68.19
68.24
68.13
67.82
67.29
66.35
65.07
63.21
61.2
57.48
58.49
59.71
57.55
54.85
51.91
48.74
45.37
41.81
38.18
34.54
30.89
27.47
24.22
21.17
18.35
15.83
13.59
11.86
10.2
10.2
8.11
6.28
4.74
3.46
2.39
1.54
0.91
0.48
0.21
0.06
0.03
0.02
0.01
0
0
0
0
0
0
0
0
0
0
0
0
0
0
0
0
0
0
0
0
0
0
0
0
0
0
0
0
0
0
0
0
0
0
0
0
0
0
0
0
0
0
0
0
0
0
0
0
0
0
0
0
0
0
0
0
0
0
0
0
0
0
0
0
0
0
0
0
0
0
0
0
0
0
0
0
0
0
0
0
0
0
0
0
0
0
0
0
0
0
0
0
0
0
0
0
0
0
0
0
0
0
0
0
0
0
0
0
0
0
0
0
0
0
0
0
0
0
0
0
0
0
0
0
0
0
0
0
0
0
0
0
0
0
0
0
0
0
0
0
0
0
0
0
0
0
0
0
0
0.06
0.18
0.38
0.65
0.99
1.39
1.83
2.33
2.9
2.9
2.93
3.03
3.2
3.46
3.82
3.82
4.41
4.62
5.43
6.34
6.29
7.2
8.12
9.03
9.95
10.87
11.8
12.74
13.66
14.98
16.3
17.6
18.87
20.04
20.66
20.66
20.06
20.79
21.05
22.16
22.32
23.07
21.96
22.74
23.85
25.02
26.22
27.46
28.72
30.16
31.65
33.1
34.71
36.38
38.53
41.7
44.91
47.14
48.94
50.06
49.89
48.09
51.33
52.33
53.18
53.88
54.5
55.04
52.3
50.43
50.92
51.47
51.98
52.62
53.34
54.13
54.98
55.99
55.85
56.44
60.74
65.01
65.98
67.05
67.9
68.8
69.73
70.67
74.85
78.21
79.25
79.26
79.95
80.17
80.43
80.51
80.44
80.2
81.42
81.63
81.34
81.2
81.21
81.5
81.8
82.11
82.42
82.71
83.09
83.51
79.15
80.59
79.53
80.24
81.15
82.12
83.14
84.21
85.3
86.39
87.41
88.22
88.84
89.32
89.72
90.05
90.34
90.59
90.61
90.4
94.77
94.2
95.21
94.73
93.85
92.93
91.94
88.14
87.07
85.91
84.7
83.68
82.86
82.22
81.75
81.39
81.11
80.9
80.82
80.85
80.98
81.2
81.47
81.78
82.12
82.5
82.87
86.02
86.4
86.83
87.27
87.49
87.41
87.08
86.46
82.32
81.02
79.73
77.76
75.91
73.88
71.62
69.11
66.35
63.37
60.12
56.74
54.19
51.48
48.64
45.66
42.65
39.59
36.48
33.3
33.36
30.34
27.14
24.62
21.96
19.49
17.26
15.28
13.55
12.05
10.84
9.8
8
6.38
4.93
3.64
2.53
1.63
0.92
0.42
0.12
0
0
0
0
0
0
0
0
0
0
0
0
0
0
0
0
0
0
0
0
0
0
0
0
0
0
0
0
0
0
0
0
0
0
0
0
0
0
0
0
0
0
0
0
0
0
0
0
0
0
0
0
0
0
0
0
0
0
0
0
0
0
0
0
0
0
0
0
0
0
0
0
0
0
0
0
0
0
0
0
0
0
0
0
0
0
0
0
0
0
0
0
0
0
0
0
0
0
0
0
0
0
0
0
0
0
0
0
0
0
0
0
0
0
0
0
0
0
0
0
0
0
0
0
0
0
0
0
0
0
0
0
0
0
0
0
0
0
0
0
0
0
0
0
0
0
0
0
0
0
0
0
0
0
0
0
0
0
0
0.04
0.12
0.27
0.49
0.79
1.16
1.59
2.1
2.67
2.67
2.67
2.67
2.67
2.67
2.85
3.11
3.46
3.46
4.03
4.03
4.7
5.37
6.03
6.21
5.91
6.37
6.78
7.16
6.6
6.6
7.62
8.69
9.77
10.9
11.07
12.05
13.01
13.01
13.18
14.08
15.05
16.09
17.04
18.49
18.49
17.71
19.14
20.6
20.6
20.6
22.14
21.07
21.77
23.28
24.56
23.32
22.28
24.01
23.93
23.03
21.36
22.42
24.01
25.58
26.8
29.88
27.6
28.24
28.24
28.24
29.31
31.34
33.27
34.31
36.27
39.79
42.96
44.68
47.43
50.82
52.76
53.17
53.07
52.64
54.41
54.25
57.2
57.13
59.68
61.31
60.44
61.13
60.12
59.26
58.61
58.15
57.9
57.74
56.55
56.7
55.99
56.42
56.95
57.77
58.69
59.66
60.66
61.74
62.55
64.8
66.2
67.69
69.21
70.58
71.76
72.76
73.55
74.15
75.83
76.16
78.79
78.66
78.45
78.42
78.3
78.19
78.16
78.14
78.83
79.05
79.06
79.06
79.11
79.22
79.41
79.64
79.93
80.26
80.6
80.94
81.27
81.87
82.47
82.79
83.18
83.42
83.45
83.31
83
82.52
81.89
81.12
80.25
79.27
78.25
77.23
76.2
75.14
74.05
72.93
71.86
70.87
69.96
69.05
68.14
67.36
66.75
66.27
65.88
65.56
65.15
64.67
64.09
63.4
62.56
61.5
60.28
58.92
57.44
56.74
55.72
54.37
52.68
50.81
48.68
46.42
43.85
41.03
38.03
34.89
31.89
29
26.27
23.68
21.31
19.17
17.22
15.44
13.84
11.49
9.41
7.6
6.06
4.72
3.59
2.57
1.8
1.26
0.92
0.76
0.62
0.53
0.46
0.41
0.33
0.27
0.21
0.15
0.11
0.07
0.05
0.02
0.01
0
0
0
0
0
0
0
0
0
0
0
0
0
0
0
0
0
0
0
0
0
0
0
0
0
0
0
0
0
0
0
0
0
0
0
0
0
0
0
0
0
0
0
0
0
0
0
0
0
0
0
0
0
0
0
0
0
0
0
0
0
0
0
0
0
0
0
0
0
0
0
0
0
0
0
0
0
0
0
0
0
0
0
0
0
0
0
0
0
0
0
0
0
0
0
0
0
0
0
0
0
0
0
0
0
0
0
0
0
0
0
0
0
0
0
0
0
0
0
0
0
0
0
0
0
0
0
0
0
0
0
0
0
0
0
0
0
0
0
0
0
0
0
0
0
0
0
0
0
0
0
0
0
0
0
0
0
0
0
0
0
0
0
0
0
0
0
0
0
0
0
0
0
0
0
0
0
0
0.09
0.27
0.55
0.95
1.47
2.12
2.89
3.79
4.83
5.01
5.33
5.82
6.44
7.22
8.13
8.9
9.99
11.26
12.71
14.35
16.03
17.71
19.42
21.14
22.88
24.6
26.25
27.84
29.36
31.77
34.08
36.28
38.33
37.55
39.37
41.4
41.52
43.18
44.7
46.05
47.33
46.92
48.05
49.07
49.95
50.74
51.56
52.18
50.24
50.9
51.56
52.19
52.92
56.44
57.32
58.2
60.68
61.24
62.05
62.65
63.38
66.16
67.47
68.93
70.53
72.23
73.93
75.86
80.38
82.32
84.32
86.37
88.38
90.27
87.75
86.77
88.37
90.49
92.32
94.33
95.99
97.01
97.65
97.93
97.94
97.75
97.41
96.91
96.23
95.43
94.5
93.47
92.5
91.68
95.29
97.35
96.85
96.03
95.2
94.41
93.8
93.4
93.2
93.19
93.34
93.57
93.83
94.15
94.63
95.11
95.61
96.11
96.12
91.53
91.18
89.77
89.1
88.38
87.62
86.8
85.91
84.92
83.85
82.69
81.42
80.13
78.86
77.54
76.08
74.6
73.24
71.97
71.14
74.85
74.35
74.89
74.71
74.56
74.41
74.28
74.22
74.28
74.42
74.56
74.54
74.31
73.6
72.98
72.26
71.37
70.06
68.35
66.26
65.07
63.44
61.43
59.1
56.54
53.8
50.83
47.56
44
40.2
36.36
32.74
29.36
26.47
23.55
20.82
18.29
16.1
14.25
12.72
10.19
7.99
6.1
4.5
3.14
2.01
1.12
0.5
0.14
0
0
0
0
0
0
0
0
0
0
0
0
0
0
0
0
0
0
0
0
0
0
0
0
0
0
0
0
0
0
0
0
0
0
0
0
0
0
0
0
0
0
0
0
0
0
0
0
0
0
0
0
0
0
0
0
0
0
0
0
0
0
0
0
0
0
0
0
0
0
0
0
0
0
0
0
0
0
0
0
0
0
0
0
0
0
0
0
0
0
0
0
0
0
0
0
0
0
0
0
0
0
0
0
0
0
0
0
0
0
0
0
0
0
0
0
0
0
0
0
0
0
0
0
0
0
0
0
0
0
0
0
0
0
0
0
0
0
0
0
0
0
0
0
0
0
0
0
0
0
0
0
0
0
0
0
0
0.07
0.22
0.44
0.72
1.09
1.55
2.11
2.78
3.56
3.61
3.77
4
4.35
4.8
5.35
6.05
6.87
7.83
7.98
7.98
8.89
10.02
9.8
10.79
11.75
11.29
12.22
13.07
13.88
14.68
15.27
16.96
16.61
17.71
19.26
20.66
21.97
23.19
25.27
27.64
29.2
30.58
30.68
32.13
32.36
33.72
35.47
37.31
39.14
40.17
42.34
43.91
47.3
49.19
50.57
52.05
53.58
55.15
56.68
58.07
59.29
60.39
64.26
65.66
68.42
71.54
72.85
74.1
75.28
77.99
79.69
80.92
82.31
83.55
84.79
86.01
82.34
80.69
81.81
82.96
84.16
85.33
85.56
86.1
86.35
86.31
86.11
85.77
85.46
85.19
84.91
84.51
84.01
83.64
83.21
82.7
86.99
89.35
89.08
88.94
88.93
89
89.87
90.38
91.02
91.79
92.71
93.76
94.79
95.76
96.67
97.59
97.96
98.86
99.4
100.32
101.19
101.73
101.92
101.23
96.31
95.74
95.04
94.15
93.24
92.3
91.29
90.22
89.13
88.02
87.05
86.2
86.03
85.41
85.24
84.78
84.37
84.17
84.18
84.92
89.74
90.07
90.44
90.82
91.18
91.48
91.77
92.04
92.33
92.66
92.77
92.69
91.13
90.63
89.93
89.08
88.14
87.12
85.98
84.7
83.37
82.03
80.7
76.02
74.68
73.28
71.71
69.97
67.98
65.75
63.42
61.09
59.9
57.33
54.62
52.6
50.42
48.07
45.68
43.29
40.77
38.11
35.28
35.69
32.63
29.51
26.57
23.81
21.28
18.99
16.92
14.96
13.23
11.73
10.46
8.59
6.95
5.54
4.24
3.08
2.12
1.34
0.76
0.35
0.11
0.05
0.02
0
0
0
0
0
0
0
0
0
0
0
0
0
0
0
0
0
0
0
0
0
0
0
0
0
0
0
0
0
0
0
0
0
0
0
0
0
0
0
0
0
0
0
0
0
0
0
0
0
0
0
0
0
0
0
0
0
0
0
0
0
0
0
0
0
0
0
0
0
0
0
0
0
0
0
0
0
0
0
0
0
0
0
0
0
0
0
0
0
0
0
0
0
0
0
0
0
0
0
0
0
0
0
0
0
0
0
0
0
0
0
0
0
0
0
0
0
0
0
0
0
0
0
0
0
0
0
0
0
0
0
0
0
0
0
0
0
0
0
0
0
0
0
0
0
0
0
0
0
0
0
0
0
0
0
0
0
0
0
0
0
0
0
0
0
0
0
0
0
0
0
0
0
0
0
0
0
0
0
0
0
0
0
0
0
0
0
0
0
0
0.06
0.19
0.4
0.7
1.1
1.6
2.21
2.93
3.74
3.74
3.74
3.74
3.74
3.74
3.88
4.16
4.61
5.26
6.11
7.16
8.15
9.18
10.15
11.09
11.97
12.79
13.53
14.25
14.96
16.58
17.43
19.28
21.3
21.3
23.25
22.97
25.07
24.43
23.57
22.53
23.92
25.09
26.57
28.09
28.68
30.36
32.07
33.79
35.47
37.1
39.55
40.98
42.2
45.39
46.41
49.52
50.08
53.19
56.34
59.53
60.3
61.24
61.88
62.57
64.27
64.93
65.58
66.22
66.86
67.53
68.23
69.02
69.94
70.94
72.03
73.17
74.33
75.48
76.6
77.65
78.64
79.58
80.44
81.06
81.44
81.59
81.62
81.48
81.2
80.76
80.16
79.4
78.49
76.18
75.1
73.93
72.79
71.71
70.73
69.83
69.03
68.3
67.55
66.96
66.52
66.23
66.03
65.97
62.41
62.01
62.3
62.67
63.08
64.82
65.28
65.8
66.19
66.4
65.64
65.45
65.05
64.54
64.01
63.36
62.57
61.5
60.16
58.5
60.16
58.49
55.97
53.24
50.36
47.33
45.73
43.91
41.96
39.9
38.54
36.36
34.12
31.75
29.2
26.54
23.85
21.4
19.22
17.29
15.67
14.3
13.17
12.24
11.49
10.92
8.94
7.17
5.62
4.28
3.11
2.14
1.37
0.8
0.45
0.28
0.26
0.24
0.23
0.23
0.18
0.15
0.11
0.08
0.06
0.04
0.02
0.01
0
0
0
0
0
0
0
0
0
0
0
0
0
0
0
0
0
0
0
0
0
0
0
0
0
0
0
0
0
0
0
0
0
0
0
0
0
0
0
0
0
0
0
0
0
0
0
0
0
0
0
0
0
0
0
0
0
0
0
0
0
0
0
0
0
0
0
0
0
0
0
0
0
0
0
0
0
0
0
0
0
0
0
0
0
0
0
0
0
0
0
0
0
0
0
0
0
0
0
0
0
0
0
0
0
0
0
0
0
0
0
0
0
0
0
0
0
0
0
0
0
0
0
0
0
0
0
0
0
0
0
0
0
0
0
0
0
0
0
0
0
0
0
0
0
0
0
0
0
0
0
0
0
0
0
0
0
0
0
0
0
0
0
0
0
0
0
0
0
0
0
0
0
0
0
0
0
0
0
0
0.1
0.33
0.68
1.12
1.65
2.28
3.01
3.83
4.74
4.74
4.74
4.74
4.74
4.74
4.76
5.02
5.51
6.19
7.08
8.19
8.09
7.86
7.51
7.07
8.14
7.51
8.65
9.86
11.15
13.44
15.82
18.29
20.56
22.52
25.01
27.25
29.27
31.17
32.93
34.56
37.34
40.19
43.14
46.17
47.66
50.77
48.9
48.44
46.64
47.23
47.77
48.32
46.05
46.09
45.75
43.25
43.88
44.45
44.94
44.97
43.9
41.06
38.3
38.32
36.79
33.69
37.18
39.19
42.5
43.42
44.03
43.96
48.03
50.14
52.13
56.34
57.43
58.48
59.51
60.86
63.29
67.5
71.57
71.92
74.49
78.49
78.88
79.07
79.04
78.82
78.77
79.26
78.57
77.78
76.89
76.03
75.24
74.58
74.07
73.71
73.44
73.15
72.86
73.48
73.39
73.47
73.66
73.94
74.27
74.62
75.03
75.49
74.66
73.5
73.66
73.41
72.72
69.17
67.17
65.1
62.61
59.75
58.31
56.51
54.42
52.04
49.41
46.57
43.58
40.51
37.22
33.71
31.28
29.24
25.91
22.93
20.29
20.4
18.84
17.24
15.95
14.95
12.5
10.32
8.39
6.72
5.29
4.08
3.07
2.22
1.67
1.34
1.26
1.18
1.09
1
0.91
0.82
0.73
0.64
0.55
0.48
0.42
0.37
0.33
0.31
0.29
0.29
0.29
0.29
0.23
0.18
0.13
0.1
0.07
0.04
0.02
0.01
0
0
0
0
0
0
0
0
0
0
0
0
0
0
0
0
0
0
0
0
0
0
0
0
0
0
0
0
0
0
0
0
0
0
0
0
0
0
0
0
0
0
0
0
0
0
0
0
0
0
0
0
0
0
0
0
0
0
0
0
0
0
0
0
0
0
0
0
0
0
0
0
0
0
0
0
0
0
0
0
0
0
0
0
0
0
0
0
0
0
0
0
0
0
0
0
0
0
0
0
0
0
0
0
0
0
0
0
0
0
0
0
0
0
0
0
0
0
0
0
0
0
0
0
0
0
0
0
0
0
0
0
0
0
0
0
0
0
0
0
0
0
0
0
0
0
0
0
0
0
0
0
0
0
0
0
0
0
0
0
0
0
0
0
0
0
0
0
0
0
0
0
0
0
0
0
0
0
0
0
0
0
0
0
0
0.01
0.03
0.07
0.12
0.34
0.7
1.2
1.83
2.59
3.36
4.28
4.37
5.39
5.67
6.15
6.8
7.6
8.51
8.51
9.74
10.79
12.27
14.01
15.92
17.71
19.4
21.07
22.66
22.71
23.95
23.03
22.94
24.21
26.2
27.92
29.48
30.87
32.18
32.37
33.39
32.89
33.74
33.87
34.31
34.71
35.07
32.91
33.09
34.74
35.26
37.86
40.55
41.01
40.38
38.18
36.55
35.2
35.94
38.77
39.57
42.11
42.9
44.12
44.86
45.63
46.45
49.73
50.65
51.65
52.73
53.31
54.53
55.8
58.27
62.44
66.03
69.36
69.3
70.56
71.86
73.2
74.57
76.05
77.68
79.3
80.9
82.45
83.97
85.29
81.67
83.05
83.58
83.93
84.14
84.24
84.34
84.42
85.74
85.65
85.45
85.2
84.94
84.62
84.19
83.75
83.31
82.88
82.45
81.54
85.94
85.76
85.69
85.66
85.64
85.68
85.69
85.69
85.73
85.8
85.9
85.86
85.69
85.34
84.84
84.23
83.5
82.66
81.74
81.34
80.4
79.45
78.47
77.42
76.32
73.97
72.81
71.64
67.83
66.76
65.73
64.54
62.98
61.55
58.56
56.86
54.97
53
50.87
48.52
47.29
45.85
44.27
42.65
40.93
40.33
38.36
36.23
36.5
33.67
30.52
27.61
25.18
22.71
21.92
19.93
18.22
16.68
15.37
14.29
12.11
10.15
8.38
6.74
5.26
3.93
2.78
1.82
1.11
0.75
0.68
0.65
0.61
0.6
0.57
0.53
0.49
0.44
0.4
0.36
0.33
0.29
0.26
0.24
0.22
0.21
0.2
0.2
0.2
0.2
0.2
0.16
0.12
0.09
0.07
0.04
0.03
0.02
0.01
0
0
0
0
0
0
0
0
0
0
0
0
0
0
0
0
0
0
0
0
0
0
0
0
0
0
0
0
0
0
0
0
0
0
0
0
0
0
0
0
0
0
0
0
0
0
0
0
0
0
0
0
0
0
0
0
0
0
0
0
0
0
0
0
0
0
0
0
0
0
0
0
0
0
0
0
0
0
0
0
0
0
0
0
0
0
0
0
0
0
0
0
0
0
0
0
0
0
0
0
0
0
0
0
0
0
0
0
0
0
0
0
0
0
0
0
0
0
0
0
0
0
0
0
0
0
0
0
0
0
0
0
0
0
0
0
0
0
0
0
0
0
0
0
0
0
0
0
0
0
0
0
0
0
0
0
0
0
0
0
0
0
0
0.11
0.34
0.68
1.15
1.72
2.39
3.17
4.08
5.13
5.13
5.13
5.72
6.45
7.03
8.01
9.14
10.55
12.13
13.85
15.62
17.32
18.93
20.48
21.63
23.06
24.51
25.98
27.39
28.74
31.2
31.2
32.86
32.12
33.88
35.56
37.16
38.47
39.65
40.72
41.76
39.94
41.08
41.34
42.86
44.05
45.16
43.14
42.27
43.01
43.76
46.91
47.9
51.23
52.29
53.12
53.96
54.85
55.81
56.51
57.66
61.66
62.8
64.9
66.2
67.59
69.01
73.49
76.82
78.52
80.23
82.07
83.86
85.64
87.42
86.84
88.55
90.22
91.86
93.72
95.05
96.33
97.38
98.16
98.64
98.79
98.84
98.78
98.61
98.34
97.35
96.86
96.29
95.61
94.8
91.88
90.97
90.15
89.38
88.72
88.23
87.84
87.64
87.59
87.72
88.05
88.44
88.87
89.31
89.81
90.91
91.4
91.88
92.37
92.88
97.72
98.17
98.31
98.21
97.87
97.31
96.56
95.66
94.69
93.62
92.47
91.3
90.11
88.93
87.71
86.48
85.03
83.38
81.54
79.51
77.28
74.85
72.37
69.78
67.09
65.3
63.38
61.29
59
56.54
53.87
50.96
47.83
44.49
40.94
37.25
33.82
30.62
27.65
24.9
22.38
20.09
18.03
16.21
14.62
12.23
10.07
8.15
6.46
4.99
3.75
2.76
2
1.47
1.17
1.06
1.02
0.97
0.92
0.86
0.8
0.74
0.68
0.63
0.57
0.51
0.45
0.4
0.37
0.34
0.32
0.31
0.31
0.31
0.31
0.31
0.25
0.19
0.15
0.11
0.07
0.05
0.03
0.01
0
0
0
0
0
0
0
0
0
0
0
0
0
0
0
0
0
0
0
0
0
0
0
0
0
0
0
0
0
0
0
0
0
0
0
0
0
0
0
0
0
0
0
0
0
0
0
0
0
0
0
0
0
0
0
0
0
0
0
0
0
0
0
0
0
0
0
0
0
0
0
0
0
0
0
0
0
0
0
0
0
0
0
0
0
0
0
0
0
0
0
0
0
0
0
0
0
0
0
0
0
0
0
0
0
0
0
0
0
0
0
0
0
0
0
0
0
0
0
0
0
0
0
0
0
0
0
0
0
0
0
0
0
0
0
0
0
0
0
0
0
0
0
0
0
0
0
0
0
0
0
0
0
0
0
0
0
0
0
0
0
0.07
0.22
0.48
0.85
1.36
2
2.79
3.72
4.76
4.76
4.76
4.76
4.86
5.12
5.52
5.88
6.38
6.38
6.38
7.33
8.34
9.38
9.9
10.99
12
11.36
12.25
13.11
13.99
15.96
17.98
20.04
22.04
23.97
25.79
27.7
29.49
31.82
34.18
35.34
36.69
37.96
39.71
40.87
42.09
44.89
45.71
43.92
43.02
43.81
44.63
45.46
46.27
46.94
47.47
48.06
48.15
45.82
46.4
47.53
47.9
48.99
50.06
51.09
52.09
53.12
54.44
58.29
61.15
62.3
63.37
64.44
65.57
66.79
68.11
68.93
69.3
73.35
73.37
74.21
75.36
75.68
75.72
75.65
75.71
75.61
75.54
75.49
75.4
75.28
75.17
74.93
74.55
74.09
73.69
73.78
74.9
74.82
75.9
75.91
76.06
76.29
76.4
76.88
77.12
77.42
77.67
77.86
78.06
78.25
78.45
78.77
79.18
79.66
80.01
80.18
80.14
79.9
79.51
79.04
78.49
77.93
77.69
77.1
76.51
75.92
75.33
74.81
74.34
73.91
73.55
73.18
71.35
70.96
70.62
70.37
70.22
70.12
69.85
69.39
68.73
67.83
66.71
65.37
63.82
62.03
59.98
59.29
58.23
56.81
54.99
52.85
51.92
49.27
46.39
43.23
39.84
36.25
32.9
29.79
26.92
24.28
21.89
19.75
17.85
16.2
14.85
12.07
9.61
7.47
5.65
4.12
2.81
1.76
0.97
0.43
0.14
0.09
0.05
0.03
0.01
0
0
0
0
0
0
0
0
0
0
0
0
0
0
0
0
0
0
0
0
0
0
0
0
0
0
0
0
0
0
0
0
0
0
0
0
0
0
0
0
0
0
0
0
0
0
0
0
0
0
0
0
0
0
0
0
0
0
0
0
0
0
0
0
0
0
0
0
0
0
0
0
0
0
0
0
0
0
0
0
0
0
0
0
0
0
0
0
0
0
0
0
0
0
0
0
0
0
0
0
0
0
0
0
0
0
0
0
0
0
0
0
0
0
0
0
0
0
0
0
0
0
0
0
0
0
0
0
0
0
0
0
0
0
0
0
0
0
0
0
0
0
0
0
0
0
0
0
0
0
0
0
0
0
0
0
0
0
0
0
0
0
0
0
0
0
0
0
0
0
0.2
0.56
1.09
1.79
2.62
3.6
4.76
6.1
7.6
8.41
9.04
9.04
9.04
9.04
10.34
11.77
13.32
15
16.81
18.73
20.41
20.48
21.53
22.72
23.8
24.77
25.51
26.03
26.42
27.41
28.69
30.69
32.8
35.05
36.07
37.05
38.04
39.18
40.31
41.47
42.73
45.53
44.35
43.93
43.11
44.54
46.11
47.82
49.53
51.3
52.92
54.45
52.34
53.37
54.63
55.83
56.89
57.37
58.03
56.96
57.57
54.39
58.06
56.6
58.36
59.29
60.57
61.83
63.01
64.3
65.69
67.11
72.07
73.86
75.4
76.94
78.5
80.33
81.8
84.84
86.06
90.84
91.43
95.92
97.47
93.65
90.97
90.09
89.7
89.28
88.5
83.56
80.33
78
77.52
77.02
76.68
76.61
76.8
77.13
77.6
78.31
79.29
80.49
81.77
86.92
90.42
92.01
93.13
94.15
95.42
100.82
104.43
107.05
107.74
108.39
108.72
108.69
108.28
107.63
106.8
105.78
104.58
103.27
101.95
100.67
99.37
98.03
96.76
95.57
94.47
93.46
92.57
91.74
90.99
89.62
89.09
88.51
88.09
88.07
88.19
88.4
88.67
88.95
89.2
89.41
89.69
90.04
90.25
90.34
89.02
88.79
88.32
84.95
84.13
83.83
82.55
81.19
79.51
77.3
74.79
72.06
69.11
65.99
62.72
60.3
57.66
54.79
51.81
48.7
46.7
43.33
39.91
39.14
35.54
31.9
28.56
25.5
22.74
20.24
18.01
16.01
14.25
12.7
11.35
9.22
7.31
5.63
4.16
2.91
1.9
1.12
0.54
0.17
0
0
0
0
0
