start_date: 1960-10-01 24:00
start_date: 2013-09-30 24:00
data_date: 1960-10-01 24:00
timestep: 1 DAY
units: cfs
scale: 1.000000
#Series Slot: ReferenceDemands.Refuge Project Crops [1 cfs]
0
0
0
0
0
0
0
0
0
0
0
0
0
0
0
0
0
0
0
0
0
0
0
0
0
0
0
0
0
0
0
0
0
0
0
0
0
0
0
0
0
0
0
0
0
0
0
0
0
0
0
0
0
0
0
0
0
0
0
0
0
0
0
0
0
0
0
0
0
0
0
0
0
0
0
0
0
0
0
0
0
0
0
0
0
0
0
0
0
0
0
0
0
0
0
0
0
0
0
0
0
0
0
0
0
0
0
0
0
0
0
0
0
0
0
0
0
0
0
0
0
0
0
0
0
0
0
0
0
0
0
0
0
0
0
0
0
0
0
0
0
0
0
0
0
0
0
0
0
0
0
0
0
0
0
0
0
0
0
0
0
0
0
0
0
0
0
0
0
0
0
0
0
0
0
0
0
0
0.03
0.09
0.18
0.31
0.45
0.62
0.81
1.02
1.25
1.25
1.25
1.29
1.36
1.45
1.58
1.73
1.91
1.91
2.15
2.41
2.64
2.83
3
3.15
3.3
3.13
3.26
3.39
3.52
3.85
3.84
4.11
4.47
4.81
4.69
5.08
4.9
5.51
5.89
6.29
6.75
7.25
7.76
8.28
7.99
8.84
9.45
10.07
10.72
11.48
12.46
13.25
14.05
14.14
14.14
14.89
15.92
15.32
15.61
16.44
17.29
18.2
19.18
20.25
21.69
22.87
23.66
24.83
26.01
27.14
28.45
29.7
30.86
32.76
35.23
36.42
37.9
40.45
42.11
43.19
44.16
45
45.7
46.27
47.25
47.62
48.3
48.54
48.72
48.83
48.85
48.81
48.71
48.56
48.39
48.21
48.01
47.78
47.44
47.18
46.94
46.77
46.66
46.57
46.47
46.36
46.23
46.07
45.87
45.67
45.47
45.21
44.9
44.51
44.02
43.43
42.75
41.98
41.18
40.2
39.08
37.82
36.42
34.9
33.28
31.57
29.77
27.87
26.27
24.6
22.89
21.16
19.45
17.77
16.13
14.53
12.97
11.46
10.01
8.69
7.5
6.43
5.48
4.67
3.97
3.39
2.92
2.61
2.04
1.57
1.18
0.86
0.6
0.39
0.23
0.11
0.03
0
0
0
0
0
0
0
0
0
0
0
0
0
0
0
0
0
0
0
0
0
0
0
0
0
0
0
0
0
0
0
0
0
0
0
0
0
0
0
0
0
0
0
0
0
0
0
0
0
0
0
0
0
0
0
0
0
0
0
0
0
0
0
0
0
0
0
0
0
0
0
0
0
0
0
0
0
0
0
0
0
0
0
0
0
0
0
0
0
0
0
0
0
0
0
0
0
0
0
0
0
0
0
0
0
0
0
0
0
0
0
0
0
0
0
0
0
0
0
0
0
0
0
0
0
0
0
0
0
0
0
0
0
0
0
0
0
0
0
0
0
0
0
0
0
0
0
0
0
0
0
0
0
0
0
0
0
0
0
0
0
0
0
0
0
0
0
0
0
0
0
0
0
0
0
0
0
0
0
0
0
0
0
0
0
0
0
0
0
0
0
0
0
0
0
0
0
0
0
0
0
0
0
0
0
0
0
0.03
0.08
0.17
0.29
0.44
0.62
0.84
1.09
1.38
1.42
1.49
1.59
1.71
1.86
1.86
2.07
2.31
2.59
2.91
3.27
3.62
3.95
4.1
4.09
4.3
4.55
4.66
4.54
4.7
5.11
5.49
5.87
6.24
6.44
7
7.17
6.94
7.28
7.6
7.86
8.09
8.44
8.97
8.86
9.35
9.72
10.27
11.11
10.66
11.24
10.86
11.47
12.08
12.86
13.44
14.24
15.48
16.15
16.85
17.49
18.28
18.97
19.67
21.14
21.8
22.57
21.7
22.42
24.17
24.96
26.78
27.67
28.6
29.56
30.55
31.53
32.47
33.39
34.28
35.25
36.1
36.96
37.79
38.61
39.39
40.11
42.41
42.99
43.51
43.93
44.27
44.5
44.63
44.72
44.76
44.74
44.69
44.62
44.56
44.51
44.46
44.37
44.28
44.2
44.13
44.04
43.94
43.85
43.76
43.71
43.69
43.69
43.68
43.63
43.57
43.48
43.31
43.05
42.72
42.31
41.83
41.3
40.32
39.62
38.84
37.81
36.85
35.88
34.83
33.67
32.39
31.01
29.58
28.09
26.55
25
23.47
21.96
20.44
19.17
17.91
16.63
15.73
14.47
13.25
12.21
11.11
9.97
8.88
7.84
6.91
6.1
5.36
4.72
4.16
3.66
3.22
2.84
2.53
2.01
1.57
1.18
0.86
0.6
0.39
0.23
0.11
0.04
0
0
0
0
0
0
0
0
0
0
0
0
0
0
0
0
0
0
0
0
0
0
0
0
0
0
0
0
0
0
0
0
0
0
0
0
0
0
0
0
0
0
0
0
0
0
0
0
0
0
0
0
0
0
0
0
0
0
0
0
0
0
0
0
0
0
0
0
0
0
0
0
0
0
0
0
0
0
0
0
0
0
0
0
0
0
0
0
0
0
0
0
0
0
0
0
0
0
0
0
0
0
0
0
0
0
0
0
0
0
0
0
0
0
0
0
0
0
0
0
0
0
0
0
0
0
0
0
0
0
0
0
0
0
0
0
0
0
0
0
0
0
0
0
0
0
0
0
0
0
0
0
0
0
0
0
0
0
0
0
0
0
0
0
0
0
0
0
0
0
0
0
0
0
0
0
0
0
0
0
0
0
0
0
0
0
0
0
0
0
0
0
0
0
0
0
0
0
0
0
0
0
0
0
0
0
0
0
0
0
0
0
0
0
0
0
0
0
0
0
0
0
0
0
0
0
0
0
0
0
0.05
0.14
0.29
0.49
0.73
1.03
1.37
1.76
2.21
2.22
2.29
2.42
2.6
2.72
3
3.16
3.55
3.98
4.46
4.99
5.49
5.96
6.4
6.79
7.14
7.47
7.79
8.08
7.94
8.7
9.44
10.17
10.89
11.46
12.22
13.12
13.83
14.53
15.25
15.97
16.75
17.57
18.42
19.31
20.18
19.78
20.74
21.01
22.39
23.32
24.23
23.37
24.18
25.23
25.93
26.67
27.45
28.23
29
29.73
30.38
30.94
31.49
32.03
32.59
34.4
34.83
35.93
36.34
36.72
37.1
39.24
39.68
40.09
40.54
40.91
41.2
41.43
41.61
41.78
41.95
42.18
42.39
42.57
42.69
42.78
42.86
42.92
42.95
42.98
43
42.96
42.89
42.4
42.21
42.01
41.78
41.5
41.17
40.8
40.39
39.92
39.41
38.89
38.39
37.87
37.3
36.7
36.04
35.34
34.58
33.77
32.91
32.41
31.53
29.88
28.89
27.86
26.83
25.74
24.57
23.04
21.7
20.29
19.27
18.22
17.14
16.04
14.92
13.77
12.62
11.48
10.37
9.25
8.13
7.8
6.87
6.02
5.24
4.56
3.99
3.8
3.45
3.2
2.57
2.01
1.53
1.12
0.78
0.51
0.3
0.15
0.05
0
0
0
0
0
0
0
0
0
0
0
0
0
0
0
0
0
0
0
0
0
0
0
0
0
0
0
0
0
0
0
0
0
0
0
0
0
0
0
0
0
0
0
0
0
0
0
0
0
0
0
0
0
0
0
0
0
0
0
0
0
0
0
0
0
0
0
0
0
0
0
0
0
0
0
0
0
0
0
0
0
0
0
0
0
0
0
0
0
0
0
0
0
0
0
0
0
0
0
0
0
0
0
0
0
0
0
0
0
0
0
0
0
0
0
0
0
0
0
0
0
0
0
0
0
0
0
0
0
0
0
0
0
0
0
0
0
0
0
0
0
0
0
0
0
0
0
0
0
0
0
0
0
0
0
0
0
0
0
0
0
0
0
0
0
0
0
0
0
0
0
0
0
0
0
0
0
0
0
0
0
0
0
0
0
0
0
0
0
0
0
0
0
0
0
0
0
0
0
0
0
0
0
0
0
0
0
0
0
0
0
0
0.03
0.1
0.2
0.34
0.51
0.7
0.93
1.2
1.5
1.57
1.57
1.72
1.92
2.17
2.48
2.85
3.26
3.72
4.23
4.77
4.74
4.81
5.33
5.84
6.35
6.87
7.42
8
8.51
9.39
9.39
9.24
9.04
8.8
8.49
9.25
9.98
10.72
11.46
10.92
10.99
12.27
12.43
13.26
14.11
14.97
15.77
16.5
17.28
17.96
19.6
21.3
23.04
24.82
26.64
27.39
28.18
28.95
29.45
31.27
33.2
33.82
35.11
35.73
36.31
36.85
37.41
37.22
37.79
38.36
38.94
39.48
39.98
40.43
40.85
41.18
41.4
41.56
41.92
42.2
42.29
42.37
42.34
42.35
40.24
40.23
40.21
40.94
40.88
40.76
40.58
40.36
40.11
39.84
39.57
39.33
39.14
38.98
38.83
38.66
38.44
38.18
37.91
37.51
39.14
38.59
37.94
37.19
36.4
35.57
34.71
33.81
32.88
31.9
30.86
29.66
28.3
26.98
25.71
24.39
23.02
21.64
20.26
18.89
17.54
16.23
14.95
13.73
12.82
11.92
11.04
10.17
9.32
8.51
7.71
7.04
6.5
5.89
5.2
4.6
4.07
3.62
3.23
2.89
2.61
2.37
2.18
2.02
1.63
1.28
0.98
0.72
0.51
0.34
0.2
0.1
0.03
0
0
0
0
0
0
0
0
0
0
0
0
0
0
0
0
0
0
0
0
0
0
0
0
0
0
0
0
0
0
0
0
0
0
0
0
0
0
0
0
0
0
0
0
0
0
0
0
0
0
0
0
0
0
0
0
0
0
0
0
0
0
0
0
0
0
0
0
0
0
0
0
0
0
0
0
0
0
0
0
0
0
0
0
0
0
0
0
0
0
0
0
0
0
0
0
0
0
0
0
0
0
0
0
0
0
0
0
0
0
0
0
0
0
0
0
0
0
0
0
0
0
0
0
0
0
0
0
0
0
0
0
0
0
0
0
0
0
0
0
0
0
0
0
0
0
0
0
0
0
0
0
0
0
0
0
0
0
0
0
0
0
0
0
0
0
0
0
0
0
0
0
0
0
0
0
0
0
0
0
0
0
0
0
0
0
0
0.03
0.08
0.16
0.26
0.4
0.55
0.73
0.94
1.17
1.17
1.17
1.17
1.17
1.17
1.17
1.17
1.22
1.3
1.43
1.6
1.71
1.86
2
2.14
2.26
2.37
2.48
2.28
2.37
2.73
3.12
3.55
4.01
4.51
5.05
5.04
5.06
5.6
6.1
6.59
7.15
7.68
8.24
8.8
9.39
10.02
10.7
11.74
12.49
13.24
13.97
14.68
15.36
15.98
16.34
17.54
18.74
19.24
19.98
19.66
20.36
20.49
19.72
20.33
21.02
21.66
22.24
22.75
23.26
22.98
21.87
22.44
23.08
23.82
24.78
25.44
25.97
26.67
27.11
28.59
29.03
30.04
31.95
32.45
32.85
33.22
33.6
33.96
34.28
35.37
37.29
37.3
37.32
37.33
37.35
37.39
37.52
37.62
37.71
37.77
37.76
37.69
37.55
37.37
37.14
36.87
36.56
36.22
35.74
35.3
34.82
34.51
34.09
33.56
32.96
32.28
31.55
29.62
28.35
27.46
26.52
25.52
24.45
23.09
21.38
20.14
18.53
17.7
16.94
16.07
15.14
14.15
13.11
12.05
11
9.94
8.83
8.83
8.2
7.22
6.33
5.53
4.81
4.44
4.44
4.03
4.03
3.29
2.62
2.02
1.51
1.09
0.75
0.47
0.24
0.08
0
0
0
0
0
0
0
0
0
0
0
0
0
0
0
0
0
0
0
0
0
0
0
0
0
0
0
0
0
0
0
0
0
0
0
0
0
0
0
0
0
0
0
0
0
0
0
0
0
0
0
0
0
0
0
0
0
0
0
0
0
0
0
0
0
0
0
0
0
0
0
0
0
0
0
0
0
0
0
0
0
0
0
0
0
0
0
0
0
0
0
0
0
0
0
0
0
0
0
0
0
0
0
0
0
0
0
0
0
0
0
0
0
0
0
0
0
0
0
0
0
0
0
0
0
0
0
0
0
0
0
0
0
0
0
0
0
0
0
0
0
0
0
0
0
0
0
0
0
0
0
0
0
0
0
0
0
0
0
0
0
0
0
0
0
0
0
0
0
0
0
0
0
0
0
0
0
0
0
0
0
0
0
0
0
0
0
0
0
0
0.03
0.09
0.18
0.3
0.45
0.64
0.86
1.13
1.43
1.66
1.92
2.21
2.21
2.21
2.21
2.6
3.02
3.48
3.98
4.51
5.02
5.5
5.95
6.38
6.78
7.15
7.49
7.81
8.1
8.48
8.85
9.22
9.92
10.66
11.43
11.84
12.25
12.48
12.56
12.76
13.15
13.57
13.66
14.17
14.73
15.33
15.98
16.69
17.47
18.32
19.24
20.17
21.11
22.05
23.01
23.94
24.86
25.9
27.08
28.15
29.08
30.01
31.27
30.94
30.85
30.84
30.86
31.3
31.81
32.29
32.5
32.1
32.48
32.76
33.07
33.44
33.83
34.29
34.74
35.15
35.52
35.52
35.97
37.6
38.97
40.23
41.33
41.55
42.02
42.42
42.99
44.12
44.41
44.74
44.97
45.14
45
45.1
45.22
45.32
45.4
45.8
45.74
45.48
45.35
45.2
44.42
44.77
44.73
44.7
44.66
44.59
44.54
44.5
44.47
44.42
44.59
44.44
44.2
43.9
43.56
43.15
42.68
42.32
41.71
41.02
40.9
39.9
38.77
37.52
36.18
34.76
33.24
31.61
29.89
28.23
26.54
24.8
23.05
21.31
19.57
17.87
16.18
14.52
12.91
11.34
9.9
8.6
7.41
6.36
5.41
4.57
3.84
3.21
2.69
2.13
1.66
1.25
0.92
0.64
0.41
0.24
0.12
0.04
0
0
0
0
0
0
0
0
0
0
0
0
0
0
0
0
0
0
0
0
0
0
0
0
0
0
0
0
0
0
0
0
0
0
0
0
0
0
0
0
0
0
0
0
0
0
0
0
0
0
0
0
0
0
0
0
0
0
0
0
0
0
0
0
0
0
0
0
0
0
0
0
0
0
0
0
0
0
0
0
0
0
0
0
0
0
0
0
0
0
0
0
0
0
0
0
0
0
0
0
0
0
0
0
0
0
0
0
0
0
0
0
0
0
0
0
0
0
0
0
0
0
0
0
0
0
0
0
0
0
0
0
0
0
0
0
0
0
0
0
0
0
0
0
0
0
0
0
0
0
0
0
0
0
0
0
0
0
0
0
0
0
0
0
0
0
0
0
0
0
0
0
0
0
0
0
0
0
0
0
0
0
0
0
0
0
0
0
0
0
0
0
0
0
0
0
0
0
0
0
0
0
0
0
0
0
0
0
0
0
0
0
0
0
0
0
0
0
0
0
0
0
0
0
0
0
0
0
0
0
0
0
0
0
0
0
0
0
0
0
0
0
0
0
0.04
0.14
0.28
0.48
0.72
1.01
1.34
1.73
2.16
2.16
2.16
2.16
2.18
2.23
2.34
2.51
2.73
3.04
3.04
3.31
3.72
4.09
3.95
4.25
4.51
4.74
4.4
4.6
4.79
5.43
6.12
6.86
7.69
8.59
9.48
10.36
11.25
12.11
13.33
14.35
14.87
14.4
15.71
16.72
17.85
19.12
20.97
22.32
23.68
25.07
26.45
27.82
29.06
30.21
31.36
32.49
33.58
34.65
35.68
36.64
37.91
40.14
41.04
41.74
42.28
42.67
42.99
43.23
43.33
43.48
43.6
43.67
43.76
43.82
43.83
43.8
43.73
43.63
43.5
43.3
43.15
43.01
42.89
42.76
42.62
42.47
42.29
42.07
41.95
41.7
41.45
41.19
40.89
40.54
40.13
39.67
39.14
38.53
37.81
37.04
36.11
35.05
33.87
32.59
31.21
29.74
28.2
27.21
26.08
24.82
23.43
21.94
20.39
18.82
17.24
15.66
14.11
12.58
11.18
9.91
8.75
7.71
6.81
6.02
5.35
4.79
4.34
3.39
2.57
1.89
1.35
0.92
0.59
0.34
0.16
0.05
0
0
0
0
0
0
0
0
0
0
0
0
0
0
0
0
0
0
0
0
0
0
0
0
0
0
0
0
0
0
0
0
0
0
0
0
0
0
0
0
0
0
0
0
0
0
0
0
0
0
0
0
0
0
0
0
0
0
0
0
0
0
0
0
0
0
0
0
0
0
0
0
0
0
0
0
0
0
0
0
0
0
0
0
0
0
0
0
0
0
0
0
0
0
0
0
0
0
0
0
0
0
0
0
0
0
0
0
0
0
0
0
0
0
0
0
0
0
0
0
0
0
0
0
0
0
0
0
0
0
0
0
0
0
0
0
0
0
0
0
0
0
0
0
0
0
0
0
0
0
0
0
0
0
0
0
0
0
0
0
0
0
0
0
0
0
0
0
0
0
0
0
0
0
0
0
0
0
0
0
0
0
0
0
0
0
0
0
0
0
0
0
0
0
0
0
0.02
0.06
0.11
0.19
0.29
0.4
0.54
0.69
0.88
0.95
1.06
1.19
1.35
1.54
1.75
1.99
2.26
2.26
2.59
2.95
3.3
3.7
4.16
4.68
5.24
5.84
6.45
7.07
7.7
8.47
9.25
10.03
10.82
11.61
12.02
12.65
13.19
13.19
14
14.84
15.72
16.53
17.25
17.65
16.99
17.03
16.47
16.96
17.41
17.7
18.14
18.57
18.98
19.4
20.21
20.83
21.54
22.98
23.11
23.5
22.25
22.67
23.15
23.92
25.76
26.93
28.69
29.42
30.2
31.14
31.95
32.8
33.73
34.66
33.22
34.08
34.92
35.88
37.04
37.91
40.4
41.24
42.02
42.75
43.39
43.97
44.52
45.03
45.47
45.86
46.17
46.36
46.44
46.45
48.79
48.83
48.82
48.77
48.68
48.53
48.34
48.13
47.89
47.63
47.36
47.04
46.65
46.19
45.77
45.35
44.96
44.59
44.22
43.83
43.37
42.79
42.15
40.22
39.36
38.4
37.34
36.19
34.95
33.61
32.19
30.73
29.38
28.02
26.55
24.98
23.3
21.56
19.77
17.97
16.17
14.41
12.69
12.27
10.79
9.43
8.19
7.06
6.04
5.14
4.34
3.63
2.87
2.18
1.59
1.11
0.74
0.46
0.26
0.12
0.04
0
0
0
0
0
0
0
0
0
0
0
0
0
0
0
0
0
0
0
0
0
0
0
0
0
0
0
0
0
0
0
0
0
0
0
0
0
0
0
0
0
0
0
0
0
0
0
0
0
0
0
0
0
0
0
0
0
0
0
0
0
0
0
0
0
0
0
0
0
0
0
0
0
0
0
0
0
0
0
0
0
0
0
0
0
0
0
0
0
0
0
0
0
0
0
0
0
0
0
0
0
0
0
0
0
0
0
0
0
0
0
0
0
0
0
0
0
0
0
0
0
0
0
0
0
0
0
0
0
0
0
0
0
0
0
0
0
0
0
0
0
0
0
0
0
0
0
0
0
0
0
0
0
0
0
0
0
0
0
0
0
0
0
0
0
0
0
0
0
0
0
0
0
0
0
0
0
0
0
0
0
0
0
0
0
0
0
0
0
0
0
0
0
0
0
0
0
0
0
0
0
0
0
0
0
0
0
0
0
0
0
0
0
0
0
0
0.04
0.11
0.22
0.37
0.57
0.82
1.11
1.44
1.82
1.92
2.05
2.05
2.05
2.29
2.57
2.9
3.28
3.71
4.19
4.72
5.23
5.56
6.05
6.52
6.98
7.42
7.84
8.26
8.66
9.36
10.07
10.07
10.33
11.07
11.8
12.49
13.16
13.81
14.46
15.1
15.77
16.64
17.38
18.15
18.96
19.4
20.24
21.08
21.96
22.83
23.67
25.39
26.9
27.74
28.46
29.38
30.31
31.13
30.5
30.37
29.15
29.96
30.64
31.28
31.8
32.61
32.98
33.27
33.17
33.08
33.35
33.6
33.4
33.53
33.76
33.66
33.65
33.71
35.2
36.17
38.22
38.19
38.25
38.34
38.53
38.79
39.11
39.51
40.12
40.57
40.97
41.34
42.14
42.56
42.96
43.47
43.87
44.24
44.58
44.83
45
45.09
45.12
44.71
43.88
43.71
43.47
43.16
42.92
42.72
42.15
41.5
40.7
39.75
38.7
37.55
36.27
34.9
33.45
31.95
30.41
29.15
27.87
26.91
26.19
24.66
23.04
21.34
19.62
17.89
16.17
14.47
12.91
11.49
10.17
8.97
7.89
6.92
6.06
5.29
4.61
3.72
2.9
2.15
1.53
1.03
0.65
0.37
0.18
0.06
0
0
0
0
0
0
0
0
0
0
0
0
0
0
0
0
0
0
0
0
0
0
0
0
0
0
0
0
0
0
0
0
0
0
0
0
0
0
0
0
0
0
0
0
0
0
0
0
0
0
0
0
0
0
0
0
0
0
0
0
0
0
0
0
0
0
0
0
0
0
0
0
0
0
0
0
0
0
0
0
0
0
0
0
0
0
0
0
0
0
0
0
0
0
0
0
0
0
0
0
0
0
0
0
0
0
0
0
0
0
0
0
0
0
0
0
0
0
0
0
0
0
0
0
0
0
0
0
0
0
0
0
0
0
0
0
0
0
0
0
0
0
0
0
0
0
0
0
0
0
0
0
0
0
0
0
0
0
0
0
0
0
0
0
0
0
0
0
0
0
0
0
0
0
0
0
0
0
0
0
0
0
0
0
0
0
0
0
0
0
0
0
0
0
0
0
0
0
0
0
0
0
0
0
0
0
0
0
0
0
0
0
0
0
0
0
0
0
0
0
0
0
0
0
0
0
0
0
0
0
0
0
0
0
0
0
0
0
0
0
0.05
0.14
0.28
0.46
0.67
0.94
1.24
1.59
1.99
2.09
2.24
2.43
2.67
2.96
3.3
3.69
4.15
4.68
5.28
5.95
6.61
7.25
7.87
8.48
9.08
9.65
10.21
10.75
11.25
12.07
12.88
13.69
14.43
15.27
14.93
15.76
16.66
17.47
17.38
18.31
19.28
20.29
21.29
22.28
23.29
24.33
25.1
26.25
27.49
28.77
30.09
31.42
32.61
33.92
36.37
37.6
38.69
39.79
41.71
42.55
43.31
44.02
44.76
45.52
46.3
47.03
48.02
48.58
49.04
49.42
49.72
49.94
50.3
50.38
50.42
50.43
50.44
50.43
50.41
50.37
50.3
50.19
50.01
49.73
49.36
48.92
48.44
47.93
47.37
46.74
46.05
45.31
44.6
43.91
43.25
42.57
41.87
41.12
40.27
39.31
38.24
37.07
35.82
34.5
33.13
31.71
30.24
29.06
27.87
26.68
25.5
24.31
22.98
21.51
19.93
18.28
16.6
14.91
13.35
11.92
10.62
9.44
8.38
7.42
6.56
5.81
5.15
4.23
3.39
2.62
1.93
1.3
0.81
0.45
0.21
0.07
0
0
0
0
0
0
0
0
0
0
0
0
0
0
0
0
0
0
0
0
0
0
0
0
0
0
0
0
0
0
0
0
0
0
0
0
0
0
0
0
0
0
0
0
0
0
0
0
0
0
0
0
0
0
0
0
0
0
0
0
0
0
0
0
0
0
0
0
0
0
0
0
0
0
0
0
0
0
0
0
0
0
0
0
0
0
0
0
0
0
0
0
0
0
0
0
0
0
0
0
0
0
0
0
0
0
0
0
0
0
0
0
0
0
0
0
0
0
0
0
0
0
0
0
0
0
0
0
0
0
0
0
0
0
0
0
0
0
0
0
0
0
0
0
0
0
0
0
0
0
0
0
0
0
0
0
0
0
0
0
0
0
0
0
0
0
0
0
0
0
0
0
0
0
0
0
0
0
0
0
0
0
0
0
0
0
0
0
0
0
0
0
0
0
0
0
0
0
0
0
0
0
0
0
0
0
0
0
0
0
0
0
0
0
0
0
0
0
0
0
0
0.06
0.18
0.35
0.57
0.83
1.15
1.51
1.92
2.37
2.37
2.5
2.73
3
3.31
3.31
3.7
3.79
4.3
4.88
5.53
6.15
6.7
7.19
7.64
8.06
7.93
7.93
7.52
7.19
7.23
7.97
8.63
8.37
8.06
9.05
9.67
10.63
11.18
11.68
12.12
12.53
12.99
12.99
13.54
14.11
15.24
16.22
17.62
18.89
20.23
20.77
21.25
22.74
24.29
24.89
25.51
26.16
26.32
25.23
25.95
26.7
27.48
28.74
29.47
30.16
30.81
31.45
32.07
32.75
33.52
34.33
35.2
35.22
35.93
36.61
37.26
37.88
38.98
41.32
41.87
42.4
42.84
43.35
43.86
44.4
44.93
45.43
45.89
46.27
46.56
46.77
46.95
47.85
48
48.12
48.21
48.25
48.22
48.12
47.93
47.66
47.34
46.84
46.23
45.52
44.71
43.8
42.82
41.78
40.66
39.43
38.08
36.6
34.99
33.28
31.47
29.59
27.67
25.72
24.09
22.47
20.86
19.28
17.71
16.17
14.68
13.23
11.83
10.46
9.13
7.94
6.87
5.93
5.13
4.44
3.88
3.41
3.04
2.75
2.2
1.73
1.32
0.97
0.68
0.45
0.27
0.13
0.04
0
0
0
0
0
0
0
0
0
0
0
0
0
0
0
0
0
0
0
0
0
0
0
0
0
0
0
0
0
0
0
0
0
0
0
0
0
0
0
0
0
0
0
0
0
0
0
0
0
0
0
0
0
0
0
0
0
0
0
0
0
0
0
0
0
0
0
0
0
0
0
0
0
0
0
0
0
0
0
0
0
0
0
0
0
0
0
0
0
0
0
0
0
0
0
0
0
0
0
0
0
0
0
0
0
0
0
0
0
0
0
0
0
0
0
0
0
0
0
0
0
0
0
0
0
0
0
0
0
0
0
0
0
0
0
0
0
0
0
0
0
0
0
0
0
0
0
0
0
0
0
0
0
0
0
0
0
0
0
0
0
0
0
0
0
0
0
0
0
0.02
0.07
0.16
0.28
0.43
0.6
0.81
1.03
1.28
1.28
1.28
1.28
1.28
1.4
1.56
1.76
1.98
2.23
2.51
2.81
3.09
3.05
2.96
3.1
3.2
3.28
3.36
3.41
3.43
3.7
3.9
4.11
4.34
4.23
4.28
4.33
4.4
4.52
4.67
4.86
5.06
5.58
6.13
6.46
6.65
7.01
7.38
7.77
8.2
8.65
9.2
9.78
10.36
11.22
11.91
12.55
13.16
13.68
13.41
13.74
14.08
14.42
14.72
15.01
15.46
15.75
16.07
16.42
16.8
16.97
16.21
16.63
17.19
17.77
18.36
18.99
19.66
20.41
21.96
22.92
23.9
24.89
25.96
27.06
28.17
29.3
30.43
31.32
31.89
32.84
34.97
35.72
36.44
37.12
37.75
38.35
38.87
39.31
39.67
40
40.33
40.66
40.97
41.26
41.53
41.77
41.98
42.38
43.05
43.52
43.69
44.01
44.16
44.3
44.43
44.56
44.74
44.96
45.19
45.37
45.48
45.5
45.41
45.22
44.98
44.66
44.26
43.77
43.2
42.55
41.87
41.16
40.39
39.56
38.64
37.6
36.41
35.07
33.59
32
30.33
28.61
26.88
25.13
23.35
21.88
20.42
18.97
17.55
16.15
14.74
13.34
11.96
10.61
9.33
8.11
7.02
6.06
5.24
4.54
3.95
3.47
3.06
2.73
2.48
1.98
1.54
1.17
0.85
0.58
0.37
0.22
0.11
0.03
0
0
0
0
0
0
0
0
0
0
0
0
0
0
0
0
0
0
0
0
0
0
0
0
0
0
0
0
0
0
0
0
0
0
0
0
0
0
0
0
0
0
0
0
0
0
0
0
0
0
0
0
0
0
0
0
0
0
0
0
0
0
0
0
0
0
0
0
0
0
0
0
0
0
0
0
0
0
0
0
0
0
0
0
0
0
0
0
0
0
0
0
0
0
0
0
0
0
0
0
0
0
0
0
0
0
0
0
0
0
0
0
0
0
0
0
0
0
0
0
0
0
0
0
0
0
0
0
0
0
0
0
0
0
0
0
0
0
0
0
0
0
0
0
0
0
0
0
0
0
0
0
0
0
0
0
0
0
0
0
0
0
0
0
0
0
0
0
0
0
0
0
0
0
0
0
0
0
0
0
0
0
0
0
0
0
0
0
0
0
0
0
0
0
0
0
0
0
0
0
0
0
0
0
0
0
0
0
0
0
0
0
0
0
0
0
0
0
0
0
0
0
0
0
0
0
0
0
0
0.04
0.11
0.22
0.37
0.56
0.79
1.06
1.38
1.77
1.81
1.91
2.04
2.23
2.45
2.72
3.05
3.05
3.49
4
4.58
5.16
5.8
6.52
7.29
8.08
8.88
9.69
10.17
10.88
11.75
12.82
13.91
15.01
16.13
17.23
18.33
18.78
19.13
20.16
21.17
22.2
23.11
23.9
23.63
24.29
24.94
25.6
26.57
27.28
28.19
28.86
29.48
30.05
30.62
31.23
31.85
33.51
34.85
35.48
36.06
36.63
37.24
37.88
39.5
40.15
40.74
41.29
41.84
42.4
42.97
43.57
44.21
44.85
45.44
45.96
46.4
46.74
47.07
47.38
47.67
47.93
48.13
48.31
48.46
48.58
48.68
48.74
48.74
48.68
48.58
48.43
48.23
48.01
47.77
47.51
47.27
47.04
46.75
46.39
45.96
45.46
44.9
44.27
43.59
42.85
42.06
41.2
40.24
39.18
37.99
36.67
35.24
33.66
31.95
30.11
28.55
26.91
25.21
23.5
21.78
20.07
18.38
16.73
15.08
13.47
11.87
10.39
9.02
7.79
6.68
5.71
4.86
4.16
3.61
3.2
2.52
1.94
1.46
1.06
0.74
0.48
0.28
0.13
0.04
0
0
0
0
0
0
0
0
0
0
0
0
0
0
0
0
0
0
0
0
0
0
0
0
0
0
0
0
0
0
0
0
0
0
0
0
0
0
0
0
0
0
0
0
0
0
0
0
0
0
0
0
0
0
0
0
0
0
0
0
0
0
0
0
0
0
0
0
0
0
0
0
0
0
0
0
0
0
0
0
0
0
0
0
0
0
0
0
0
0
0
0
0
0
0
0
0
0
0
0
0
0
0
0
0
0
0
0
0
0
0
0
0
0
0
0
0
0
0
0
0
0
0
0
0
0
0
0
0
0
0
0
0
0
0
0
0
0
0
0
0
0
0
0
0
0
0
0
0
0
0
0
0
0
0
0
0
0
0
0
0
0
0
0
0
0
0
0
0
0
0
0
0
0
0
0
0
0
0
0
0
0
0
0
0
0
0
0
0
0
0
0
0
0
0
0
0
0
0
0
0
0
0
0
0
0
0
0
0
0
0
0
0
0
0
0
0
0
0
0
0
0
0
0
0
0
0
0.04
0.11
0.23
0.39
0.6
0.85
1.13
1.46
1.83
1.86
1.92
2.02
2.16
2.33
2.53
2.76
3.04
3.37
3.74
4.16
4.56
4.93
5.27
5.53
5.32
5.59
5.84
6.07
6.29
6.89
7.48
8.08
8.67
9.25
9.84
10.41
10.98
11.56
12.14
12.73
13.37
14.06
14.81
15.66
16.98
17.87
18.83
19.75
20.7
21.69
22.71
23.76
24.86
26.02
27.22
28.46
29.68
30.97
32.27
33.54
34.76
35.95
37.08
38.16
39.2
40.13
40.88
41.69
42.4
42.98
43.48
43.89
44.23
44.42
44.59
44.42
42.36
40.72
40.5
40.31
40.12
39.89
39.64
39.39
39.16
38.98
38.95
38.93
38.99
39.15
39.33
39.51
39.67
39.88
39.71
40.11
42.36
44.04
44.2
44.26
44.28
44.25
44.14
42.71
42.18
41.77
41.21
40.52
39.7
38.74
37.7
36.58
35.36
34.03
32.9
31.38
29.77
28.07
26.31
24.47
22.59
21.07
19.55
19.29
18.02
16.56
15.13
13.73
12.38
11.07
9.8
8.57
7.47
6.48
5.62
4.86
4.22
3.69
3.26
2.93
2.7
2.16
1.7
1.29
0.95
0.67
0.44
0.27
0.13
0.04
0
0
0
0
0
0
0
0
0
0
0
0
0
0
0
0
0
0
0
0
0
0
0
0
0
0
0
0
0
0
0
0
0
0
0
0
0
0
0
0
0
0
0
0
0
0
0
0
0
0
0
0
0
0
0
0
0
0
0
0
0
0
0
0
0
0
0
0
0
0
0
0
0
0
0
0
0
0
0
0
0
0
0
0
0
0
0
0
0
0
0
0
0
0
0
0
0
0
0
0
0
0
0
0
0
0
0
0
0
0
0
0
0
0
0
0
0
0
0
0
0
0
0
0
0
0
0
0
0
0
0
0
0
0
0
0
0
0
0
0
0
0
0
0
0
0
0
0
0
0
0
0
0
0
0
0
0
0
0
0
0
0
0
0
0
0
0
0
0
0
0
0
0
0
0
0
0
0
0
0
0
0
0
0
0
0
0
0
0
0
0
0
0
0
0
0
0
0
0
0
0
0
0
0
0
0
0
0
0
0
0
0
0
0
0
0
0
0
0
0
0
0
0
0
0
0
0
0.03
0.1
0.2
0.34
0.52
0.73
0.96
1.23
1.53
1.56
1.62
1.72
1.86
2.04
2.27
2.54
2.87
3.25
3.69
4.17
4.66
5.13
5.6
6.05
6.51
6.96
7.44
7.92
8.43
9.26
10.1
10.96
11.84
12.73
13.6
14.45
15.28
16.13
16.97
17.83
18.7
19.58
20.45
21.16
21.04
21.76
22.65
23.51
24.3
23.45
24.22
25.03
25.84
26.66
27.51
28.41
29.3
30.15
30.94
31.68
32.4
33.09
33.76
34.58
36.21
36.98
37.55
38.11
38.7
40.9
39.23
39.58
39.96
40.27
40.53
40.69
40.78
40.83
40.9
40.96
41
41.07
41.16
41.26
40.16
40.21
40.24
40.25
40.24
40.19
42.31
42.27
42.1
41.86
41.56
41.22
40.89
40.54
40.16
39.7
39.18
38.57
37.85
36.92
35.87
35.02
34.24
33.43
32.58
31.7
30.78
29.86
28.9
27.91
26.76
25.78
24.75
23.67
22.54
21.4
20.26
19.44
18.62
17.91
18.36
17.38
16.24
15.08
13.91
12.75
11.59
10.43
9.36
8.37
7.62
6.76
5.97
5.27
4.65
4.1
3.62
2.88
2.21
1.64
1.18
0.81
0.53
0.31
0.15
0.05
0
0
0
0
0
0
0
0
0
0
0
0
0
0
0
0
0
0
0
0
0
0
0
0
0
0
0
0
0
0
0
0
0
0
0
0
0
0
0
0
0
0
0
0
0
0
0
0
0
0
0
0
0
0
0
0
0
0
0
0
0
0
0
0
0
0
0
0
0
0
0
0
0
0
0
0
0
0
0
0
0
0
0
0
0
0
0
0
0
0
0
0
0
0
0
0
0
0
0
0
0
0
0
0
0
0
0
0
0
0
0
0
0
0
0
0
0
0
0
0
0
0
0
0
0
0
0
0
0
0
0
0
0
0
0
0
0
0
0
0
0
0
0
0
0
0
0
0
0
0
0
0
0
0
0
0
0
0
0
0
0
0
0
0
0
0
0
0
0
0
0
0
0
0
0
0
0
0
0
0
0
0
0
0
0
0
0
0
0
0
0
0
0
0
0
0
0
0
0
0
0
0
0
0
0
0
0
0
0.03
0.11
0.22
0.38
0.58
0.83
1.13
1.47
1.85
2
2.2
2.43
2.43
2.75
3.11
3.52
3.97
4.46
5
5.59
6.17
6.72
7.25
7.72
8.15
8.53
8.86
9.18
9.49
10.05
10.6
11.13
11.91
12.32
12.75
13.16
12.71
13.06
13.41
13.73
14.04
14.39
14.54
14.63
15.18
15.56
16.2
16.86
17.52
18.2
18.89
19.63
20.45
21.42
20.62
21.6
23.45
24.5
25.55
26.6
27.69
28.77
30.05
31.4
32.31
33.41
34.26
35.08
35.87
36.67
37.42
38.08
38.59
38.99
41.1
41.39
41.69
41.96
42.2
42.4
41.45
41.5
41.6
41.7
41.77
41.8
41.82
41.75
41.68
41.54
41.36
41.17
40.87
40.73
40.54
38.47
37.61
37.29
36.87
36.38
35.9
35.43
34.84
34.2
33.55
32.9
32.25
31.62
29.53
27.49
25.48
24.99
23.96
23.46
22.94
24.3
23.01
21.93
21.3
20.68
21.09
20.38
19.64
18.89
18.07
17.16
16.41
15.64
16.19
16.65
17.01
15.82
15.27
13.97
12.66
11.35
11.35
10.59
9.46
8.4
7.41
6.49
5.64
4.86
4.17
3.59
2.84
2.19
1.64
1.18
0.82
0.52
0.3
0.14
0.04
0
0
0
0
0
0
0
0
0
0
0
0
0
0
0
0
0
0
0
0
0
0
0
0
0
0
0
0
0
0
0
0
0
0
0
0
0
0
0
0
0
0
0
0
0
0
0
0
0
0
0
0
0
0
0
0
0
0
0
0
0
0
0
0
0
0
0
0
0
0
0
0
0
0
0
0
0
0
0
0
0
0
0
0
0
0
0
0
0
0
0
0
0
0
0
0
0
0
0
0
0
0
0
0
0
0
0
0
0
0
0
0
0
0
0
0
0
0
0
0
0
0
0
0
0
0
0
0
0
0
0
0
0
0
0
0
0
0
0
0
0
0
0
0
0
0
0
0
0
0
0
0
0
0
0
0
0
0
0
0
0
0
0
0
0
0
0
0
0
0
0
0
0
0
0
0
0
0
0
0
0
0
0
0
0
0
0
0
0
0
0
0
0
0
0
0
0
0.02
0.05
0.11
0.18
0.27
0.38
0.5
0.65
0.83
0.93
0.96
1.11
1.28
1.48
1.71
1.97
1.97
2.22
2.25
2.68
3.14
3.63
3.89
4.55
4.61
4.5
4.38
5.11
5.88
6.74
7.7
8.18
8.91
9.66
10.58
11.48
12.66
13.33
13.3
13.91
13.68
13.15
13.99
14.59
15.78
17.13
18.49
18.99
19.45
19.95
20.47
21.38
22.04
22.73
21.59
22.1
20.92
21.75
23.62
24.52
26.28
28.3
29.16
29.86
30.58
31.35
32.16
33.01
33.86
34.62
35.37
36.08
36.74
37.33
39.58
40.16
42.41
42.77
42.34
42.68
42.67
42.94
43.2
43.44
43.63
43.76
43.81
43.8
43.77
43.79
43.83
43.9
44.01
44.13
44.24
44.34
44.44
44.7
45.61
45.66
45.97
45.99
46
45.98
45.93
45.84
45.75
45.61
45.45
44.77
44.53
44.24
43.87
43.45
42.96
42.39
41.75
40.99
40.11
39.13
38.08
36.93
35.68
34.37
33.01
31.62
30.3
28.94
27.5
26.41
24.74
23
21.23
19.44
17.66
15.9
14.19
12.59
11.12
9.75
8.5
7.35
6.32
5.38
4.53
3.77
2.96
2.24
1.62
1.12
0.75
0.46
0.26
0.12
0.04
0
0
0
0
0
0
0
0
0
0
0
0
0
0
0
0
0
0
0
0
0
0
0
0
0
0
0
0
0
0
0
0
0
0
0
0
0
0
0
0
0
0
0
0
0
0
0
0
0
0
0
0
0
0
0
0
0
0
0
0
0
0
0
0
0
0
0
0
0
0
0
0
0
0
0
0
0
0
0
0
0
0
0
0
0
0
0
0
0
0
0
0
0
0
0
0
0
0
0
0
0
0
0
0
0
0
0
0
0
0
0
0
0
0
0
0
0
0
0
0
0
0
0
0
0
0
0
0
0
0
0
0
0
0
0
0
0
0
0
0
0
0
0
0
0
0
0
0
0
0
0
0
0
0
0
0
0
0
0
0
0
0
0
0
0
0
0
0
0
0
0
0
0
0
0
0
0
0
0
0
0
0
0
0.04
0.11
0.21
0.35
0.54
0.78
1.07
1.41
1.8
1.95
2.15
2.17
2.17
2.17
2.17
2.17
2.17
2.77
2.77
2.97
3.65
6.05
6.67
7.25
7.77
8.24
8.56
8.87
9.17
9.24
9.72
9.95
9.95
10.17
10.77
11.39
11.86
11.84
11.84
11.86
11.85
10.11
9.38
9.18
9.24
9.33
9.52
9.71
9.88
10.54
10.76
11.42
12.06
12.78
13.15
13.51
14.01
13.43
14.33
15.14
15.49
15.86
17
17.67
18.11
18.56
18.89
19.25
19.81
20.41
21.07
21.79
22.85
23.67
24.49
25.34
26.25
28.18
29.25
30.21
31.16
32.12
33.04
33.96
34.85
35.64
36.66
37.61
38.33
38.96
39.49
39.93
40.28
40.53
40.79
40.99
41.14
40.96
41.03
41.1
40.95
40.34
38.79
38.74
38.69
38.7
38.59
38.51
38.45
38.44
38.47
38.49
38.52
38.61
38.68
38.76
38.86
39.28
39.44
39.59
39.93
40.7
42.38
42.49
42.56
42.6
42.59
42.51
42.34
42.07
41.73
41.34
40.88
40.27
39.54
38.68
37.67
36.5
35.17
33.69
32.08
30.36
28.83
27.24
25.59
23.9
22.18
20.46
18.74
17.05
15.37
13.72
12.09
10.6
9.22
7.96
6.84
5.84
4.98
4.25
3.65
3.17
2.5
1.93
1.46
1.06
0.73
0.47
0.28
0.14
0.04
0
0
0
0
0
0
0
0
0
0
0
0
0
0
0
0
0
0
0
0
0
0
0
0
0
0
0
0
0
0
0
0
0
0
0
0
0
0
0
0
0
0
0
0
0
0
0
0
0
0
0
0
0
0
0
0
0
0
0
0
0
0
0
0
0
0
0
0
0
0
0
0
0
0
0
0
0
0
0
0
0
0
0
0
0
0
0
0
0
0
0
0
0
0
0
0
0
0
0
0
0
0
0
0
0
0
0
0
0
0
0
0
0
0
0
0
0
0
0
0
0
0
0
0
0
0
0
0
0
0
0
0
0
0
0
0
0
0
0
0
0
0
0
0
0
0
0
0
0
0
0
0
0
0
0
0
0
0
0
0
0
0
0
0
0
0
0
0
0
0
0
0
0
0
0
0
0
0
0
0
0
0
0
0
0
0
0
0
0
0
0
0
0
0
0
0
0
0.02
0.06
0.11
0.19
0.31
0.44
0.63
0.85
1.1
1.16
1.25
1.35
1.48
1.65
1.84
1.84
2.09
2.38
2.52
2.8
3.08
3.1
3.42
3.66
3.93
4.18
4
4.14
4.26
4.53
4.85
5.18
5.28
5.42
5.71
5.83
5.98
6.22
6.6
6.86
6.57
7.1
7.28
7.62
7.62
7.86
7.86
8.24
8.71
9.26
9.77
10.32
11.1
11.82
12.42
13.44
14.26
15.05
15.88
16.75
18.21
19.14
20.17
21.16
22.48
23.64
25.46
26.59
27.66
28.73
29.79
30.84
31.91
33.01
34.13
35.18
36.13
36.99
37.77
38.5
39.19
39.82
40.4
40.91
41.36
41.75
41.74
41.7
42.04
42.36
42.65
42.87
43
43.03
42.99
42.95
42.94
42.95
43.03
43.14
43.21
43.25
43.28
43.28
43.27
43.24
43.56
43.87
43.76
43.63
43.48
43.37
43.32
43.3
43.28
43.25
43.16
43.04
42.84
42.56
42.26
41.84
41.5
41.11
40.66
40.13
39.51
38.77
37.91
36.92
35.8
34.54
33.16
31.69
30.14
28.5
26.81
25.29
23.74
22.17
20.58
19.07
17.45
15.84
14.26
12.72
11.25
9.84
8.56
7.42
6.41
5.53
4.75
4.07
3.49
3.01
2.62
2.08
1.62
1.22
0.89
0.61
0.4
0.23
0.11
0.04
0
0
0
0
0
0
0
0
0
0
0
0
0
0
0
0
0
0
0
0
0
0
0
0
0
0
0
0
0
0
0
0
0
0
0
0
0
0
0
0
0
0
0
0
0
0
0
0
0
0
0
0
0
0
0
0
0
0
0
0
0
0
0
0
0
0
0
0
0
0
0
0
0
0
0
0
0
0
0
0
0
0
0
0
0
0
0
0
0
0
0
0
0
0
0
0
0
0
0
0
0
0
0
0
0
0
0
0
0
0
0
0
0
0
0
0
0
0
0
0
0
0
0
0
0
0
0
0
0
0
0
0
0
0
0
0
0
0
0
0
0
0
0
0
0
0
0
0
0
0
0
0
0
0
0
0
0
0
0
0
0
0
0
0
0
0
0
0
0
0
0
0
0
0
0
0
0
0
0
0
0
0
0
0
0
0
0
0
0
0
0
0
0
0
0
0
0
0
0
0
0
0
0
0
0
0
0
0
0
0
0
0
0
0
0
0
0
0
0
0
0
0
0
0
0
0.04
0.12
0.25
0.42
0.63
0.87
1.16
1.49
1.87
1.87
1.87
1.87
1.88
1.94
2.04
2.19
2.39
2.65
2.96
3.33
3.7
4.06
4.12
3.95
3.74
4.05
4.37
4.66
4.29
4.92
5.55
6.2
6.86
7.49
8.11
8.69
9.25
9.59
10.04
10.22
10.55
10.86
11.4
12.04
12.79
13
13.2
13.39
13.89
14.14
14.26
14.43
14.8
15.21
15.66
16.09
16.61
16.18
15.42
16.34
17.12
17.94
18.8
19.82
20.77
21.76
22.76
23.77
24.46
25.5
26.72
26.53
27.49
28.4
29.24
30.05
30.74
32.18
34.14
34.66
35.14
35.64
36.12
36.57
36.94
37.24
37.53
37.81
38.74
38.96
39.13
40.67
40.84
41.02
41.22
41.45
41.7
42.33
42.6
42.84
43.05
43.22
43.33
43.4
43.18
43.07
43.08
43.05
42.98
42.85
42.66
42.41
42.06
41.62
41.08
40.45
39.73
38.94
38.06
37.11
36.08
34.94
33.53
32.22
31.1
29.76
28.15
26.43
24.62
22.75
21.37
19.97
18.57
17.19
15.83
14.48
13.17
11.88
10.61
9.38
8.18
7.11
6.32
5.47
4.73
4.11
3.62
3.26
3.02
2.89
2.31
1.81
1.38
1.01
0.71
0.46
0.27
0.13
0.04
0
0
0
0
0
0
0
0
0
0
0
0
0
0
0
0
0
0
0
0
0
0
0
0
0
0
0
0
0
0
0
0
0
0
0
0
0
0
0
0
0
0
0
0
0
0
0
0
0
0
0
0
0
0
0
0
0
0
0
0
0
0
0
0
0
0
0
0
0
0
0
0
0
0
0
0
0
0
0
0
0
0
0
0
0
0
0
0
0
0
0
0
0
0
0
0
0
0
0
0
0
0
0
0
0
0
0
0
0
0
0
0
0
0
0
0
0
0
0
0
0
0
0
0
0
0
0
0
0
0
0
0
0
0
0
0
0
0
0
0
0
0
0
0
0
0
0
0
0
0
0
0
0
0
0
0
0
0
0
0
0
0
0
0
0
0
0
0
0
0
0
0
0
0
0
0
0
0
0
0
0
0
0
0
0
0
0
0
0
0
0
0
0
0
0
0
0
0
0
0
0
0
0
0.04
0.12
0.24
0.43
0.67
0.99
1.37
1.81
2.31
2.52
2.77
3.05
3.05
3.05
3.44
3.87
4.33
4.84
5.39
5.99
6.54
7.07
7.58
7.99
8.36
8.63
8.82
8.93
8.99
9.36
9.73
9.45
10.16
10.92
11.35
10.92
10.46
10.93
11.4
11.86
12.37
11.76
11.44
12.07
12.74
13.49
14.29
15.09
15.95
16.79
17.26
18.73
19.48
20.2
20.38
21.92
23.37
23.98
24.6
25.22
25.65
27.38
28.9
29.57
30.21
30.82
31.46
32.21
32.96
33.73
34.86
35.67
36.55
37.45
38.83
39.67
40.56
41.32
42.03
42.7
43.51
44.1
44.56
44.97
45.34
45.68
45.95
46.12
46.23
46.28
46.3
46.26
46.15
45.99
45.81
45.65
45.54
45.41
45.27
45.12
44.94
44.74
44.56
44.38
44.17
43.94
43.68
43.39
43.06
42.68
42.23
41.71
41.11
40.4
39.58
38.64
37.56
36.37
35.08
33.71
32.28
30.78
29.5
28.13
26.66
25.1
23.46
21.77
20.05
18.34
16.64
14.97
13.33
11.83
10.45
9.17
8.02
6.99
6.06
5.24
4.52
3.89
3.04
2.31
1.7
1.2
0.81
0.51
0.29
0.14
0.04
0
0
0
0
0
0
0
0
0
0
0
0
0
0
0
0
0
0
0
0
0
0
0
0
0
0
0
0
0
0
0
0
0
0
0
0
0
0
0
0
0
0
0
0
0
0
0
0
0
0
0
0
0
0
0
0
0
0
0
0
0
0
0
0
0
0
0
0
0
0
0
0
0
0
0
0
0
0
0
0
0
0
0
0
0
0
0
0
0
0
0
0
0
0
0
0
0
0
0
0
0
0
0
0
0
0
0
0
0
0
0
0
0
0
0
0
0
0
0
0
0
0
0
0
0
0
0
0
0
0
0
0
0
0
0
0
0
0
0
0
0
0
0
0
0
0
0
0
0
0
0
0
0
0
0
0
0
0
0
0
0
0
0
0
0
0
0
0
0
0
0
0
0
0
0
0
0
0
0
0
0
0
0
0
0
0
0
0
0
0
0
0
0
0
0
0
0
0
0
0
0
0
0
0
0
0
0
0
0
0
0
0
0
0
0
0
0
0
0
0
0
0
0
0
0
0
0
0
0
0.03
0.09
0.19
0.31
0.47
0.67
0.9
1.17
1.48
1.49
1.53
1.63
1.74
1.97
2.25
2.59
2.97
3.4
3.89
3.89
4.34
4.85
5.35
5.83
6.3
6.74
7.16
7.55
7.91
8.58
9.23
9.82
10.4
10.87
11.32
11.75
12.16
12.22
12.55
13.42
13.86
14.29
14.77
15.28
15.83
16.42
17.06
17.45
18.22
19.05
19.91
20.83
21.77
21.07
21.88
22.77
23.62
24.33
25.19
26.01
26.79
26.22
25.42
25.85
25.95
24.72
23.43
24.16
24.54
24.39
24.66
24.89
25.16
27.1
27.52
27.87
28.32
29.23
29.7
30.18
30.67
32.49
34.47
35.18
36.18
38.45
40.67
41.08
41.47
42.32
42.69
43.06
43.36
43.59
43.79
43.92
43.91
43.85
43.73
43.53
43.26
42.91
42.49
42
41.45
40.83
40.24
39.59
38.89
38.14
37.33
36.42
35.45
34.42
33.29
32.1
30.87
29.56
28.18
26.76
25.3
23.79
22.26
21.05
19.82
18.59
17.32
16.04
14.77
13.49
12.23
11.01
9.82
8.68
7.64
6.71
5.85
5.1
4.46
3.9
3.43
3.05
2.76
2.19
1.7
1.28
0.93
0.64
0.41
0.23
0.11
0.03
0
0
0
0
0
0
0
0
0
0
0
0
0
0
0
0
0
0
0
0
0
0
0
0
0
0
0
0
0
0
0
0
0
0
0
0
0
0
0
0
0
0
0
0
0
0
0
0
0
0
0
0
0
0
0
0
0
0
0
0
0
0
0
0
0
0
0
0
0
0
0
0
0
0
0
0
0
0
0
0
0
0
0
0
0
0
0
0
0
0
0
0
0
0
0
0
0
0
0
0
0
0
0
0
0
0
0
0
0
0
0
0
0
0
0
0
0
0
0
0
0
0
0
0
0
0
0
0
0
0
0
0
0
0
0
0
0
0
0
0
0
0
0
0
0
0
0
0
0
0
0
0
0
0
0
0
0
0
0
0
0
0
0
0
0
0
0
0
0
0
0
0
0
0
0
0
0
0
0
0
0
0
0
0
0
0
0
0
0
0
0
0
0
0
0
0
0
0
0
0
0
0
0
0
0
0
0
0
0
0
0
0
0
0
0
0
0
0
0
0
0
0
0
0
0
0
0.04
0.13
0.27
0.46
0.71
1
1.35
1.76
2.22
2.22
2.24
2.29
2.37
2.51
2.7
2.95
3.27
3.64
3.93
4.44
4.95
5.42
5.86
6.27
6.67
7.04
7.38
7.69
7.95
8.22
8.2
8.96
9.72
10.49
11.23
11.95
12.66
13.34
14.16
14.79
15.4
16.03
16.65
17.26
17.87
18.5
19.13
19.74
20.43
21.13
22.6
23.32
23.87
24.57
25.31
26.01
26.64
27.25
27.45
27.98
28.52
29.03
29.61
30.22
30.82
31.34
31.82
31.89
32.29
33.17
33.59
33.97
33.53
33.85
34.09
34.39
34.71
35.05
35.79
36.15
36.5
36.86
37.12
37.33
37.51
37.7
37.95
38.6
38.76
38.93
39.05
39.05
39.93
39.82
39.65
39.26
38.92
38.36
37.89
37.42
36
35.4
34.78
32.75
30.72
29.9
29.06
28.16
27.25
26.23
25.22
24.33
23.51
22.41
21.7
21.17
20.47
19.87
19.04
18.1
18
17
15.97
16.3
16.57
16.15
15.65
15.15
14.66
14.17
13.59
12.92
12.17
11.63
10.67
9.63
8.69
7.85
7.11
6.48
5.94
5.48
5.08
4.75
4.48
3.72
3.02
2.38
1.81
1.28
0.86
0.51
0.25
0.08
0
0
0
0
0
0
0
0
0
0
0
0
0
0
0
0
0
0
0
0
0
0
0
0
0
0
0
0
0
0
0
0
0
0
0
0
0
0
0
0
0
0
0
0
0
0
0
0
0
0
0
0
0
0
0
0
0
0
0
0
0
0
0
0
0
0
0
0
0
0
0
0
0
0
0
0
0
0
0
0
0
0
0
0
0
0
0
0
0
0
0
0
0
0
0
0
0
0
0
0
0
0
0
0
0
0
0
0
0
0
0
0
0
0
0
0
0
0
0
0
0
0
0
0
0
0
0
0
0
0
0
0
0
0
0
0
0
0
0
0
0
0
0
0
0
0
0
0
0
0
0
0
0
0
0
0
0
0
0
0
0
0
0
0
0
0
0
0
0
0
0
0
0
0
0
0
0
0
0
0
0
0
0
0
0
0
0
0
0
0
0
0
0
0
0
0
0
0
0
0
0
0.03
0.09
0.19
0.33
0.52
0.73
0.98
1.26
1.58
1.65
1.76
1.76
1.76
2
2.14
2.49
2.89
3.34
3.85
4.43
5.03
5.61
6.19
6.05
6.56
7.09
7.62
8.13
8.64
9.43
10.21
11.14
12.12
12.88
13.77
13.42
14.1
13.65
13.14
13.69
14.29
14.92
15.51
16.81
17.47
18.16
18.87
19.63
20.44
21.29
22.14
22.82
23.71
24.65
25.62
27.68
28.72
30.91
33.13
34.26
35.31
36.34
37.44
38.56
39.66
40.69
41.68
42.6
43.47
43.69
44.41
45.25
45.82
46.3
46.7
47.02
47.24
47.38
47.51
47.44
47.35
47.42
47.4
47.11
46.97
46.76
46.56
46.31
46
46.23
45.94
45.67
45.41
45.14
44.86
44.55
44.22
43.87
43.44
43.1
42.68
42.01
41.26
40.74
40.02
39.38
38.69
37.99
37.27
36.5
35.57
34.52
33.36
32.13
30.85
29.53
28.17
26.78
25.68
24.59
23.51
22.44
21.4
20.25
18.99
17.61
16.16
14.69
13.2
11.83
10.57
9.44
8.42
7.51
6.67
5.93
5.26
4.67
3.86
3.11
2.42
1.79
1.22
0.76
0.42
0.19
0.06
0
0
0
0
0
0
0
0
0
0
0
0
0
0
0
0
0
0
0
0
0
0
0
0
0
0
0
0
0
0
0
0
0
0
0
0
0
0
0
0
0
0
0
0
0
0
0
0
0
0
0
0
0
0
0
0
0
0
0
0
0
0
0
0
0
0
0
0
0
0
0
0
0
0
0
0
0
0
0
0
0
0
0
0
0
0
0
0
0
0
0
0
0
0
0
0
0
0
0
0
0
0
0
0
0
0
0
0
0
0
0
0
0
0
0
0
0
0
0
0
0
0
0
0
0
0
0
0
0
0
0
0
0
0
0
0
0
0
0
0
0
0
0
0
0
0
0
0
0
0
0
0
0
0
0
0
0
0
0
0
0
0
0
0
0
0
0
0
0
0
0
0
0
0
0
0
0
0
0
0
0
0
0
0
0
0
0
0
0
0
0
0
0
0.04
0.1
0.2
0.32
0.48
0.67
0.89
1.14
1.45
1.52
1.64
1.79
1.99
1.99
1.99
2.26
2.26
2.3
2.59
3.08
3.52
3.95
4.37
4.76
5.12
5.45
5.75
6.01
6.22
6.68
7.09
7.47
7.8
8.34
8.89
9.19
9.78
10.35
10.72
10.94
11.2
11.48
11.77
12.09
12.43
12.48
12.89
13.33
13.78
14.26
14.78
15.26
15.36
15.17
14.92
15.08
15.77
15.16
15.61
16.35
17.09
17.86
18.66
19.51
20.45
21.78
22.8
23.87
25.04
26.23
27.4
28.68
30.38
32.41
34.55
36.28
37.48
39.97
41.35
42.4
43.42
44.4
45.32
46.15
46.87
47.47
48.01
48.46
48.8
49.06
49.3
49.48
49.64
49.74
49.77
49.77
49.78
49.77
49.7
49.59
49.45
49.28
49.08
48.86
48.61
48.33
47.97
47.55
47.08
46.59
46.06
45.5
44.89
44.24
43.55
42.69
41.51
39.19
38.29
37.35
36.37
35.34
34.2
32.97
31.68
30.35
29.01
27.71
26.36
24.97
23.5
22.2
20.83
19.43
17.99
16.68
15.61
15.63
14.25
12.89
11.55
10.24
9.05
7.97
7
6.13
5.32
4.58
3.92
3.35
2.88
2.27
1.76
1.33
0.98
0.69
0.45
0.27
0.14
0.04
0
0
0
0
0
0
0
0
0
0
0
0
0
0
0
0
0
0
0
0
0
0
0
0
0
0
0
0
0
0
0
0
0
0
0
0
0
0
0
0
0
0
0
0
0
0
0
0
0
0
0
0
0
0
0
0
0
0
0
0
0
0
0
0
0
0
0
0
0
0
0
0
0
0
0
0
0
0
0
0
0
0
0
0
0
0
0
0
0
0
0
0
0
0
0
0
0
0
0
0
0
0
0
0
0
0
0
0
0
0
0
0
0
0
0
0
0
0
0
0
0
0
0
0
0
0
0
0
0
0
0
0
0
0
0
0
0
0
0
0
0
0
0
0
0
0
0
0
0
0
0
0
0
0
0
0
0
0
0
0
0
0
0
0
0
0
0
0
0
0
0
0
0
0
0
0
0
0
0
0
0
0.03
0.08
0.17
0.28
0.42
0.59
0.79
1.01
1.27
1.28
1.31
1.33
1.33
1.45
1.6
1.77
1.98
2.23
2.5
2.81
3.09
3.23
3.46
3.68
3.87
4.03
4.14
4.2
4.31
4.69
5.06
5.44
5.91
6.3
6.59
6.49
6.28
6.59
6.9
7.19
7.36
7.21
7.18
7.5
7.83
8.19
8.59
9.02
9.34
9.75
10.15
10.54
10.06
9.84
9.4
10.02
10.9
11.27
11.66
11.91
12.46
13.45
14.25
14.75
15.29
15.91
16.54
17.23
18
18.72
17.92
18.8
20.6
22.18
24.11
25.41
26.53
27.63
28.7
29.93
31.04
31.78
31.24
32.41
33.54
34.51
35.33
36.1
36.91
37.59
39.74
40.09
40.37
40.29
40.44
40.64
40.86
41.06
41.29
41.46
41.58
42.05
43.72
43.56
43.42
43.34
43.35
43.36
43.29
43.28
43.32
43.46
43.51
43.81
43.7
43.5
43.2
42.81
42.36
41.88
41.34
40.76
40.13
39.52
38.8
38.09
37.4
36.7
35.98
35.22
34.45
33.6
32.69
31.71
30.74
29.67
28.59
27.53
26.41
25.27
24.37
23.46
22.55
21.64
20.73
19.7
18.55
17.28
15.95
14.57
13.16
11.85
10.63
9.52
8.51
7.6
6.76
5.98
5.28
4.65
3.83
3.08
2.4
1.77
1.2
0.76
0.42
0.2
0.06
0
0
0
0
0
0
0
0
0
0
0
0
0
0
0
0
0
0
0
0
0
0
0
0
0
0
0
0
0
0
0
0
0
0
0
0
0
0
0
0
0
0
0
0
0
0
0
0
0
0
0
0
0
0
0
0
0
0
0
0
0
0
0
0
0
0
0
0
0
0
0
0
0
0
0
0
0
0
0
0
0
0
0
0
0
0
0
0
0
0
0
0
0
0
0
0
0
0
0
0
0
0
0
0
0
0
0
0
0
0
0
0
0
0
0
0
0
0
0
0
0
0
0
0
0
0
0
0
0
0
0
0
0
0
0
0
0
0
0
0
0
0
0
0
0
0
0
0
0
0
0
0
0
0
0
0
0
0
0
0
0
0
0
0
0
0
0
0
0
0
0
0
0
0
0
0
0
0
0
0
0
0
0
0
0
0
0
0
0
0
0
0
0
0
0
0
0
0
0
0
0
0
0
0
0
0
0
0
0
0
0
0
0
0
0
0
0
0
0
0
0
0
0
0
0
0
0.03
0.1
0.21
0.35
0.53
0.74
1
1.29
1.62
1.73
1.87
2.05
2.28
2.57
2.92
3.33
3.8
4.16
4.74
5.38
5.34
5.96
6.55
7.15
7.73
8.31
8.86
9.39
9.91
10.68
11.44
12.18
12.91
13.58
14.2
14.75
15.24
15.78
16.2
16.6
17.63
17.87
18.03
18.37
18.06
18.49
18.95
19.46
19.86
20.33
20.82
21.32
21.87
22.46
23.14
23.92
24.69
24.11
24.19
24.66
25.2
26.15
27.16
27.96
29.38
29.35
28.91
29.46
30.29
31.07
31.84
32.6
33.28
33.86
34.33
34.69
35.11
36.8
37.46
38.1
38.72
39.03
38.44
38.82
39.2
40.27
41.66
41.99
42.03
41.93
41.75
41.5
41.24
40.97
40.7
40.44
40.12
38.1
36.37
34.22
33.83
31.64
31.6
31.06
30.46
29.79
29.11
28.36
27.73
27.17
26.64
26.09
25.52
24.98
24.4
23.77
23.04
24.03
24.9
25.67
24.54
25.12
24.36
23.06
21.74
20.65
19.54
18.45
17.28
16.06
14.82
13.58
12.35
11.09
9.86
8.66
7.56
6.58
5.7
4.93
4.26
3.69
3.19
2.79
2.46
1.96
1.53
1.16
0.85
0.59
0.38
0.22
0.11
0.03
0
0
0
0
0
0
0
0
0
0
0
0
0
0
0
0
0
0
0
0
0
0
0
0
0
0
0
0
0
0
0
0
0
0
0
0
0
0
0
0
0
0
0
0
0
0
0
0
0
0
0
0
0
0
0
0
0
0
0
0
0
0
0
0
0
0
0
0
0
0
0
0
0
0
0
0
0
0
0
0
0
0
0
0
0
0
0
0
0
0
0
0
0
0
0
0
0
0
0
0
0
0
0
0
0
0
0
0
0
0
0
0
0
0
0
0
0
0
0
0
0
0
0
0
0
0
0
0
0
0
0
0
0
0
0
0
0
0
0
0
0
0
0
0
0
0
0
0
0
0
0
0
0
0
0
0
0
0
0
0
0
0
0
0
0
0
0
0
0
0
0
0
0
0
0
0
0
0
0
0
0
0
0
0
0
0
0
0
0
0
0
0
0
0
0
0
0
0
0
0
0
0
0
0
0
0.02
0.06
0.18
0.35
0.56
0.81
1.07
1.35
1.68
1.84
1.84
2.12
2.19
2.58
2.9
3.34
3.7
3.7
3.7
4.18
4.71
5.21
5.6
5.91
6.19
6.23
6.33
6.59
6.81
7.28
7.88
7.6
8.26
8.03
8.17
8.49
8.92
9.74
10.62
10.43
10.82
11.25
11.59
11.98
12.55
13.35
14.1
14.67
15.24
15.65
16.04
16.99
17.2
17.98
17.52
17.51
17.68
17.73
16.86
17.24
17.31
17.38
17.54
17.76
17.66
17.81
17.93
18.21
18.55
19.09
19.72
20.47
21.32
22.21
23.24
24.43
25.45
26.59
28.66
30.08
31.19
32.27
33.37
34.33
35.44
36.26
37.12
37.8
38.38
38.82
39.17
39.44
39.34
39.46
40.4
40.43
40.48
40.52
40.51
40.5
40.47
40.46
40.51
40.62
40.75
40.84
40.89
40.95
41.03
41.15
41.26
41.34
41.68
41.77
41.84
41.86
41.81
41.69
41.51
41.25
40.92
40.49
39.95
39.17
37.25
36.45
35.58
34.59
33.51
32.33
31.09
29.82
28.51
27.05
25.5
24.1
22.64
21.11
19.54
17.96
16.38
14.83
13.33
11.99
11.76
10.4
9.14
7.99
6.96
6.01
5.15
4.37
3.66
3.07
2.59
1.99
1.48
1.08
0.76
0.52
0.33
0.19
0.09
0.03
0
0
0
0
0
0
0
0
0
0
0
0
0
0
0
0
0
0
0
0
0
0
0
0
0
0
0
0
0
0
0
0
0
0
0
0
0
0
0
0
0
0
0
0
0
0
0
0
0
0
0
0
0
0
0
0
0
0
0
0
0
0
0
0
0
0
0
0
0
0
0
0
0
0
0
0
0
0
0
0
0
0
0
0
0
0
0
0
0
0
0
0
0
0
0
0
0
0
0
0
0
0
0
0
0
0
0
0
0
0
0
0
0
0
0
0
0
0
0
0
0
0
0
0
0
0
0
0
0
0
0
0
0
0
0
0
0
0
0
0
0
0
0
0
0
0
0
0
0
0
0
0
0
0
0
0
0
0
0
0
0
0
0
0
0
0
0
0
0
0
0
0
0
0
0
0
0
0
0
0
0
0
0
0
0
0
0
0
0
0
0
0
0
0
0
0
0
0
0
0
0.03
0.1
0.19
0.33
0.5
0.71
0.96
1.24
1.54
1.62
1.75
1.92
1.92
2.18
2.5
2.88
3.31
3.78
3.78
3.78
3.91
3.84
3.85
4.2
4.63
5.04
5.43
5.76
6.15
6.81
7.43
8.03
8.8
9.35
9.85
10.31
10.64
10.16
11.01
11.94
12.75
13.74
14.63
15.15
15.59
15.96
16.38
16.86
17.27
17.66
16.9
17.04
17.25
17.72
18.21
18.14
18.6
20.06
20.71
21.33
22.01
22.7
23.46
24.02
24.75
25.58
26.39
27.24
28.1
28.95
30.94
32.04
33.07
33.26
32.45
33.76
34.62
35.17
35.66
36.05
36.35
36.58
36.76
37.16
37.4
37.62
37.78
37.89
37.84
37.92
37.99
38.04
38.12
38.75
40.33
40.3
40.29
40.39
40.55
40.78
41.03
41.3
41.55
41.74
41.87
41.93
41.95
41.93
41.99
41.86
41.65
41.36
40.96
40.47
39.94
39.38
38.77
38.09
37.36
36.6
35.81
34.9
33.89
32.79
31.6
30.35
29.06
27.04
25.57
24.19
23.09
22.01
20.97
19.96
18.95
17.94
16.94
15.83
14.62
13.31
11.91
10.64
9.47
8.41
7.46
6.61
5.84
5.84
5.34
4.8
4.05
3.35
2.7
2.11
1.57
1.08
0.64
0.31
0.1
0
0
0
0
0
0
0
0
0
0
0
0
0
0
0
0
0
0
0
0
0
0
0
0
0
0
0
0
0
0
0
0
0
0
0
0
0
0
0
0
0
0
0
0
0
0
0
0
0
0
0
0
0
0
0
0
0
0
0
0
0
0
0
0
0
0
0
0
0
0
0
0
0
0
0
0
0
0
0
0
0
0
0
0
0
0
0
0
0
0
0
0
0
0
0
0
0
0
0
0
0
0
0
0
0
0
0
0
0
0
0
0
0
0
0
0
0
0
0
0
0
0
0
0
0
0
0
0
0
0
0
0
0
0
0
0
0
0
0
0
0
0
0
0
0
0
0
0
0
0
0
0
0
0
0
0
0
0
0
0
0
0
0
0
0
0
0
0
0
0
0
0
0
0
0
0
0
0
0
0
0
0
0
0
0
0
0
0
0
0
0
0
0
0
0
0.03
0.09
0.19
0.32
0.48
0.68
0.91
1.18
1.48
1.59
1.74
1.91
2.11
2.33
2.37
2.64
2.86
3.31
3.8
4.33
4.85
5.36
5.86
6.24
6.07
6.54
7.05
7.54
8.01
8.52
8.38
8.2
8.6
9.29
10.17
10.76
11.18
11.68
12.15
12.61
13.06
13.5
13.91
14.4
15.39
15.72
15.98
16.22
16.46
16.85
17.85
18.83
19.21
19.27
19.32
19.45
19.8
19.86
19.84
19.77
19.14
18.13
18.17
18.24
17.25
17.17
16.79
16.86
15.85
14.84
14.63
15.01
15.4
15.83
16.26
16.36
16.86
17.39
18.03
18.75
20.12
21.92
22.69
23.51
25.42
26.46
25.84
25.44
27.44
29.46
30.75
31.49
32.23
32.97
33.71
34.76
35.4
36.04
36.64
37.17
37.62
37.99
38.37
38.68
38.97
39.23
41.45
42.98
43.2
43.36
43.44
43.51
43.62
43.69
43.73
43.77
43.81
43.82
43.33
43.1
43.04
42.96
42.81
42.61
42.36
42.04
41.66
41.25
40.78
40.37
39.97
39.57
39.1
38.61
38.11
37.59
36.96
36.23
35.8
34.85
33.66
32.57
31.44
30.26
29.05
28.03
26.99
25.91
24.82
23.6
22.25
20.79
19.24
17.64
16.01
14.35
12.79
11.36
10.09
9.09
8.16
7.16
6.25
5.43
4.7
3.82
3.02
2.3
1.64
1.1
0.68
0.38
0.18
0.06
0
0
0
0
0
0
0
0
0
0
0
0
0
0
0
0
0
0
0
0
0
0
0
0
0
0
0
0
0
0
0
0
0
0
0
0
0
0
0
0
0
0
0
0
0
0
0
0
0
0
0
0
0
0
0
0
0
0
0
0
0
0
0
0
0
0
0
0
0
0
0
0
0
0
0
0
0
0
0
0
0
0
0
0
0
0
0
0
0
0
0
0
0
0
0
0
0
0
0
0
0
0
0
0
0
0
0
0
0
0
0
0
0
0
0
0
0
0
0
0
0
0
0
0
0
0
0
0
0
0
0
0
0
0
0
0
0
0
0
0
0
0
0
0
0
0
0
0
0
0
0
0
0
0
0
0
0
0
0
0
0
0
0
0
0
0
0
0
0
0
0
0
0
0
0
0
0
0
0
0
0
0
0
0
0
0
0
0
0
0
0
0
0
0
0
0
0
0
0
0
0
0
0
0
0
0
0
0
0
0
0
0
0
0
0
0
0
0
0
0
0
0
0
0
0
0
0
0
0
0
0
0
0.04
0.14
0.31
0.56
0.88
1.25
1.69
2.2
2.8
2.8
2.8
3.04
3.5
3.5
3.5
3.5
4.22
4.7
5.58
6.54
7.48
8.36
9.14
9.82
10.39
10.77
10.34
9.83
10.04
10.85
11.64
12.19
12.53
13.34
14.18
15.05
15.23
15.71
15.79
15.8
15.79
15.82
15.9
16.05
16.26
16.54
17.14
18.31
18.51
18.92
19.35
19.66
20.19
20.79
21.35
21.85
21.86
22.06
22.84
23.67
24.53
25.42
26.32
27.22
28.12
29.07
30.48
31.35
32.43
33.32
34.22
35.24
36.02
36.71
37.29
37.01
38.17
39.11
39.48
39.82
40.09
40.29
40.46
40.59
40.7
40.89
41.06
41.18
41.23
41.26
41.26
41.25
41.23
41.21
41.31
42.26
42.2
42.1
41.93
41.71
41.46
41.18
40.85
40.45
39.97
39.39
38.74
38.07
37.32
36.53
35.69
34.78
33.82
32.8
31.71
30.55
29.32
27.92
26.57
25.17
23.73
22.26
20.77
19.27
18.08
16.89
15.7
14.51
13.37
12.23
11.11
10.02
8.97
7.95
6.97
6.08
5.29
4.71
4.11
3.61
3.18
2.83
2.56
2.35
1.9
1.5
1.16
0.86
0.6
0.4
0.24
0.12
0.04
0
0
0
0
0
0
0
0
0
0
0
0
0
0
0
0
0
0
0
0
0
0
0
0
0
0
0
0
0
0
0
0
0
0
0
0
0
0
0
0
0
0
0
0
0
0
0
0
0
0
0
0
0
0
0
0
0
0
0
0
0
0
0
0
0
0
0
0
0
0
0
0
0
0
0
0
0
0
0
0
0
0
0
0
0
0
0
0
0
0
0
0
0
0
0
0
0
0
0
0
0
0
0
0
0
0
0
0
0
0
0
0
0
0
0
0
0
0
0
0
0
0
0
0
0
0
0
0
0
0
0
0
0
0
0
0
0
0
0
0
0
0
0
0
0
0
0
0
0
0
0
0
0
0
0
0
0
0
0
0
0
0
0
0
0
0
0
0
0
0
0
0
0
0
0
0
0
0
0
0
0
0
0.03
0.08
0.18
0.31
0.48
0.7
0.96
1.27
1.65
1.65
1.65
1.65
1.94
1.98
1.98
1.98
2.38
2.81
3.27
3.75
4.22
4.73
5.3
5.91
6.55
7.17
7.77
8.3
8.77
9.67
10.59
11.56
12.28
13.29
14.4
15.55
16.15
16.97
17.81
18.66
19.57
20.42
21.18
21.89
22.56
23.22
23.9
24.67
24.42
25.26
26.16
27.08
28.01
28.8
29.65
30.6
31.77
32.72
33.69
34.68
35.63
36.55
37.39
38.15
38.87
39.55
40.17
40.74
42.28
42.69
43.01
41.4
41.65
41.15
41.38
41.43
41.44
40.19
40.03
39.73
39.37
38.99
38.72
38.54
37.85
37.7
37.54
37.35
35.88
35.27
33.95
35.61
35.32
35.85
34.57
34.28
33.98
34.85
34.59
34.44
34.34
34.25
34.05
33.77
33.96
33.62
33.18
32.77
33.61
33.19
33.73
33.04
32.29
31.45
31.46
30.38
29.18
27.95
26.6
25.12
23.76
22.35
20.96
19.57
18.16
16.71
15.32
13.87
12.44
11.37
10.02
8.76
7.61
6.59
5.67
4.88
4.21
3.61
3.12
2.71
2.18
1.73
1.32
0.96
0.67
0.44
0.26
0.13
0.04
0
0
0
0
0
0
0
0
0
0
0
0
0
0
0
0
0
0
0
0
0
0
0
0
0
0
0
0
0
0
0
0
0
0
0
0
0
0
0
0
0
0
0
0
0
0
0
0
0
0
0
0
0
0
0
0
0
0
0
0
0
0
0
0
0
0
0
0
0
0
0
0
0
0
0
0
0
0
0
0
0
0
0
0
0
0
0
0
0
0
0
0
0
0
0
0
0
0
0
0
0
0
0
0
0
0
0
0
0
0
0
0
0
0
0
0
0
0
0
0
0
0
0
0
0
0
0
0
0
0
0
0
0
0
0
0
0
0
0
0
0
0
0
0
0
0
0
0
0
0
0
0
0
0
0
0
0
0
0
0
0
0
0
0
0
0
0
0
0
0
0
0
0
0
0
0
0
0
0
0
0
0
0
0
0
0
0
0
0
0
0
0
0
0
0
0
0
0
0
0
0
0
0
0
0
0
0
0
0
0
0
0
0
0
0
0
0
0
0
0
0
0
0
0
0
0
0
0
0
0
0
0
0
0
0.03
0.08
0.17
0.29
0.45
0.64
0.88
1.15
1.45
1.45
1.45
1.49
1.57
1.57
1.66
1.85
1.85
2.13
2.47
2.84
3.21
3.55
3.87
4.16
4.47
4.75
5.01
5.27
5.5
6.07
6.65
7.2
7.73
8.37
8.96
8.77
9.52
9.95
10.23
10.66
11.12
10.72
10.6
10.17
10.75
10.27
10.15
9.62
10.27
10.95
11.66
12.45
13.3
14.1
14.9
16.4
17.2
18.11
19.19
20.13
21.01
22.75
24.27
26.1
26.88
28.69
30.13
31.97
32.66
33.31
33.9
34.39
34.8
35.26
35.72
36.14
36.48
36.7
36.82
36.9
36.98
37.04
37.03
36.94
36.86
36.76
36.64
36.49
36.29
36.07
35.61
33.73
33.51
33.06
32.42
32.21
32.05
31.97
31.93
31.9
31.85
31.82
31.83
31.88
31.97
32.11
32.23
32.33
32.39
32.38
32.61
34.26
34.23
34.19
34.43
34.2
33.88
32.12
30.97
30.4
29.82
29.16
28.43
27.64
26.76
25.82
24.84
23.81
22.81
21.8
20.71
19.51
18.26
17.12
15.8
14.45
13.49
13.89
13.61
12.69
11.75
10.82
9.92
9.04
8.16
7.3
6.46
5.69
4.97
4.31
3.76
3.3
2.93
2.64
2.44
2.31
1.86
1.46
1.11
0.81
0.57
0.38
0.22
0.11
0.03
0
0
0
0
0
0
0
0
0
0
0
0
0
0
0
0
0
0
0
0
0
0
0
0
0
0
0
0
0
0
0
0
0
0
0
0
0
0
0
0
0
0
0
0
0
0
0
0
0
0
0
0
0
0
0
0
0
0
0
0
0
0
0
0
0
0
0
0
0
0
0
0
0
0
0
0
0
0
0
0
0
0
0
0
0
0
0
0
0
0
0
0
0
0
0
0
0
0
0
0
0
0
0
0
0
0
0
0
0
0
0
0
0
0
0
0
0
0
0
0
0
0
0
0
0
0
0
0
0
0
0
0
0
0
0
0
0
0
0
0
0
0
0
0
0
0
0
0
0
0
0
0
0
0
0
0
0
0
0
0
0
0
0
0
0
0
0
0
0
0
0
0
0
0
0
0
0
0
0
0
0
0
0
0
0
0
0
0
0
0
0
0
0.02
0.06
0.13
0.22
0.34
0.49
0.68
0.91
1.18
1.28
1.28
1.38
1.38
1.49
1.49
1.49
1.89
2.4
2.69
3.36
4.04
4.78
5.41
5.31
5.2
5.83
6.25
7.07
7.87
8.88
10
11.07
12.3
13.22
13.22
14.47
14.68
14.69
15.16
15.63
16.18
16.64
17.18
18.4
19.39
19.86
20.49
20.68
20.89
20.84
19.72
20
20.25
20.69
22.16
22
22.65
23.7
24.55
25.07
25.55
26.08
26.65
27.26
28.15
28.86
29.64
30.48
31.34
32.43
34.58
35.29
35.98
36.75
37.54
38.72
39.76
40.52
41.26
41.94
42.55
43.11
43.63
44.13
44.59
44.95
45.27
45.51
45.69
45.83
45.95
46.08
46.2
46.27
46.3
46.32
46.31
46.25
46.12
45.97
45.77
45.44
45.09
44.69
44.22
43.67
43.03
42.31
41.53
40.67
39.69
38.56
37.32
35.96
34.49
32.89
31.19
29.41
27.58
25.92
24.22
22.59
20.94
19.27
17.62
15.99
14.41
12.88
11.38
9.95
8.65
7.49
6.43
5.5
4.69
3.98
3.39
2.9
2.5
1.98
1.54
1.16
0.84
0.58
0.37
0.22
0.1
0.03
0
0
0
0
0
0
0
0
0
0
0
0
0
0
0
0
0
0
0
0
0
0
0
0
0
0
0
0
0
0
0
0
0
0
0
0
0
0
0
0
0
0
0
0
0
0
0
0
0
0
0
0
0
0
0
0
0
0
0
0
0
0
0
0
0
0
0
0
0
0
0
0
0
0
0
0
0
0
0
0
0
0
0
0
0
0
0
0
0
0
0
0
0
0
0
0
0
0
0
0
0
0
0
0
0
0
0
0
0
0
0
0
0
0
0
0
0
0
0
0
0
0
0
0
0
0
0
0
0
0
0
0
0
0
0
0
0
0
0
0
0
0
0
0
0
0
0
0
0
0
0
0
0
0
0
0
0
0
0
0
0
0
0
0
0
0
0
0
0
0
0
0
0
0
0
0
0
0
0
0
0
0
0
0
0
0
0
0
0
0
0
0
0
0
0
0
0
0
0
0
0
0
0
0
0
0
0
0
0
0
0
0
0
0
0
0
0
0
0
0
0
0
0
0
0
0
0
0
0
0
0
0
0
0
0
0
0
0
0
0
0
0.04
0.11
0.22
0.37
0.57
0.8
1.08
1.39
1.75
1.75
1.75
1.8
1.9
2.05
2.26
2.52
2.77
3.14
3.47
3.67
4.15
4.62
5.06
5.48
5.9
6.31
6.71
6.69
6.33
7.11
7.48
8.23
8.13
8.83
9.47
10.09
10.75
11.33
12.01
11.81
11.29
11.64
12.02
12.33
12.21
12.95
13.71
14.91
16.45
17.23
18.5
19.39
21.13
22.06
23.05
24.01
24.97
25.68
26.51
28.34
30.18
31.15
32.1
33.13
34.53
35.02
35.48
34.2
34.51
34.86
35.15
35.37
35.57
35.44
35.56
35.7
35.81
36.14
36.41
36.69
36.96
37.21
37.44
37.63
37.79
37.96
38.11
39.91
40.09
40.16
40.22
40.27
40.3
40.55
40.44
40.31
40.18
40
39.69
39.33
38.92
38.44
37.9
37.33
36.79
36.2
35.55
34.89
34.19
33.46
32.69
31.85
30.95
30.08
29.23
28.31
27.33
26.3
25.24
24.12
22.97
21.81
20.64
19.45
18.19
16.93
15.67
14.39
13.53
12.66
11.79
10.95
10.13
9.3
8.45
7.63
6.84
6.08
5.36
4.73
4.17
3.7
3.3
2.97
2.71
2.51
2.37
2.3
1.84
1.45
1.11
0.82
0.58
0.38
0.23
0.11
0.04
0
0
0
0
0
0
0
0
0
0
0
0
0
0
0
0
0
0
0
0
0
0
0
0
0
0
0
0
0
0
0
0
0
0
0
0
0
0
0
0
0
0
0
0
0
0
0
0
0
0
0
0
0
0
0
0
0
0
0
0
0
0
0
0
0
0
0
0
0
0
0
0
0
0
0
0
0
0
0
0
0
0
0
0
0
0
0
0
0
0
0
0
0
0
0
0
0
0
0
0
0
0
0
0
0
0
0
0
0
0
0
0
0
0
0
0
0
0
0
0
0
0
0
0
0
0
0
0
0
0
0
0
0
0
0
0
0
0
0
0
0
0
0
0
0
0
0
0
0
0
0
0
0
0
0
0
0
0
0
0
0
0
0
0
0
0
0
0
0
0
0
0
0
0
0
0
0
0
0
0
0
0
0
0
0
0
0
0
0
0
0
0.03
0.08
0.17
0.3
0.45
0.63
0.84
1.08
1.35
1.35
1.35
1.35
1.35
1.35
1.35
1.37
1.43
1.55
1.73
1.96
2.18
2.41
2.64
2.9
3.18
3.48
3.27
3.03
2.76
3.02
3.02
3.46
4.13
4.13
4.81
5.59
6.36
7.11
7.81
7.65
8.35
9.04
9.73
10.35
10.94
11.51
12.61
13.76
14.94
15.92
17.19
18.08
18.77
20.2
20.99
21.7
22.4
23.11
23.81
25.34
25.99
26.59
27.17
27.66
28.19
28.82
29.25
29.34
29.86
29.09
27.93
28.36
28.79
29.17
29.54
29.89
30.21
30.54
30.89
31.26
31.64
32.09
32.54
33.03
33.47
33.78
34.25
34.77
35.09
36.66
38.51
38.29
38.42
38.53
38.58
38.61
38.6
38.53
38.39
38.2
37.96
37.6
37.14
36.78
36.45
36.07
35.6
35.37
34.86
34.34
33.86
33.78
33.33
32.84
32.3
31.71
31.03
30
28.41
27.53
26.59
25.63
24.69
23.58
22.36
21.59
20.83
19.96
18.96
17.87
16.69
15.45
14.12
12.79
11.47
10.18
9.01
8.21
8
7.11
6.31
5.6
4.98
4.45
4
3.17
2.4
1.75
1.22
0.8
0.5
0.28
0.13
0.04
0
0
0
0
0
0
0
0
0
0
0
0
0
0
0
0
0
0
0
0
0
0
0
0
0
0
0
0
0
0
0
0
0
0
0
0
0
0
0
0
0
0
0
0
0
0
0
0
0
0
0
0
0
0
0
0
0
0
0
0
0
0
0
0
0
0
0
0
0
0
0
0
0
0
0
0
0
0
0
0
0
0
0
0
0
0
0
0
0
0
0
0
0
0
0
0
0
0
0
0
0
0
0
0
0
0
0
0
0
0
0
0
0
0
0
0
0
0
0
0
0
0
0
0
0
0
0
0
0
0
0
0
0
0
0
0
0
0
0
0
0
0
0
0
0
0
0
0
0
0
0
0
0
0
0
0
0
0
0
0
0
0
0
0
0
0
0
0
0
0
0
0
0
0
0
0
0
0
0
0
0
0
0
0
0
0
0
0
0
0
0
0
0
0
0
0
0
0
0
0
0
0
0
0
0
0
0
0
0
0
0
0
0
0
0
0
0
0
0.03
0.1
0.19
0.32
0.5
0.71
0.96
1.26
1.6
1.71
1.86
2.05
2.29
2.58
2.92
3.32
3.77
4.27
4.82
5.41
5.98
6.54
7.1
7.64
8.16
8.68
9.23
9.75
9.82
10.59
11.31
11.95
12.48
12.19
11.84
12.49
13.09
13.68
14.24
14.26
13.65
14.28
14.94
15.65
16.37
17.08
17.38
16.6
16.62
17.25
18
18.84
19.81
21.56
23.34
24.1
24.89
25.61
26.35
27.65
29.58
30.29
30.93
31.5
32.07
32.61
31.67
33.5
34.54
35.01
35.39
35.73
36
36.27
36.49
36.7
36.9
37.18
37.45
37.7
37.9
38.06
38.24
38.43
38.6
38.76
40.73
40.99
41.67
41.84
41.97
42.08
42.2
42.3
42.43
40.6
40.69
40.67
40.58
40.43
40.25
40.02
39.73
39.36
38.92
38.39
37.91
37.34
36.7
36.01
35.27
34.46
33.58
32.61
31.51
32.25
30.94
28.86
27.46
26.02
24.54
23.03
21.5
20.25
19.02
17.81
16.54
15.29
14.04
12.77
11.5
10.26
9.05
7.9
6.87
5.95
5.14
5.14
4.5
3.95
3.48
3.09
2.78
2.25
1.78
1.36
1
0.69
0.43
0.24
0.11
0.04
0
0
0
0
0
0
0
0
0
0
0
0
0
0
0
0
0
0
0
0
0
0
0
0
0
0
0
0
0
0
0
0
0
0
0
0
0
0
0
0
0
0
0
0
0
0
0
0
0
0
0
0
0
0
0
0
0
0
0
0
0
0
0
0
0
0
0
0
0
0
0
0
0
0
0
0
0
0
0
0
0
0
0
0
0
0
0
0
0
0
0
0
0
0
0
0
0
0
0
0
0
0
0
0
0
0
0
0
0
0
0
0
0
0
0
0
0
0
0
0
0
0
0
0
0
0
0
0
0
0
0
0
0
0
0
0
0
0
0
0
0
0
0
0
0
0
0
0
0
0
0
0
0
0
0
0
0
0
0
0
0
0
0
0
0
0
0
0
0
0
0
0
0
0
0
0
0
0
0
0
0
0
0
0
0
0
0
0
0
0
0
0
0
0
0
0
0
0
0
0
0
0
0
0
0
0
0
0
0
0
0
0
0
0
0.07
0.21
0.45
0.73
1.07
1.46
1.9
2.41
2.97
2.97
2.97
2.97
2.97
2.97
3.39
3.81
3.81
4.38
4.9
5.47
5.4
5.8
6.14
6.53
6.55
6.15
6.47
6.57
6.42
6.42
6.79
7.63
7.83
7.83
8.16
8.64
9.52
9.29
8.76
9.01
10.04
10.56
11.04
11.24
11.95
11.95
11.52
11.53
11.72
12.79
13.44
13.6
14.4
15.44
15.77
16.01
16.3
16.91
18.11
18.05
17.02
17.22
17.47
17.96
18.3
19.76
20.93
21.85
22.54
23.09
23.73
24.46
25.24
26.01
26.74
27.45
28.12
29.04
29.74
30.88
32.78
33.44
34.05
34.6
35.11
35.57
36.01
36.39
36.86
37.16
37.41
37.63
37.79
37.92
38.02
38.1
36.52
36.51
36.47
36.43
36.39
36.34
36.23
36.08
35.86
35.58
35.27
34.92
34.67
34.19
33.62
32.96
32.22
31.41
30.56
29.65
30.32
29.33
28.28
27.1
25.81
24.43
23.01
21.56
20.1
18.62
17.11
15.58
14.56
13.54
12.55
11.59
10.67
9.77
8.87
8
7.14
6.31
5.51
4.82
4.25
3.77
3.39
3.08
2.84
2.67
2.57
2.53
2.04
1.62
1.24
0.92
0.64
0.42
0.24
0.12
0.04
0
0
0
0
0
0
0
0
0
0
0
0
0
0
0
0
0
0
0
0
0
0
0
0
0
0
0
0
0
0
0
0
0
0
0
0
0
0
0
0
0
0
0
0
0
0
0
0
0
0
0
0
0
0
0
0
0
0
0
0
0
0
0
0
0
0
0
0
0
0
0
0
0
0
0
0
0
0
0
0
0
0
0
0
0
0
0
0
0
0
0
0
0
0
0
0
0
0
0
0
0
0
0
0
0
0
0
0
0
0
0
0
0
0
0
0
0
0
0
0
0
0
0
0
0
0
0
0
0
0
0
0
0
0
0
0
0
0
0
0
0
0
0
0
0
0
0
0
0
0
0
0
0
0
0
0
0
0
0
0
0
0
0
0
0
0
0
0
0
0
0
0
0
0
0
0
0
0
0
0
0
0
0
0
0
0
0
0
0
0
0
0
0
0
0
0
0
0
0
0
0
0
0
0
0
0
0
0
0
0
0
0
0.03
0.08
0.15
0.26
0.39
0.54
0.73
0.95
1.2
1.2
1.2
1.2
1.2
1.2
1.2
1.28
1.4
1.57
1.79
2.05
2.31
2.57
2.84
3.09
3.34
3.58
3.83
4.07
4.29
4.29
4.81
5.35
5.72
5.72
6.14
6.62
7.19
7.75
8.28
8.8
9.33
9.88
10.41
10.99
11.58
12.23
12.86
13.49
14.15
15.35
16.09
16.88
17.71
19.14
20.16
21.07
21.85
22.65
23.49
24.31
25.15
26
26.88
27.76
28.65
29.28
30.13
30.98
31.8
32.57
33.28
33.91
34.67
35.2
35.75
36.32
36.88
37.39
37.84
38.28
38.67
39.01
39.28
39.47
39.6
39.89
39.95
39.98
39.98
39.97
39.94
39.89
39.86
39.8
39.68
39.49
39.27
38.95
37.81
36.87
36.54
36.2
35.85
35.5
33.52
33.18
32.57
32.21
31.85
31.49
31.14
30.78
30.37
29.91
29.46
28.99
28.09
27.69
28.07
28.16
27.16
26.53
25.19
24.41
25.3
24.43
23.74
22.69
21.53
20.26
18.93
17.56
16.17
14.8
13.84
12.86
12.28
11.26
10.24
9.23
8.67
7.7
7.44
6.58
5.7
4.93
4.27
3.71
3.27
2.93
2.68
2.49
2.38
2.3
1.84
1.45
1.1
0.8
0.56
0.36
0.21
0.1
0.03
0
0
0
0
0
0
0
0
0
0
0
0
0
0
0
0
0
0
0
0
0
0
0
0
0
0
0
0
0
0
0
0
0
0
0
0
0
0
0
0
0
0
0
0
0
0
0
0
0
0
0
0
0
0
0
0
0
0
0
0
0
0
0
0
0
0
0
0
0
0
0
0
0
0
0
0
0
0
0
0
0
0
0
0
0
0
0
0
0
0
0
0
0
0
0
0
0
0
0
0
0
0
0
0
0
0
0
0
0
0
0
0
0
0
0
0
0
0
0
0
0
0
0
0
0
0
0
0
0
0
0
0
0
0
0
0
0
0
0
0
0
0
0
0
0
0
0
0
0
0
0
0
0
0
0
0
0
0
0
0
0
0
0
0
0
0
0
0
0
0
0
0
0
0
0
0.03
0.08
0.18
0.32
0.51
0.74
1.01
1.31
1.66
1.83
2.09
2.09
2.09
2.09
2.54
2.67
2.67
3.17
3.7
4.33
4.94
5.54
6.09
6.57
7.01
7.39
7.74
8.09
8.37
8.78
8.89
8.92
9.44
9.89
9.89
9.76
10.31
10.41
10.21
10.24
10.3
10.38
10.5
10.4
9.77
10.01
10.25
10.49
10.76
11.1
11.68
12.65
13.19
13.87
14.62
15.83
16.53
17.21
18.15
18.77
19.35
19.93
20.48
21.3
22.75
23.39
24.06
24.8
25.57
26.03
26.89
27.69
28.51
29.3
30.04
30.8
31.58
32.37
33.26
34.17
35.14
36.1
37.09
37.98
38.76
39.41
40.01
40.5
40.9
41.58
41.83
42.07
42.22
42.33
40.39
40.25
40.19
40.06
39.81
39.5
39.13
38.74
38.34
37.99
37.7
37.53
37.39
37.29
37.22
37.14
37.04
36.92
36.74
36.54
38.36
38.36
38.22
38.11
38
37.85
37.64
37.35
36.99
36.5
35.88
35.1
34.21
33.22
32.11
30.92
29.67
28.28
27.21
26.11
24.89
23.54
22.07
20.52
18.93
17.33
15.74
14.19
12.66
11.24
9.93
8.72
7.62
6.62
5.72
4.92
4.22
3.69
2.9
2.17
1.57
1.09
0.73
0.45
0.26
0.13
0.04
0
0
0
0
0
0
0
0
0
0
0
0
0
0
0
0
0
0
0
0
0
0
0
0
0
0
0
0
0
0
0
0
0
0
0
0
0
0
0
0
0
0
0
0
0
0
0
0
0
0
0
0
0
0
0
0
0
0
0
0
0
0
0
0
0
0
0
0
0
0
0
0
0
0
0
0
0
0
0
0
0
0
0
0
0
0
0
0
0
0
0
0
0
0
0
0
0
0
0
0
0
0
0
0
0
0
0
0
0
0
0
0
0
0
0
0
0
0
0
0
0
0
0
0
0
0
0
0
0
0
0
0
0
0
0
0
0
0
0
0
0
0
0
0
0
0
0
0
0
0
0
0
0
0
0
0
0
0
0
0
0
0
0
0
0
0
0
0
0
0
0
0
0
0
0
0
0
0
0
0
0
0
0
0
0
0
0
0
0
0
0
0
0
0
0
0
0
0
0
0
0
0
0
0
0
0
0
0
0
0
0
0
0
0
0
0
0
0
0
0
0
0
0
0
0
0
0
0
0
0
0.04
0.13
0.26
0.43
0.66
0.92
1.23
1.59
2.03
2.24
2.54
2.91
3.33
3.82
4.36
4.97
4.97
4.97
5.77
6.63
7.47
8.27
9.06
9.84
10.61
11.35
12.07
12.73
13.32
14.11
14.81
15.46
16.07
16.65
17.2
17.7
18.8
19.93
20.04
20.41
20.82
21.28
21.78
22.32
22.88
23.41
24.12
24.92
25.73
26.63
27.54
28.41
29.3
30.22
31.17
32.17
33.26
34.37
35.64
35.93
36.91
37.9
38.84
39.72
40.51
41.3
41.87
42.36
42.86
43.34
43.8
44.32
44.79
45.08
44.67
44.69
44.77
44.8
44.88
45.62
45.59
45.49
45.36
45.18
44.97
44.76
44.56
44.35
44.09
43.77
43.49
43.2
42.92
42.1
42.62
42.65
42.5
42.32
41.99
41.7
41.35
40.92
40.46
39.97
39.5
38.99
38.39
37.73
36.99
36.22
35.28
34.19
32.95
32.25
30.74
29.12
27.44
25.71
24.05
22.58
21.1
19.64
18.17
16.72
15.25
13.79
12.37
11.01
9.7
8.42
7.26
6.25
5.36
4.6
3.96
3.42
2.97
2.62
2.35
1.86
1.44
1.09
0.79
0.54
0.35
0.2
0.1
0.04
0
0
0
0
0
0
0
0
0
0
0
0
0
0
0
0
0
0
0
0
0
0
0
0
0
0
0
0
0
0
0
0
0
0
0
0
0
0
0
0
0
0
0
0
0
0
0
0
0
0
0
0
0
0
0
0
0
0
0
0
0
0
0
0
0
0
0
0
0
0
0
0
0
0
0
0
0
0
0
0
0
0
0
0
0
0
0
0
0
0
0
0
0
0
0
0
0
0
0
0
0
0
0
0
0
0
0
0
0
0
0
0
0
0
0
0
0
0
0
0
0
0
0
0
0
0
0
0
0
0
0
0
0
0
0
0
0
0
0
0
0
0
0
0
0
0
0
0
0
0
0
0
0
0
0
0
0
0
0
0
0
0
0
0
0
0
0
0
0
0
0
0
0
0
0
0
0
0
0
0
0
0
0
0
0
0
0
0
0
0
0
0
0
0
0.03
0.09
0.18
0.29
0.44
0.62
0.83
1.07
1.35
1.35
1.35
1.35
1.35
1.45
1.57
1.71
1.88
2.12
2.45
2.86
3.3
3.73
4.14
4.47
4.84
4.66
4.45
4.71
4.95
5.47
6
6.53
7.08
7.56
8.04
8.5
8.94
9.26
9.44
9.51
9.49
9.47
9.45
9.5
9.44
10
10.6
10.74
10.89
11.06
11.2
11.45
11.72
12
12.3
12.63
12.99
12.94
13.52
14.2
14.98
15.81
16.7
17.64
18.68
19.64
20.59
21.54
22.54
23.57
24.66
25.69
26.74
27.8
28.87
29.96
31.05
32.62
33.63
34.59
35.47
36.27
36.98
37.62
38.22
38.84
39.45
40.02
40.58
41.1
41.59
42.04
42.41
42.71
42.97
43.2
43.39
43.56
43.72
43.85
43.98
44.14
44.3
44.45
44.56
44.63
44.64
44.59
44.48
44.05
43.83
43.55
43.2
42.81
42.33
41.77
41.16
40.47
39.7
38.89
38
37.04
35.84
34.71
33.5
32.18
30.77
29.29
27.72
26.33
24.63
22.91
21.54
20.18
18.84
17.51
16.17
14.84
13.52
12.22
10.95
9.7
8.66
7.56
6.56
5.68
4.91
4.26
3.73
3.31
2.98
2.72
2.2
1.73
1.32
0.97
0.67
0.43
0.25
0.12
0.04
0
0
0
0
0
0
0
0
0
0
0
0
0
0
0
0
0
0
0
0
0
0
0
0
0
0
0
0
0
0
0
0
0
0
0
0
0
0
0
0
0
0
0
0
0
0
0
0
0
0
0
0
0
0
0
0
0
0
0
0
0
0
0
0
0
0
0
0
0
0
0
0
0
0
0
0
0
0
0
0
0
0
0
0
0
0
0
0
0
0
0
0
0
0
0
0
0
0
0
0
0
0
0
0
0
0
0
0
0
0
0
0
0
0
0
0
0
0
0
0
0
0
0
0
0
0
0
0
0
0
0
0
0
0
0
0
0
0
0
0
0
0
0
0
0
0
0
0
0
0
0
0
0
0
0
0
0
0
0
0
0
0
0
0
0
0
0
0
0
0
0
0
0
0
0
0
0
0
0
0
0
0
0
0
0
0
0
0
0
0
0
0
0
0
0
0
0
0
0
0
0
0
0
0
0
0
0
0
0
0
0
0
0
0
0
0
0
0
0
0
0
0
0
0
0
0
0
0
0
0
0
0
0
0
0
0
0
0
0
0
0
0.05
0.14
0.29
0.49
0.73
1.02
1.37
1.77
2.24
2.25
2.31
2.43
2.61
2.86
3.17
3.55
4.02
4.56
5.18
5.88
6.57
7.24
7.89
8.52
9.16
9.78
10.4
11.02
11.63
12.74
13.86
14.95
16.03
17.06
18.07
19.07
20.06
21.04
22.01
22.96
23.94
24.93
25.94
26.98
28.03
29.09
30.14
31.13
32.12
33.09
34.07
35.05
36.03
37.02
38
38.92
39.78
40.56
41.28
41.95
42.56
43.16
43.73
44.26
44.68
45.04
45.35
45.66
45.96
46.22
46.44
46.62
46.73
46.17
45.95
45.87
45.74
45.57
45.35
45.06
44.71
44.27
43.55
42.7
41.99
41.35
40.63
39.83
38.92
37.92
36.8
35.6
34.36
33.71
32.61
31.25
29.82
28.34
26.82
25.25
23.65
21.73
20.07
19.14
18.04
16.8
15.58
14.37
13.19
12.03
10.91
9.83
8.77
7.71
6.73
5.87
5.11
4.45
3.89
3.43
3.06
3.06
3.06
2.45
1.91
1.46
1.07
0.74
0.48
0.28
0.14
0.04
0
0
0
0
0
0
0
0
0
0
0
0
0
0
0
0
0
0
0
0
0
0
0
0
0
0
0
0
0
0
0
0
0
0
0
0
0
0
0
0
0
0
0
0
0
0
0
0
0
0
0
0
0
0
0
0
0
0
0
0
0
0
0
0
0
0
0
0
0
0
0
0
0
0
0
0
0
0
0
0
0
0
0
0
0
0
0
0
0
0
0
0
0
0
0
0
0
0
0
0
0
0
0
0
0
0
0
0
0
0
0
0
0
0
0
0
0
0
0
0
0
0
0
0
0
0
0
0
0
0
0
0
0
0
0
0
0
0
0
0
0
0
0
0
0
0
0
0
0
0
0
0
0
0
0
0
0
0
0
0
0
0
0
0
0
0
0
0
0
0
0
0
0
0
0
0
0.02
0.06
0.1
0.17
0.26
0.38
0.51
0.67
0.85
0.85
0.85
0.85
0.88
0.93
1.01
1.01
1.03
1.18
1.36
1.57
1.75
1.96
2.21
2.48
2.77
3.04
3.35
3.66
3.97
4.51
5.01
5.08
5.68
6.23
6.48
7.12
7.44
7.42
7.92
8.53
9.2
9.82
10.39
10.91
11.38
11.83
12.22
12.58
12.93
13.24
13.6
14.42
14.68
14.97
15.55
15.81
15.46
16.2
16.45
16.64
16.78
16.74
16.95
17.12
16.27
16.48
16.83
17.24
17.7
18.21
18.72
19.28
19.9
20.45
21.08
21.8
23.42
24.16
24.82
25.45
26.09
26.93
27.55
28.25
30.02
30.66
31.19
31.75
32.36
32.94
33.52
34.05
34.51
35.05
35.55
36.01
36.51
37.09
37.71
38.31
38.88
39.46
40.03
40.56
41.06
41.63
42.13
42.55
42.46
42.72
42.92
43.1
43.26
43.41
43.52
43.58
43.56
43.47
43.32
43.13
42.92
42.66
42.34
41.96
41.5
41
40.46
39.66
39.4
38.69
37.92
37.04
36.03
34.9
33.64
32.25
30.79
29.26
27.66
25.99
24.51
22.97
21.42
19.86
18.32
16.77
15.23
13.92
12.44
11
9.61
8.35
7.21
6.21
5.33
4.58
3.93
3.37
2.91
2.54
2.01
1.55
1.16
0.84
0.58
0.37
0.22
0.11
0.03
0
0
0
0
0
0
0
0
0
0
0
0
0
0
0
0
0
0
0
0
0
0
0
0
0
0
0
0
0
0
0
0
0
0
0
0
0
0
0
0
0
0
0
0
0
0
0
0
0
0
0
0
0
0
0
0
0
0
0
0
0
0
0
0
0
0
0
0
0
0
0
0
0
0
0
0
0
0
0
0
0
0
0
0
0
0
0
0
0
0
0
0
0
0
0
0
0
0
0
0
0
0
0
0
0
0
0
0
0
0
0
0
0
0
0
0
0
0
0
0
0
0
0
0
0
0
0
0
0
0
0
0
0
0
0
0
0
0
0
0
0
0
0
0
0
0
0
0
0
0
0
0
0
0
0
0
0
0
0
0
0
0
0
0
0
0
0
0
0
0
0
0
0
0
0
0
0
0
0
0
0
0
0
0
0
0
0
0
0
0
0
0
0
0
0
0
0
0
0
0
0
0
0
0
0
0
0
0
0
0
0
0
0
0
0
0
0
0
0
0
0
0
0
0
0
0
0
0
0
0
0
0
0
0
0
0.07
0.23
0.47
0.8
1.18
1.62
2.11
2.66
3.27
3.41
3.75
4.03
4.03
4.28
4.8
4.82
4.82
5.05
5.9
6.92
7.86
8.68
8.44
8.11
8.63
8.38
8.81
9.16
9.54
10.37
10.96
11.56
12.44
13.11
13.49
14.35
14.56
15.19
15.2
15
14.8
14.66
15.53
16.43
16.39
16.87
16.9
16.95
16.95
17.02
17.18
17.44
17.74
18.08
18.23
18.73
19.45
20.08
20.77
21.57
22.43
23.32
24.21
25.12
25.95
27.12
28.11
29.13
30.12
31.06
31.98
32.86
33.69
34.48
35.48
36.18
37.36
38.01
38.45
38.96
39.4
39.79
40.14
40.44
40.85
41.13
41.32
41.48
41.67
41.89
42.08
42.23
42.36
42.44
42.48
42.47
42.39
42.23
42.17
41.91
41.61
41.28
40.86
40.39
39.85
39.22
38.48
37.65
36.69
35.63
34.45
33.18
31.82
30.37
28.83
27.2
25.51
23.77
22.01
20.68
19.33
17.96
16.6
15.25
13.92
12.61
11.34
10.12
8.94
7.81
6.79
5.9
5.11
4.43
3.88
3.44
3.09
2.85
2.68
2.15
1.68
1.27
0.93
0.65
0.42
0.25
0.12
0.04
0
0
0
0
0
0
0
0
0
0
0
0
0
0
0
0
0
0
0
0
0
0
0
0
0
0
0
0
0
0
0
0
0
0
0
0
0
0
0
0
0
0
0
0
0
0
0
0
0
0
0
0
0
0
0
0
0
0
0
0
0
0
0
0
0
0
0
0
0
0
0
0
0
0
0
0
0
0
0
0
0
0
0
0
0
0
0
0
0
0
0
0
0
0
0
0
0
0
0
0
0
0
0
0
0
0
0
0
0
0
0
0
0
0
0
0
0
0
0
0
0
0
0
0
0
0
0
0
0
0
0
0
0
0
0
0
0
0
0
0
0
0
0
0
0
0
0
0
0
0
0
0
0
0
0
0
0
0
0
0
0
0
0
0
0
0
0
0
0
0
0
0
0
0
0
0
0
0
0
0
0
0
0
0
0
0
0
0
0
0
0
0
0
0
0
0
0
0
0
0
0
0
0
0
0
0
0
0
0
0
0
0
0
0
0.03
0.1
0.21
0.35
0.53
0.75
1.01
1.31
1.64
1.64
1.64
1.64
1.64
1.64
1.66
1.74
1.88
2.08
2.35
2.7
3.05
3.37
3.68
3.97
4.24
4.47
4.68
4.87
4.54
5.05
5.59
5.86
6.47
7.09
7.7
8.29
8.52
9.03
9.51
9.91
10.32
10.77
11.25
11.54
12.1
12.68
13.27
13.9
15.09
15.83
16.6
17.68
18.48
19.34
20.28
21.27
22.56
23.65
24.77
25.91
27.05
28.15
29.22
30.49
31.52
32.56
33.62
34.66
35.62
36.22
35.19
36.05
36.86
37.59
38.2
38.72
39.2
39.53
39.79
40.02
40.2
40.43
40.65
40.81
40.94
41.03
41.08
41.09
41.13
41.45
43.3
43.16
42.96
42.72
42.45
42.14
41.78
41.36
40.87
40.3
39.66
38.92
38.15
37.4
36.61
35.75
34.76
33.63
31.5
30.01
28.46
26.97
25.24
23.71
22.15
21.13
20.11
19.11
18.13
17.14
16.17
15.14
14.03
12.8
11.51
10.2
9.02
7.98
7.93
7.24
6.67
6.08
5.78
5.35
5
4.15
3.38
2.68
2.03
1.46
0.96
0.55
0.26
0.08
0
0
0
0
0
0
0
0
0
0
0
0
0
0
0
0
0
0
0
0
0
0
0
0
0
0
0
0
0
0
0
0
0
0
0
0
0
0
0
0
0
0
0
0
0
0
0
0
0
0
0
0
0
0
0
0
0
0
0
0
0
0
0
0
0
0
0
0
0
0
0
0
0
0
0
0
0
0
0
0
0
0
0
0
0
0
0
0
0
0
0
0
0
0
0
0
0
0
0
0
0
0
0
0
0
0
0
0
0
0
0
0
0
0
0
0
0
0
0
0
0
0
0
0
0
0
0
0
0
0
0
0
0
0
0
0
0
0
0
0
0
0
0
0
0
0
0
0
0
0
0
0
0
0
0
0
0
0
0
0
0
0
0
0
0
0
0
0
0
0
0
0
0
0
0
0
0
0
0
0
0
0
0
0
0
0
0
0
0
0
0
0
0.03
0.08
0.16
0.27
0.4
0.58
0.78
1.02
1.29
1.36
1.45
1.57
1.72
1.91
2.13
2.39
2.49
2.81
2.95
3.33
3.37
3.38
3.68
3.57
3.84
4.06
4.25
4.43
4.48
4.8
5.07
5.34
5.6
5.89
6.17
6.43
6.88
7.14
7.63
7.93
8.04
8.2
8.53
8.53
8.97
9.47
10
10.54
11.14
11.76
12.43
13.1
13.77
14.42
15.1
15.79
16.5
17.19
17.88
18.41
19.68
20.99
21.89
23.56
24.45
25.32
26.12
26.9
27.73
28.52
29.35
30.17
30.47
31.3
32.12
32.94
33.68
34.48
35.25
36.14
36.57
37.13
37.61
38.01
38.34
38.66
39.06
39.54
40.04
40.5
40.91
41.36
42.31
42.67
43.01
43.34
43.71
44.02
44.34
44.66
45.18
45.51
45.83
46.15
46.5
46.86
47.15
46.54
46.64
46.67
46.68
46.61
46.35
46.26
46.13
45.92
45.63
45.27
43.01
42.49
41.89
41.19
40.43
39.6
38.66
37.58
36.37
35.88
34.53
33.18
31.75
30.23
28.79
27.06
25.48
23.88
22.24
20.59
20.75
19.1
17.48
15.9
14.34
12.81
11.34
9.99
8.77
7.66
6.65
5.71
4.86
4.12
3.49
2.99
2.36
1.82
1.37
1
0.69
0.45
0.26
0.13
0.04
0
0
0
0
0
0
0
0
0
0
0
0
0
0
0
0
0
0
0
0
0
0
0
0
0
0
0
0
0
0
0
0
0
0
0
0
0
0
0
0
0
0
0
0
0
0
0
0
0
0
0
0
0
0
0
0
0
0
0
0
0
0
0
0
0
0
0
0
0
0
0
0
0
0
0
0
0
0
0
0
0
0
0
0
0
0
0
0
0
0
0
0
0
0
0
0
0
0
0
0
0
0
0
0
0
0
0
0
0
0
0
0
0
0
0
0
0
0
0
0
0
0
0
0
0
0
0
0
0
0
0
0
0
0
0
0
0
0
0
0
0
0
0
0
0
0
0
0
0
0
0
0
0
0
0
0
0
0
0
0
0
0
0
0
0
0
0
0
0
0
0
0
0
0
0
0
0
0
0
0
0
0
0
0
0
0
0
0
0
0
0
0
0
0
0
0
0
0
0
0
0
0
0
0
0
0
0
0
0
0
0
0
0
0
0
0
0
0
0
0
0
0
0
0
0
0
0
0
0
0
0
0
0
0
0
0
0
0
0
0
0
0
0
0
0
0
0
0.03
0.1
0.22
0.38
0.59
0.84
1.12
1.43
1.78
1.82
1.9
2.03
2.22
2.46
2.73
2.73
3.14
3.63
3.63
3.95
4.34
4.27
4.15
3.99
3.78
3.71
3.99
4.47
5
5.39
6.24
7.08
7.87
8.65
9.42
10.49
11.15
11.72
12.77
13.5
14.16
15.29
16.45
17.69
19
20.2
21.1
21.86
22.61
23.87
24.66
25.45
26.26
27.06
27.9
28.78
29.73
30.72
31.81
32.93
34.05
35.17
36.25
37.28
38.22
39.07
39.84
40.51
41.09
41.6
42.05
42.52
42.96
43.4
43.74
44.01
44.18
44.28
44.32
44.3
44.21
44.08
43.92
43.78
43.61
43.46
43.31
43.13
42.95
42.78
42.61
42.38
42.13
41.16
40.79
40.45
40.09
39.68
39.2
38.66
38.1
37.48
36.8
36.01
35.19
33.92
32.85
31.76
30.59
29.31
27.93
26.47
24.92
23.97
22.34
20.96
19.56
18.16
16.8
15.46
14.13
12.81
11.52
10.27
9.05
8.23
7.23
6.27
5.42
4.67
4.03
3.5
3.07
2.75
2.51
2.02
1.59
1.22
0.9
0.63
0.41
0.24
0.11
0.04
0
0
0
0
0
0
0
0
0
0
0
0
0
0
0
0
0
0
0
0
0
0
0
0
0
0
0
0
0
0
0
0
0
0
0
0
0
0
0
0
0
0
0
0
0
0
0
0
0
0
0
0
0
0
0
0
0
0
0
0
0
0
0
0
0
0
0
0
0
0
0
0
0
0
0
0
0
0
0
0
0
0
0
0
0
0
0
0
0
0
0
0
0
0
0
0
0
0
0
0
0
0
0
0
0
0
0
0
0
0
0
0
0
0
0
0
0
0
0
0
0
0
0
0
0
0
0
0
0
0
0
0
0
0
0
0
0
0
0
0
0
0
0
0
0
0
0
0
0
0
0
0
0
0
0
0
0
0
0
0
0
0
0
0
0
0
0
0
0
0
0
0
0
0
0
0
0
0
0
0
0
0
0
0
0
0
0
0
0
0
0
0
0
0
0
0
0
0
0
0.03
0.1
0.18
0.29
0.42
0.58
0.75
0.95
1.18
1.2
1.24
1.33
1.45
1.61
1.82
2.07
2.07
2.34
2.34
2.69
2.66
3.01
3.26
3.2
3.71
4.33
4.99
5.67
6.34
7.24
8.15
9.05
9.93
10.81
11.68
12.53
13.68
14.65
15.98
17.03
18.52
19.59
20.75
22.15
22.95
23.6
24.02
24.64
25.29
24.37
23.81
23.87
24.31
23.27
22.2
22.76
23.35
23.46
23.67
23.76
23.84
24.05
24.29
24.53
24.88
25.08
25.78
26.26
26.73
28.19
29.88
31.03
31.79
34.05
36.35
36.98
37.58
38.52
39.26
40.06
40.83
41.46
42.03
42.62
43.1
43.75
44.08
44.35
44.57
45.34
45.47
45.51
45.51
45.45
45.34
45.22
45.07
44.95
44.83
44.68
44.46
44.2
43.92
43.61
43.23
42.77
42.22
41.59
40.88
40.08
39.2
37.35
36.24
34.91
33.57
32.14
30.29
28.58
26.85
25.06
23.47
21.86
20.23
18.58
16.95
15.35
13.79
12.3
10.85
9.46
8.11
7.74
6.64
5.77
4.91
4.17
3.85
3.38
2.94
2.59
2.07
1.61
1.22
0.9
0.63
0.42
0.26
0.13
0.04
0
0
0
0
0
0
0
0
0
0
0
0
0
0
0
0
0
0
0
0
0
0
0
0
0
0
0
0
0
0
0
0
0
0
0
0
0
0
0
0
0
0
0
0
0
0
0
0
0
0
0
0
0
0
0
0
0
0
0
0
0
0
0
0
0
0
0
0
0
0
0
0
0
0
0
0
0
0
0
0
0
0
0
0
0
0
0
0
0
0
0
0
0
0
0
0
0
0
0
0
0
0
0
0
0
0
0
0
0
0
0
0
0
0
0
0
0
0
0
0
0
0
0
0
0
0
0
0
0
0
0
0
0
0
0
0
0
0
0
0
0
0
0
0
0
0
0
0
0
0
0
0
0
0
0
0
0
0
0
0
0
0
0
0
0
0
0
0
0
0
0
0
0
0
0
0
0
0
0
0
0
0
0
0
0
0
0
0
0
0
0
0
0
0
0
0
0
0
0
0
0
0
0
0
0
0
0
0
0
0
0
0
0
0
0
0
0
0
0
0
0
0
0
0
0
0
0
0
0
0
0
0
0
0
0
0
0
0
0
0.04
0.11
0.21
0.34
0.5
0.68
0.9
1.13
1.41
1.41
1.42
1.45
1.46
1.56
1.7
1.88
2.04
2.04
2.26
2.48
2.73
3.05
3.3
3.63
3.97
4.25
4.04
4.31
4.43
4.43
4.89
5.56
6.29
6.95
7.59
8.16
8.91
9.9
10.75
11.66
12.55
13.35
14.22
15.04
15.86
16.78
18.23
19.21
20.36
21.94
23.11
24.09
25.1
26.16
27.26
28.44
29.51
30.51
31.45
32.37
33.29
34.25
35.2
36.16
37.09
37.97
38.81
39.64
40.45
41.26
42.04
42.8
43.52
44.16
44.73
45.23
45.68
46.11
46.49
46.83
47.12
47.29
46.83
46.95
47.03
47.09
47.1
47.05
46.93
46.77
46.56
46.3
45.99
45.69
45.38
45.07
44.75
44.3
43.95
43.54
43.1
42.67
42.77
42.18
41.55
40.87
40.13
39.37
38.58
37.75
36.89
35.97
35
33.95
31.96
30.65
28.98
27.66
26.24
24.8
23.33
21.83
20.31
18.78
17.58
16.39
15.22
14.05
12.88
11.72
10.56
9.42
8.31
7.24
7.08
6.27
5.83
5.18
4.56
4.01
3.54
3.16
2.85
2.62
2.11
1.67
1.28
0.93
0.65
0.41
0.24
0.11
0.04
0
0
0
0
0
0
0
0
0
0
0
0
0
0
0
0
0
0
0
0
0
0
0
0
0
0
0
0
0
0
0
0
0
0
0
0
0
0
0
0
0
0
0
0
0
0
0
0
0
0
0
0
0
0
0
0
0
0
0
0
0
0
0
0
0
0
0
0
0
0
0
0
0
0
0
0
0
0
0
0
0
0
0
0
0
0
0
0
0
0
0
0
0
0
0
0
0
0
0
0
0
0
0
0
0
0
0
0
0
0
0
0
0
0
0
0
0
0
0
0
0
0
0
0
0
0
0
0
0
0
0
0
0
0
0
0
0
0
0
0
0
0
0
0
0
0
0
0
0
0
0
0
0
0
0
0
0
0
0
0
0
0
0
0
0
0
0
0
0
0
0
0
0
0
0
0
0
0
0
0
0
0
0
0
0
0
0
0
0
0
0
0
0
0
0
0
0
0
0
0
0
0
0
0
0
0
0
0
0
0
0
0.04
0.1
0.19
0.31
0.47
0.68
0.93
1.22
1.54
1.54
1.54
1.54
1.54
1.54
1.7
1.88
2.1
2.36
2.64
2.97
2.93
2.96
3.29
3.65
4.03
4.46
4.87
4.93
4.98
5.69
6.41
7.15
7.82
8.61
9.28
9.95
10.6
11.27
11.96
12.59
13.64
14.58
15.16
15.68
16.12
16.52
16.92
17.68
18.5
19.05
19.66
20.3
21.09
21.83
22.49
23.28
24.1
24.94
25.76
26.62
27.39
28.21
29.09
30.02
30.97
31.85
32.7
33.5
34.23
34.88
35.47
36.03
36.52
36.92
37.37
36.98
37.24
37.47
37.68
37.9
38.15
38.41
38.64
38.84
39.04
39.28
39.55
39.82
40.09
40.36
40.59
40.8
41
41.2
41.39
42.25
42.36
42.42
42.43
42.4
42.3
42.15
41.97
41.76
41.51
41.22
40.85
40.45
39.99
39.47
38.89
38.27
37.59
36.86
36.07
35.23
34.35
33.41
32.43
31.35
30.19
28.94
27.61
26.19
24.71
23.16
21.57
19.96
18.73
17.51
16.31
15.11
13.93
12.75
11.59
10.45
9.33
8.26
7.22
6.29
5.48
4.77
4.17
3.67
3.27
2.96
2.72
2.57
2.06
1.62
1.24
0.91
0.63
0.41
0.24
0.12
0.04
0
0
0
0
0
0
0
0
0
0
0
0
0
0
0
0
0
0
0
0
0
0
0
0
0
0
0
0
0
0
0
0
0
0
0
0
0
0
0
0
0
0
0
0
0
0
0
0
0
0
0
0
0
0
0
0
0
0
0
0
0
0
0
0
0
0
0
0
0
0
0
0
0
0
0
0
0
0
0
0
0
0
0
0
0
0
0
0
0
0
0
0
0
0
0
0
0
0
0
0
0
0
0
0
0
0
0
0
0
0
0
0
0
0
0
0
0
0
0
0
0
0
0
0
0
0
0
0
0
0
0
0
0
0
0
0
0
0
0
0
0
0
0
0
0
0
0
0
0
0
0
0
0
0
0
0
0
0
0
0
0
0
0
0
0
0
0
0
0
0
0
0
0
0
0
0
0
0
0
0
0
0
0
0
0
0
0
0
0
0.03
0.09
0.21
0.37
0.59
0.86
1.16
1.5
1.87
2.01
2.17
2.17
2.41
2.68
3
3.35
3.74
4.15
4.55
4.89
5.32
5.89
6.49
7.1
7.67
8.21
8.76
9.31
9.86
10.66
11.46
12.43
12.98
13.74
14.49
15.23
15.99
16.76
17.59
18.52
18.06
18.29
18.66
19.03
19.37
19.68
19.95
20.2
20.48
20.81
20.18
20.2
20.83
21.24
21.78
22.34
22.88
23.42
23.98
24.56
26.4
27.42
28.24
29.02
29.86
30.79
31.76
32.74
33.68
34.13
35.94
37.08
37.01
37.73
38.29
38.8
39.31
39.01
39.42
39.78
40.21
40.63
41.03
41.47
41.84
42.09
42.3
42.46
42.62
43.2
43.36
43.54
44.5
44.65
44.79
44.79
44.86
45.67
45.71
45.71
45.64
45.52
45.37
45.16
44.96
44.76
44.55
44.34
44.06
43.71
43.28
42.79
42.22
41.58
40.86
40.19
39.33
38.37
37.3
36.15
34.89
33.53
32.06
30.51
28.87
27.05
25.55
23.97
22.38
20.79
19.19
17.6
16.03
14.49
13
11.54
10.13
8.84
7.67
6.62
5.68
4.87
4.17
3.57
3.08
2.78
2.2
1.7
1.28
0.93
0.64
0.41
0.24
0.12
0.04
0
0
0
0
0
0
0
0
0
0
0
0
0
0
0
0
0
0
0
0
0
0
0
0
0
0
0
0
0
0
0
0
0
0
0
0
0
0
0
0
0
0
0
0
0
0
0
0
0
0
0
0
0
0
0
0
0
0
0
0
0
0
0
0
0
0
0
0
0
0
0
0
0
0
0
0
0
0
0
0
0
0
0
0
0
0
0
0
0
0
0
0
0
0
0
0
0
0
0
0
0
0
0
0
0
0
0
0
0
0
0
0
0
0
0
0
0
0
0
0
0
0
0
0
0
0
0
0
0
0
0
0
0
0
0
0
0
0
0
0
0
0
0
0
0
0
0
0
0
0
0
0
0
0
0
0
0
0
0
0
0
0
0
0
0
0
0
0
0
0
0
0
0
0
0
0
0
0
0
0
0
0
0
0
0
0
0
0
0
0
0
0
0
0
0
0
0.03
0.08
0.16
0.26
0.38
0.52
0.68
0.86
1.07
1.07
1.08
1.13
1.2
1.3
1.36
1.46
1.66
1.89
2.15
2.44
2.71
3.02
3.39
3.84
4.33
4.84
5.37
5.91
6.48
7.31
8.19
9.08
9.98
10.91
11.9
12.19
12.14
11.97
12.49
13.4
14.36
15.23
15.94
16.49
16.96
16.99
16.3
16.56
16.86
17.09
17.27
17.42
17.4
17.55
17.72
18.62
19.17
20.15
20.74
21.14
21.56
22.09
22.75
23.54
24.38
25.68
27.73
28.85
29.94
31.09
32.25
33.39
34.68
35.74
36.73
37.59
39
40.02
40.69
40.96
41.32
41.62
41.87
41.02
39.1
38.92
37.7
37.75
37.76
37.73
37.76
37.82
37.89
37.97
38.09
38.31
38.64
39.05
39.47
40.05
40.46
40.83
41.18
42.55
44.95
45.51
47.01
47.11
47.14
47.1
46.91
46.61
46.2
45.71
45.12
44.39
43.51
42.53
41.42
40.18
38.81
37.31
35.68
33.94
32.09
30.18
28.21
26.46
24.69
22.92
21.18
19.46
17.78
16.12
14.5
12.93
11.41
9.93
8.58
7.36
6.29
5.35
4.56
3.89
3.34
2.9
2.55
2.03
1.59
1.2
0.88
0.62
0.41
0.24
0.12
0.04
0
0
0
0
0
0
0
0
0
0
0
0
0
0
0
0
0
0
0
0
0
0
0
0
0
0
0
0
0
0
0
0
0
0
0
0
