start_date: 1960-10-01 24:00
start_date: 2013-09-30 24:00
data_date: 1960-10-01 24:00
timestep: 1 DAY
units: cfs
scale: 1.000000
#Series Slot: Sprague River.Inflow [1 cfs]
265
270
265
265
265
270
278
274
274
278
288
288
288
292
292
288
292
296
296
292
292
292
292
283
278
283
283
292
296
325
365
325
310
306
296
296
296
296
296
301
306
310
315
320
330
325
325
325
325
320
325
330
315
320
330
350
355
370
370
340
345
345
416
498
504
443
380
300
290
300
310
315
320
330
340
325
335
340
350
395
476
562
514
443
416
390
380
370
370
355
320
310
300
295
290
290
300
350
340
345
350
345
340
340
340
335
335
335
335
330
325
320
315
315
320
330
335
335
335
340
340
325
350
375
432
586
628
668
604
526
492
509
592
724
962
1130
1130
969
794
752
766
689
580
520
498
487
526
526
492
470
443
432
426
410
410
410
410
410
410
395
390
405
416
454
487
509
604
731
794
724
628
568
550
544
550
622
689
731
731
745
717
710
717
682
668
675
717
766
780
759
731
682
661
654
622
634
668
640
622
628
654
703
724
696
640
610
586
568
538
509
498
498
498
520
544
586
610
634
628
616
622
647
654
647
661
696
703
703
689
654
628
628
610
616
616
628
654
661
654
647
647
654
661
682
752
780
773
773
773
745
717
689
661
622
562
556
526
538
526
454
443
432
421
380
385
370
365
355
350
330
310
296
283
274
274
276
265
261
249
249
265
310
253
225
205
193
205
205
213
213
213
221
225
221
225
225
221
217
217
221
217
217
221
213
209
209
209
205
209
205
209
201
197
197
201
209
209
213
209
213
209
213
209
209
213
217
213
209
213
213
217
217
221
229
225
233
233
229
229
233
233
233
237
237
237
233
233
233
233
237
245
249
249
245
253
265
270
270
265
261
265
261
265
270
265
265
261
265
265
265
265
265
261
261
330
405
340
301
301
301
296
301
296
209
209
213
229
283
292
380
365
360
355
365
375
335
315
310
315
315
306
301
301
301
301
301
301
301
301
290
290
270
260
270
280
300
310
320
320
330
340
350
370
380
370
380
400
450
430
400
380
360
350
335
305
280
260
270
300
330
325
350
335
325
330
340
360
385
460
470
416
370
345
355
330
330
325
310
300
320
310
310
315
306
320
325
330
325
325
315
300
306
280
290
306
301
230
220
230
240
250
260
270
290
300
300
300
295
300
306
306
306
306
310
320
350
432
724
1070
1290
1280
1030
962
941
899
773
598
526
514
482
438
416
395
270
290
306
335
301
320
395
380
370
390
476
574
604
538
448
390
365
365
375
400
421
448
476
504
532
538
520
520
568
647
773
885
976
1060
1180
1290
1400
1490
1570
1610
1660
1710
1760
1820
1860
1810
1610
1430
1340
1340
1380
1420
1450
1430
1410
1380
1350
1290
1210
1180
1190
1190
1140
1150
1210
1200
1090
1020
998
969
934
906
878
822
808
794
787
773
731
689
675
654
628
586
598
622
647
654
710
787
815
864
857
836
759
710
675
610
562
562
568
526
432
370
421
421
405
390
380
375
370
370
360
345
330
310
292
288
257
205
213
213
225
225
225
217
209
209
201
209
213
209
209
209
209
213
221
221
229
237
237
241
237
237
241
241
221
217
217
217
209
197
193
193
197
189
189
189
185
189
193
193
201
209
213
213
217
221
221
213
213
213
217
209
209
209
209
205
205
205
201
201
209
201
201
197
201
205
205
209
201
205
205
205
205
201
201
205
205
201
201
205
205
205
209
205
209
209
213
221
217
217
221
265
257
257
249
259
271
263
255
252
255
284
317
308
353
415
593
867
1160
1830
2970
3220
2580
1790
1180
840
736
676
640
616
593
564
564
559
542
531
526
520
509
498
477
456
445
445
440
440
440
466
482
514
559
548
520
504
487
477
477
487
498
504
514
514
514
536
694
795
700
688
788
867
1150
1380
1380
1100
860
750
694
628
593
576
587
640
769
1060
1380
1620
1690
1540
1250
986
600
520
540
548
548
559
570
570
582
576
559
559
542
514
504
493
470
330
310
340
400
430
430
410
390
360
360
370
380
367
362
357
340
330
330
353
344
326
576
814
1400
2470
2840
2590
2440
2090
1720
1460
1280
1140
1040
951
895
867
834
821
814
828
881
972
1140
1200
1130
1010
944
930
930
895
840
769
724
676
676
688
658
628
604
587
582
570
542
553
559
548
548
559
576
593
610
599
587
582
576
599
634
788
909
944
979
1040
958
874
923
944
1180
1650
2300
2540
2450
2430
2250
1990
1720
1640
1680
1700
1700
1710
1690
1600
1510
1510
1560
1540
1440
1350
1280
1210
1170
1180
1220
1260
1310
1380
1400
1430
1550
1830
2150
2300
2230
2040
1850
1680
1570
1530
1520
1530
1610
1700
1720
1790
1820
1790
1690
1540
1440
1280
1140
1090
1070
1020
965
874
814
769
706
664
640
622
622
646
610
587
570
548
542
531
520
435
335
425
477
504
514
504
487
477
487
520
514
477
456
430
415
405
386
381
376
376
376
353
367
376
386
381
372
372
376
372
362
335
362
400
400
410
381
362
344
326
326
317
313
288
284
330
292
271
259
267
267
284
284
279
267
259
252
252
248
236
229
233
229
222
218
214
218
218
218
222
225
222
218
214
211
211
214
220
222
230
240
250
250
250
250
252
270
280
280
280
280
280
271
270
275
275
280
270
265
259
263
263
263
263
263
271
279
288
304
300
296
308
308
313
313
308
304
304
300
300
300
304
308
313
326
330
330
330
330
330
330
335
330
330
330
330
339
339
362
376
381
415
456
440
430
430
430
472
487
450
430
410
405
390
381
386
386
381
376
376
372
353
357
357
353
348
348
348
362
362
357
340
310
330
344
348
353
362
348
357
353
357
357
353
344
344
344
353
367
390
456
435
420
410
390
390
376
362
367
362
362
372
340
350
335
360
340
353
353
326
335
376
370
350
350
362
376
376
381
390
381
348
353
357
348
348
344
335
330
320
322
322
344
335
330
330
326
326
322
330
322
317
322
317
322
322
330
330
330
330
326
326
335
335
335
335
335
339
353
344
339
335
344
348
357
353
348
381
415
425
493
582
640
646
610
564
526
514
520
582
736
951
1170
1340
1510
1630
1690
1560
1340
1300
1310
1270
1350
1570
1740
1830
1850
1810
1730
1690
1680
1610
1430
1230
1080
993
951
923
867
821
795
769
756
808
874
951
1020
986
916
860
808
750
700
676
700
743
788
847
909
972
1010
1010
986
972
937
902
888
867
814
776
750
736
756
769
756
700
658
628
604
599
610
652
756
860
840
788
808
930
1020
888
776
762
847
860
795
743
670
576
548
493
482
445
415
410
381
381
381
376
381
357
322
348
348
326
326
322
317
308
296
296
300
313
279
240
236
236
236
240
244
244
244
240
225
229
284
317
317
326
288
275
259
229
244
244
244
233
211
222
218
214
211
208
208
208
200
204
208
204
208
204
200
197
197
200
200
197
197
194
204
222
229
229
233
233
233
233
236
233
229
233
236
236
236
240
248
244
248
248
255
252
252
248
248
252
244
233
240
240
248
255
259
263
259
259
263
267
284
284
279
284
284
288
288
288
300
300
300
300
300
296
300
304
348
344
322
322
322
326
326
322
322
322
322
322
326
335
335
344
353
339
335
300
300
300
310
310
310
310
320
317
335
344
357
372
390
376
376
405
435
487
536
514
450
410
390
400
456
610
724
867
874
628
500
400
400
420
440
492
1250
2480
5260
11300
14500
13700
11400
8680
5350
3690
3000
2500
2000
1800
1920
2030
1970
1950
1870
1870
1870
1900
1970
1980
2010
1970
1850
1680
1600
1530
1510
1520
1530
1560
1630
1730
1940
2350
2320
2450
2980
3550
4420
4520
3660
2990
2490
2280
2240
2090
1850
1690
1560
1440
1380
1360
1340
1310
1290
1260
1250
1270
1310
1340
1340
1300
1220
1210
1220
1210
1190
1140
1060
1030
1020
1000
993
979
979
986
1000
1000
1010
993
958
951
944
923
902
867
854
860
895
916
916
902
895
902
902
881
860
854
888
937
923
909
930
979
1030
1020
1000
1020
1020
986
965
958
951
986
1100
1150
1200
1280
1390
1540
1700
1790
1820
1860
1920
1970
2020
2090
2170
2230
2210
2110
2000
1870
1740
1650
1560
1460
1380
1300
1260
1250
1240
1220
1220
1220
1230
1240
1230
1230
1250
1240
1200
1110
993
916
854
814
808
782
756
730
712
694
670
652
652
634
610
599
587
582
570
593
622
676
808
930
944
909
854
782
712
682
670
664
646
610
582
559
564
559
526
509
482
461
440
430
420
410
400
386
367
367
357
335
322
313
300
300
308
308
304
304
304
304
304
296
292
279
271
284
300
296
288
279
271
255
259
271
275
292
335
330
313
308
313
326
330
344
339
339
348
339
330
339
339
330
313
313
308
300
300
304
313
300
296
288
284
284
292
292
292
288
292
292
292
292
304
313
304
313
308
304
308
300
300
296
296
311
307
307
311
325
307
316
320
320
325
325
316
329
338
338
334
348
357
357
352
352
348
348
348
348
343
338
338
338
343
338
334
334
334
338
338
338
343
348
348
348
348
361
366
390
395
390
395
404
395
395
395
385
385
390
400
414
404
380
348
348
338
395
380
376
380
390
395
400
395
395
390
385
385
385
376
360
330
350
350
350
350
350
330
320
350
350
350
370
360
360
350
350
350
350
340
329
366
409
444
444
464
439
390
371
361
357
361
366
330
300
270
330
395
385
361
338
329
329
320
320
316
320
325
320
325
320
325
343
352
352
343
334
334
334
316
311
320
325
334
325
325
325
325
334
352
385
434
459
449
429
439
439
404
366
352
361
424
532
669
813
891
965
965
878
937
1060
1110
993
788
750
800
800
650
460
460
650
750
900
1000
1200
1400
1500
1500
1600
1700
1700
1600
1500
1400
1300
1200
1200
1250
1320
1360
1330
1190
1060
993
979
1000
979
910
846
770
704
698
722
740
746
740
710
686
674
663
658
674
680
692
698
710
692
680
669
641
618
591
574
569
558
532
500
464
444
429
424
400
371
352
338
348
366
376
395
424
439
449
444
424
395
385
385
385
400
409
385
361
348
334
303
298
298
290
273
286
290
290
290
277
269
261
244
240
244
244
236
248
261
252
228
228
232
232
236
256
256
256
256
244
228
217
217
213
209
209
202
206
209
202
206
209
209
194
180
180
184
191
176
169
169
173
176
184
180
180
176
169
169
169
169
173
184
194
198
198
202
198
191
206
202
213
228
232
221
221
225
209
213
221
206
206
202
202
198
209
213
209
225
236
240
248
244
248
252
252
256
256
248
248
252
248
244
242
232
235
244
242
247
252
264
264
262
267
265
273
276
275
275
281
283
293
293
289
309
311
311
312
307
310
307
304
303
303
299
297
299
299
299
299
299
304
305
314
318
316
316
320
338
344
343
346
339
347
357
366
374
395
415
389
358
344
336
355
363
372
422
499
534
570
650
696
770
798
677
547
464
453
507
623
791
961
967
751
596
531
485
460
430
401
404
395
386
366
392
345
374
379
353
356
354
361
359
344
382
357
372
365
349
347
349
359
362
362
362
350
361
380
353
350
333
326
349
344
452
433
529
855
1230
1460
1440
1210
940
807
729
650
593
557
535
527
519
527
525
487
464
476
517
532
508
465
450
465
480
483
487
486
492
516
547
555
510
476
473
488
510
556
627
650
567
559
559
579
673
979
1360
1790
2070
1770
1400
1290
1350
1440
1360
1200
1050
979
944
868
801
771
774
822
873
947
989
1060
1190
1280
1290
1270
1270
1320
1350
1350
1360
1280
1200
1190
1180
1130
1040
1020
1060
1090
1110
1090
1100
1050
930
868
867
940
1080
1220
1360
1470
1630
1950
2620
3280
3420
3080
2590
2180
2010
2030
2270
2650
2980
3250
3360
3450
3560
3580
3490
3260
2990
2800
2680
2560
2420
2330
2290
2230
2130
1990
1860
1740
1640
1550
1460
1380
1310
1240
1170
1110
1010
924
878
872
865
872
852
800
746
698
658
619
569
553
527
511
490
469
439
424
390
366
352
343
338
334
329
329
325
311
307
311
303
286
269
261
257
252
248
252
244
257
252
248
236
232
240
225
228
228
217
221
213
209
213
221
217
213
212
214
201
196
205
210
211
213
209
213
206
195
210
214
221
218
218
218
218
214
216
208
217
225
222
219
221
227
233
239
236
228
232
242
239
231
233
245
246
240
239
242
242
249
251
252
255
267
281
298
327
344
321
310
312
306
307
304
305
306
306
305
306
310
309
308
314
317
319
327
333
321
325
334
330
337
348
336
332
329
329
329
329
332
335
336
335
334
334
334
334
338
338
341
338
334
333
330
328
325
320
316
323
321
308
315
332
326
296
341
338
346
349
331
288
308
298
290
270
240
260
280
300
300
300
290
290
300
300
300
310
320
320
325
316
316
310
300
300
293
290
280
280
290
300
310
320
314
325
310
289
320
350
378
459
448
406
390
393
394
384
390
390
386
380
360
295
262
282
410
406
401
398
391
387
390
396
405
420
420
430
440
450
455
426
425
455
561
751
875
1090
1420
1710
2050
2510
2740
2300
1700
1290
1040
944
869
794
746
728
704
641
574
537
527
516
521
516
516
506
485
474
469
444
429
424
424
424
424
429
444
439
429
434
454
459
469
480
464
464
464
454
444
434
439
454
480
469
459
469
474
469
454
439
434
404
390
385
390
385
385
385
385
371
366
371
371
366
352
357
361
361
352
343
348
357
366
366
366
380
385
376
376
385
376
395
434
429
429
444
454
429
400
371
348
320
316
325
325
325
320
329
334
343
334
307
303
311
299
290
277
277
265
261
248
230
217
222
228
228
227
212
204
195
183
186
186
194
199
192
192
183
183
184
176
164
168
184
183
182
172
173
162
155
162
164
166
159
162
159
146
149
149
159
159
166
166
166
159
184
225
213
206
201
195
194
186
202
202
202
193
189
207
229
268
297
304
311
322
317
302
284
266
248
236
232
236
229
231
224
218
211
212
212
208
212
201
199
204
205
208
213
211
217
222
230
238
244
240
242
240
247
247
250
253
247
244
238
245
248
248
246
252
250
251
259
264
258
274
282
298
315
305
291
289
280
281
288
300
306
306
302
299
301
299
299
299
298
305
320
317
317
327
326
325
325
327
327
347
371
358
365
380
356
340
354
354
371
412
417
383
374
384
382
378
366
354
346
344
346
325
352
350
333
351
356
345
378
399
401
540
592
488
450
435
391
392
351
340
360
340
380
360
380
420
400
350
360
360
370
370
385
390
403
442
497
360
360
400
420
376
440
440
440
400
400
380
420
467
443
400
380
380
420
450
480
500
450
500
550
540
520
500
480
460
440
420
405
389
409
472
531
683
905
895
769
678
652
634
614
583
550
533
514
503
470
460
456
457
451
454
445
444
427
432
438
429
429
424
406
398
394
398
404
432
506
669
878
944
898
904
1100
1340
1500
1560
1650
1820
2050
2390
2700
2960
3190
3340
3360
3200
3000
2920
2840
2640
2540
2550
2600
2680
2800
2830
2740
2540
2360
2340
2440
2480
2380
2320
2380
2520
2660
2560
2300
2060
1940
1880
1890
1890
1850
1790
1730
1660
1640
1660
1740
1840
1960
2080
2170
2250
2340
2350
2270
2130
2010
1920
1850
1740
1630
1510
1410
1330
1270
1240
1200
1060
929
911
888
841
794
757
741
735
733
790
860
890
871
797
706
654
620
580
557
534
523
538
523
511
519
517
493
488
470
452
424
399
388
379
360
354
348
339
329
312
309
307
302
299
301
285
279
271
269
275
263
255
260
264
271
278
285
280
260
257
262
258
248
250
256
244
251
258
241
239
238
225
210
205
210
216
209
202
193
193
200
203
209
207
207
197
207
211
202
193
205
217
213
215
220
210
207
208
224
221
218
224
228
228
238
242
237
246
246
246
252
267
278
273
272
277
281
277
281
287
280
276
280
291
306
313
294
315
325
318
327
334
344
341
326
323
335
344
353
361
361
352
343
343
338
338
334
334
334
329
329
329
329
329
329
329
343
348
366
376
361
348
348
343
343
338
338
338
329
316
314
309
313
316
316
320
315
316
314
311
305
296
296
330
338
337
319
331
310
322
322
326
331
343
372
440
519
512
476
439
420
445
590
788
1010
1270
1480
1250
843
732
621
518
481
468
480
424
430
410
430
460
440
430
420
452
491
550
609
791
1150
1500
1670
1750
1860
1940
2020
2040
2420
3300
5110
6760
5970
4540
3770
3030
2400
1930
1640
1470
1360
1290
1240
1210
1260
1320
1350
1350
1340
1380
1440
1390
1320
1290
1290
1270
1190
1050
957
926
893
854
826
827
849
879
933
966
970
991
1130
1240
1330
1510
1640
1570
1430
1350
1310
1320
1390
1410
1320
1200
1090
998
944
905
868
851
835
828
816
809
803
785
770
749
746
741
711
695
716
752
755
754
786
850
869
867
875
863
846
828
785
786
789
760
736
704
670
650
642
630
627
615
596
586
583
581
571
596
688
775
858
940
1080
1170
1190
1150
1090
987
904
876
885
935
1020
1090
1120
1130
1130
1100
1060
996
944
900
857
810
754
711
665
639
627
618
609
603
602
630
635
624
611
605
605
582
547
497
454
438
415
398
399
392
384
383
376
367
362
366
351
340
331
332
326
334
329
325
316
311
311
303
303
303
294
281
286
294
294
277
269
261
252
252
252
240
232
236
228
225
221
236
252
244
228
232
225
228
232
236
232
232
232
232
225
232
236
232
227
244
244
240
228
228
232
244
240
232
240
257
248
244
240
240
248
257
261
265
265
257
252
252
252
252
248
257
265
281
286
286
286
286
290
286
286
281
286
290
290
277
273
281
286
281
281
281
277
277
286
290
290
290
286
286
286
286
290
294
299
311
316
320
343
357
366
385
376
352
338
334
334
329
329
334
338
343
348
352
371
390
385
409
424
414
424
439
404
385
376
361
357
357
357
376
414
495
558
752
930
930
734
602
602
591
553
500
543
564
692
944
1210
1410
1320
965
740
624
580
559
531
460
440
440
460
523
480
440
420
420
440
461
440
449
435
400
380
380
380
400
400
400
420
447
441
440
420
366
409
453
601
852
1080
1530
2180
2940
3210
2850
2450
1770
1400
1200
1070
1010
959
926
906
881
858
802
783
781
768
733
716
735
817
969
1080
1190
1260
1300
1310
1210
1070
942
843
796
793
776
750
740
644
607
556
613
567
595
593
574
563
594
588
626
690
731
791
782
774
734
675
619
621
647
720
1060
1480
2010
3030
3780
4030
3780
3290
2730
2490
2450
2270
2070
2020
2040
2090
2180
2360
2550
2540
2530
2570
2610
2520
2380
2310
2260
2250
2280
2300
2210
2140
2050
2000
1960
1850
1720
1640
1620
1620
1630
1680
1760
1870
1980
2180
2490
2700
2780
2770
2840
2950
2910
2870
2900
2900
2860
2730
2550
2370
2210
2090
1990
1900
1850
1770
1730
1760
1820
1930
2140
2240
2230
2160
2080
1990
1830
1670
1540
1450
1360
1280
1240
1210
1160
1100
1050
993
904
846
846
839
771
720
686
669
675
710
746
767
745
683
612
574
558
533
496
474
466
462
455
468
492
487
444
423
404
398
391
382
385
399
397
395
390
380
367
363
360
354
354
341
332
322
325
310
299
282
268
255
260
261
249
259
256
253
244
244
243
245
243
254
248
236
239
243
255
258
267
261
264
262
268
263
259
265
268
281
286
286
283
281
281
281
283
273
273
268
264
268
274
279
277
276
276
284
287
295
304
313
339
346
343
371
385
366
371
366
361
361
357
352
352
352
352
352
352
352
348
352
357
361
357
357
361
366
376
385
385
376
371
366
357
371
380
385
390
385
380
385
380
380
390
390
395
400
414
424
414
400
390
385
404
424
409
404
404
404
414
424
439
459
449
439
434
424
409
409
424
434
454
439
400
404
404
371
343
404
400
409
414
420
410
357
380
390
385
294
400
420
440
419
400
385
419
409
414
414
410
410
410
400
371
361
357
361
366
371
385
361
357
366
400
469
591
813
1170
1200
1410
1610
1550
1080
734
613
564
550
530
510
490
470
449
444
474
480
474
464
459
480
516
586
630
635
698
788
846
852
979
1130
1210
1170
1010
944
1070
1270
1650
2750
4140
4340
4530
4970
4870
4210
3680
3270
2990
2820
2750
2720
2750
2840
2880
2790
2650
2550
2510
2510
2480
2350
2300
2280
2180
2040
1870
1730
1620
1520
1460
1410
1410
1440
1460
1460
1490
1560
1580
1600
1590
1560
1540
1530
1510
1510
1550
1510
1400
1280
1200
1150
1110
1090
1080
1080
1070
1070
1100
1150
1200
1230
1260
1270
1290
1330
1380
1440
1500
1530
1520
1490
1440
1380
1350
1350
1370
1390
1410
1430
1400
1370
1350
1330
1280
1180
1040
953
903
870
870
873
866
860
834
801
771
755
738
699
666
637
625
602
563
532
493
485
471
449
437
406
390
382
374
377
373
368
363
364
360
359
341
329
330
323
321
307
307
306
301
292
283
284
289
292
285
277
274
272
280
276
266
268
263
258
262
257
258
245
239
236
237
226
219
231
227
223
222
225
225
221
223
218
223
228
233
232
225
230
242
258
255
252
253
251
242
242
247
239
245
247
245
236
247
258
263
265
266
259
262
269
276
273
275
278
287
286
278
280
281
290
290
290
291
300
303
303
302
302
309
312
311
306
305
314
315
307
303
304
310
318
330
342
356
373
389
390
378
367
360
355
352
349
347
344
342
337
338
341
341
338
338
341
343
351
363
364
367
376
369
362
366
363
362
365
359
357
363
363
361
362
361
365
369
360
352
343
348
361
366
371
366
366
361
361
366
385
316
300
280
260
260
260
260
260
260
260
280
300
320
360
440
537
630
698
746
728
658
580
527
495
459
404
400
424
375
407
436
357
380
400
380
380
400
420
470
520
772
860
752
762
830
709
579
486
476
439
409
419
404
390
376
395
395
390
380
376
385
395
400
434
480
480
485
495
506
495
480
464
459
469
444
429
414
400
395
395
404
414
429
485
564
580
613
669
674
619
575
532
506
490
490
500
511
575
537
490
449
429
429
434
429
424
416
410
416
408
411
427
453
459
458
441
443
446
428
411
403
398
415
451
488
491
486
499
523
543
565
573
570
566
582
602
588
547
494
500
534
561
586
594
649
722
794
817
800
782
755
741
739
730
701
680
671
665
640
632
615
600
606
614
653
643
608
573
541
556
558
540
572
620
592
547
506
460
430
437
426
395
359
346
333
313
301
306
284
282
275
278
279
280
273
280
273
263
255
245
237
248
247
243
244
246
233
232
227
226
223
207
197
198
190
194
200
196
186
181
167
159
165
163
174
187
188
192
193
204
225
221
216
212
212
203
193
201
205
195
193
196
192
190
191
208
213
204
202
209
207
205
202
193
191
183
191
196
201
195
181
177
186
192
204
203
203
203
193
178
182
205
213
212
217
219
212
208
218
219
209
205
206
214
216
222
229
232
241
245
251
270
279
274
278
286
300
299
292
277
268
268
272
272
277
282
282
287
287
291
287
287
287
287
291
287
287
296
301
301
320
335
350
355
350
340
325
315
310
320
325
310
320
320
330
350
360
388
415
465
610
753
920
1160
1520
1960
1830
1440
1240
1200
1130
955
818
727
662
629
616
597
616
714
976
1270
1580
1740
1500
1170
983
892
983
1210
1280
1140
976
885
785
720
779
864
983
1200
1270
1120
1060
1060
990
864
850
885
892
983
1120
1280
1030
824
700
690
690
690
690
690
690
690
690
690
700
800
1100
2050
3450
4840
4950
4390
3880
3120
2350
1960
1750
1560
1420
1290
1220
1150
1120
1090
1020
920
885
871
798
720
733
733
720
714
707
707
688
707
707
727
740
727
701
636
616
597
554
597
655
733
805
805
857
871
759
746
805
878
844
720
714
857
1000
1120
1270
1330
1510
1730
1910
2350
2910
3070
2770
2430
2240
2100
2030
2060
2090
2480
2740
3210
4580
4900
4550
4170
3850
3300
3090
2950
2630
2340
2150
1970
1870
1790
1720
1670
1660
1660
1690
1730
1780
1770
1760
1790
1850
1890
1900
1870
1800
1690
1600
1580
1610
1700
1800
1870
1940
1990
2060
2160
2280
2360
2350
2300
2210
2110
1980
1860
1760
1690
1630
1540
1430
1340
1250
1180
1160
1160
1180
1230
1270
1280
1270
1240
1200
1160
1150
1150
1150
1120
1070
1000
948
892
831
785
772
753
727
694
655
629
603
590
572
554
524
500
470
448
432
410
382
377
371
360
355
377
382
388
393
421
443
454
437
410
388
377
360
345
345
340
330
325
325
325
320
325
320
315
305
301
301
301
305
310
310
305
305
296
296
296
287
277
272
268
268
268
272
272
272
263
268
272
272
272
277
268
263
259
254
250
254
259
254
250
250
250
250
259
268
272
272
272
268
272
272
272
268
263
277
277
272
282
282
277
268
263
272
277
277
272
272
282
291
296
301
310
320
325
320
330
335
325
325
325
320
320
310
320
330
335
335
340
350
355
355
360
360
371
371
371
388
382
377
377
371
366
366
371
371
377
382
377
377
377
377
371
371
377
382
377
382
388
377
377
377
377
371
377
371
371
377
366
366
377
388
399
410
410
393
393
388
377
382
393
404
399
404
410
410
415
410
404
421
437
415
388
377
400
380
360
370
370
370
365
360
370
370
370
375
380
385
390
360
370
365
360
360
365
360
360
360
355
350
355
350
350
377
393
393
437
443
404
380
350
315
377
421
404
366
377
399
415
421
443
488
518
597
707
772
642
518
448
432
421
399
399
371
382
399
415
459
616
885
1090
1240
1330
1260
1080
1050
1060
1160
1210
1120
962
844
792
714
668
655
694
871
1170
1330
1140
779
746
785
1010
1190
1030
766
779
871
913
824
766
740
714
701
681
675
655
675
694
753
831
934
1030
1050
1000
976
969
1050
1190
1330
1480
1620
1750
1910
2060
1990
1830
1790
1830
1930
2090
2260
2390
2400
2200
1920
1780
1780
1820
1870
1900
1900
1910
1940
1990
2050
2090
2090
2120
2130
2090
1940
1830
1780
1760
1720
1690
1650
1620
1600
1600
1580
1590
1590
1580
1510
1440
1370
1290
1200
1100
1000
948
885
831
792
766
733
707
701
694
662
642
629
629
610
584
542
506
482
465
443
410
415
415
404
393
382
371
377
382
399
432
465
465
488
512
500
488
470
459
426
388
366
355
366
366
360
350
345
350
340
340
330
310
291
282
277
287
282
263
254
245
250
254
254
259
263
272
282
287
287
282
272
268
268
272
277
272
272
268
268
272
272
263
259
259
259
259
259
250
254
263
277
277
282
296
291
282
287
287
282
282
282
282
277
268
268
277
287
291
286
296
296
296
310
310
315
340
360
355
350
350
350
360
355
345
340
340
340
345
345
340
345
360
376
376
388
398
393
382
382
382
376
376
376
376
376
376
382
393
382
382
371
366
371
376
388
393
388
355
345
360
371
355
355
360
366
371
366
360
340
355
371
393
404
410
432
476
506
482
459
448
437
420
366
371
398
410
398
371
350
366
360
382
388
393
410
420
437
426
420
393
366
360
437
420
410
398
388
388
388
388
366
371
376
371
382
393
393
382
376
355
345
355
355
366
345
330
340
355
350
350
350
350
350
350
350
277
420
366
350
350
360
360
340
360
371
388
382
388
393
398
388
376
366
371
371
420
459
636
850
871
778
584
488
437
442
420
420
426
437
476
572
648
603
548
530
578
629
778
976
1080
955
850
885
892
878
885
830
759
694
662
668
804
857
792
785
864
969
1040
1040
1050
1080
1050
990
927
885
824
811
798
746
726
707
700
726
752
766
798
857
878
850
837
804
792
830
892
962
1010
1050
1060
1060
1080
1080
1080
1110
1120
1100
1070
1040
1010
969
899
857
818
772
726
681
668
655
642
616
603
596
578
590
603
566
536
524
512
470
437
442
437
432
426
420
388
360
325
315
305
310
315
305
301
335
366
340
345
345
350
340
340
330
325
335
330
315
296
296
310
320
320
315
310
301
296
291
272
268
268
268
268
272
259
237
223
228
219
211
211
203
207
211
219
232
254
277
305
296
286
286
296
291
277
263
263
259
272
315
345
355
345
330
325
320
301
310
388
388
335
301
282
277
277
259
250
245
250
250
245
241
245
245
250
250
254
254
250
250
245
245
259
277
286
286
282
282
282
272
263
259
259
272
277
272
282
286
296
301
301
291
296
291
291
286
286
291
286
286
286
291
301
296
296
296
296
291
296
296
301
310
315
315
315
310
310
310
310
305
305
305
305
305
305
305
305
310
315
315
315
325
330
330
330
320
320
315
315
310
310
301
277
250
291
320
325
330
330
305
320
315
310
315
320
310
290
305
305
330
320
300
295
290
290
295
310
320
320
310
315
301
290
290
305
290
280
301
315
295
290
270
270
280
280
290
300
310
310
310
300
290
285
280
285
285
285
285
285
290
290
280
275
275
280
280
296
301
305
310
301
296
301
310
315
320
325
335
330
330
330
335
335
330
335
335
335
340
350
355
345
330
325
320
330
325
330
325
320
320
315
325
325
335
335
340
335
330
330
325
315
320
320
315
315
315
305
320
330
340
335
320
310
320
315
310
310
305
310
301
286
310
296
296
325
355
350
315
291
291
296
272
241
232
237
232
228
215
215
207
215
203
190
190
190
190
198
207
215
228
241
241
250
250
254
268
286
335
382
376
340
335
320
310
301
291
268
254
263
268
296
345
350
340
335
305
282
259
250
241
219
215
207
203
223
228
301
368
358
344
320
306
292
274
269
265
243
230
226
222
205
189
182
197
174
156
148
152
167
167
178
201
197
178
174
163
159
145
145
145
145
145
152
152
148
141
134
141
131
131
134
141
127
120
120
127
145
141
131
141
152
156
145
141
148
152
152
148
152
141
141
145
138
145
156
163
159
156
152
141
148
163
170
170
174
178
189
197
197
197
197
197
189
193
197
186
182
174
170
159
152
163
178
178
186
193
209
238
256
265
265
269
274
269
274
296
310
301
292
310
358
343
306
283
274
265
243
260
260
260
265
265
265
265
260
260
251
269
269
269
265
269
269
278
283
283
278
283
287
278
283
283
278
278
278
283
283
283
278
278
274
269
274
278
278
278
278
278
278
256
174
256
287
433
407
413
438
551
681
681
562
521
504
470
476
481
459
418
413
387
373
392
413
476
649
869
1220
1600
1500
880
720
570
746
766
720
766
746
623
574
587
617
693
649
533
504
587
668
760
869
834
882
1140
1430
1590
1580
1570
1710
2010
2280
2220
1920
1590
1330
1130
968
814
687
649
642
599
568
562
545
533
580
593
649
841
975
1140
1310
1370
1210
997
807
700
681
636
611
568
574
605
611
649
687
753
834
882
896
869
820
773
740
740
814
939
1090
1310
1490
1550
1840
2150
2080
1760
1450
1270
1120
1030
990
968
961
961
1000
1080
1190
1390
1500
1440
1350
1290
1300
1360
1470
1670
1990
2350
2480
2460
2380
2360
2400
2500
2300
2100
1800
1600
1500
1480
1450
1450
1420
1370
1350
1350
1350
1320
1280
1250
1250
1300
1350
1400
1400
1390
1410
1410
1390
1380
1350
1300
1270
1250
1270
1300
1330
1340
1300
1280
1350
1430
1460
1410
1320
1230
1170
1130
1120
1100
1080
1030
968
904
841
780
733
687
661
636
605
593
568
551
556
556
556
551
533
539
533
527
510
504
498
498
487
476
476
476
492
515
504
498
481
487
476
444
413
407
402
387
373
373
363
353
343
320
310
306
306
296
292
287
265
251
247
251
243
243
234
226
222
218
213
201
193
189
186
186
186
182
186
189
189
186
182
186
178
174
170
174
178
186
197
213
222
222
222
222
218
226
226
222
218
213
218
222
226
230
234
247
247
238
247
256
260
269
283
310
306
306
310
306
292
283
274
274
274
269
274
278
278
269
256
251
251
247
251
251
256
260
260
260
265
265
260
260
265
269
269
265
265
269
269
260
265
274
269
274
269
269
274
274
274
274
274
274
274
278
283
287
287
283
287
287
283
287
225
215
250
275
285
287
278
301
296
292
292
287
283
283
278
278
274
274
296
315
325
320
306
296
287
250
245
270
310
301
283
265
260
275
290
320
315
310
305
315
373
387
334
292
285
280
290
280
270
260
250
240
280
305
305
305
300
295
320
325
587
539
630
875
787
459
377
358
339
325
320
310
310
306
296
280
265
265
265
270
290
300
295
295
285
292
310
329
334
348
363
382
392
481
617
700
681
487
459
418
387
363
353
348
343
339
334
339
363
368
377
377
373
382
423
515
642
780
904
889
820
814
827
807
760
753
800
766
687
655
617
568
545
515
510
521
533
545
545
521
498
476
459
459
449
444
444
459
492
510
527
533
527
510
492
470
470
492
521
521
492
470
465
470
492
521
521
533
539
551
587
617
674
713
760
827
882
953
1030
1030
1010
980
940
900
870
850
793
793
807
793
766
760
753
726
700
687
642
568
498
465
449
438
423
402
387
373
363
353
353
358
348
334
334
329
315
296
287
292
310
315
334
329
296
283
269
247
230
226
218
209
201
189
193
193
197
197
193
182
178
182
193
189
178
186
193
182
174
167
148
138
138
141
138
127
134
138
127
120
117
124
124
131
131
134
131
134
134
138
141
141
148
148
145
141
141
145
145
156
174
178
170
167
174
186
201
218
226
218
205
213
213
218
226
234
256
265
260
256
251
247
243
234
234
230
213
205
209
205
189
189
186
189
193
201
201
209
205
201
193
193
197
201
209
218
226
226
226
234
238
234
226
226
230
218
218
222
230
243
251
278
310
315
301
301
325
334
339
343
348
368
402
392
368
358
339
329
329
329
329
348
363
363
343
325
310
306
301
296
296
310
329
348
413
454
428
373
339
353
368
397
433
387
358
363
373
423
433
476
720
911
800
617
510
449
413
382
358
310
343
363
325
325
334
343
329
325
329
329
306
306
320
306
278
292
334
348
373
449
481
454
433
481
562
510
438
387
593
918
1390
1940
2690
3500
3560
2810
2090
1670
1120
896
800
726
674
623
460
420
400
390
450
470
504
545
649
814
740
746
720
617
574
562
545
533
521
515
521
593
733
1040
1460
1900
2220
2100
1640
1290
1090
1030
1060
1090
1110
1060
1000
975
1000
990
968
946
889
820
766
753
773
766
773
841
780
740
746
740
760
766
713
674
655
623
605
580
551
539
539
533
539
539
533
545
580
655
668
661
674
661
617
593
593
630
655
668
707
773
841
932
1050
1170
1250
1290
1320
1360
1400
1440
1490
1570
1610
1630
1580
1500
1440
1410
1430
1440
1410
1360
1360
1350
1280
1210
1150
1090
1020
946
882
834
793
766
733
720
687
668
636
599
568
521
481
459
459
465
470
454
444
428
402
368
348
358
387
402
402
428
423
397
392
402
392
387
392
418
418
413
423
433
407
358
343
343
353
348
368
363
334
315
300
288
272
262
254
252
256
247
238
243
256
251
226
218
209
197
182
167
156
156
152
145
141
141
138
131
127
131
127
120
115
117
124
120
124
124
117
120
120
131
131
138
148
145
152
163
159
159
159
170
178
178
182
186
186
189
201
205
201
201
189
193
193
197
201
209
213
226
238
251
260
251
247
260
260
251
251
251
247
238
243
230
234
234
233
230
226
226
230
226
230
226
230
243
251
256
265
274
292
310
334
325
315
306
310
310
310
320
329
329
325
329
320
320
320
320
320
320
320
320
330
330
330
340
340
335
330
330
325
325
320
320
325
330
330
340
335
335
340
345
340
340
340
340
340
360
370
390
420
450
430
350
310
370
380
380
370
360
350
345
335
325
329
325
329
348
358
392
418
418
465
556
574
551
487
449
418
397
377
368
377
373
363
353
348
339
334
329
329
329
325
334
339
339
343
343
348
353
368
368
368
373
377
397
433
433
402
353
300
300
300
300
300
300
296
292
301
310
329
392
521
800
1110
1220
1240
1230
1040
997
918
787
713
661
623
587
551
521
521
533
515
504
504
492
492
492
487
470
454
438
438
438
444
449
459
454
454
487
481
454
454
459
539
855
1050
939
753
740
707
642
599
580
539
515
510
510
504
492
470
459
454
449
444
459
481
515
533
574
623
681
720
746
800
855
896
918
882
820
773
746
733
700
681
668
674
661
611
568
510
476
449
428
418
407
423
433
433
459
454
428
413
402
407
428
438
413
382
368
358
339
325
306
306
306
292
292
287
283
287
306
301
306
310
296
283
260
247
230
230
218
209
189
178
177
186
170
163
163
167
178
170
174
174
170
159
159
170
186
178
156
152
152
156
152
148
138
127
120
124
124
110
98
98
106
98
95
103
115
115
117
115
106
106
103
110
106
117
112
110
112
109
110
112
115
117
117
117
120
124
115
110
106
110
112
115
120
124
124
117
110
115
117
120
124
131
141
138
134
138
141
148
148
145
141
145
152
163
170
156
148
152
159
163
167
178
186
205
218
222
238
256
251
243
234
230
234
256
260
266
294
299
299
309
306
294
287
282
278
274
269
267
265
265
265
265
265
265
274
274
278
289
290
283
283
283
281
283
279
278
276
274
274
288
303
309
322
400
523
682
980
1270
1250
876
686
780
940
1120
1270
1090
772
573
485
475
487
527
648
743
710
656
768
856
744
674
644
614
683
785
1000
1270
1470
1560
1900
2650
3820
4200
3670
2650
2100
1720
1600
1540
1370
1140
958
749
665
630
580
640
660
640
680
700
660
640
640
620
610
610
610
600
610
590
580
560
522
554
583
602
689
694
705
554
534
528
492
500
492
420
474
455
461
423
424
407
429
562
937
1610
2220
2860
4390
5510
5750
6100
7700
8650
8170
6820
5490
4590
4060
3500
2980
2750
2650
2490
2260
2010
1810
1690
1650
1590
1590
1660
1650
1640
1700
1700
1600
1510
1470
1420
1310
1210
1140
1090
1080
1080
1070
1060
1070
1060
1030
997
1070
1090
1090
1090
1090
1100
1230
1560
1920
2190
2840
4180
4500
4120
3330
2670
2370
2190
2020
1890
1820
1810
1850
1920
2020
2110
2200
2300
2380
2430
2450
2470
2530
2580
2610
2580
2540
2500
2470
2400
2260
2090
1960
1900
1880
1890
1920
2000
2060
2030
1940
1840
1770
1710
1670
1660
1650
1610
1550
1450
1360
1290
1250
1180
1160
1140
1080
999
918
859
821
811
812
805
777
741
726
692
700
708
732
742
718
690
663
647
630
636
667
699
703
678
676
690
662
622
593
566
534
506
473
444
422
397
377
371
372
367
354
338
339
324
308
294
293
281
285
290
292
292
272
269
282
285
284
278
273
264
256
250
252
238
232
244
242
226
226
230
232
249
250
241
226
221
225
214
205
219
233
241
249
249
235
228
230
234
231
222
223
225
241
248
250
255
254
245
251
260
266
285
292
302
329
334
325
318
306
300
306
318
328
325
325
327
323
325
339
342
350
354
349
343
335
315
304
315
332
336
330
331
335
336
343
346
346
355
362
377
399
390
396
420
399
379
368
362
370
368
366
366
365
362
360
354
347
344
341
345
366
389
408
417
406
390
391
378
345
351
377
403
422
451
455
435
418
429
463
476
529
527
425
418
431
398
398
414
435
548
782
995
1000
789
749
806
758
667
500
450
430
430
420
420
410
410
410
420
426
445
493
583
725
870
720
546
491
471
460
459
467
534
619
767
906
776
630
602
645
791
1010
1070
1250
1350
1220
989
844
729
643
569
531
528
536
544
589
688
893
1120
1250
1330
1370
1370
1500
1510
1600
1770
1860
1770
1770
1830
1920
1980
1920
1780
1660
1600
1660
1750
1840
1960
1970
1880
1770
1820
2030
2410
2700
2950
3260
3590
3180
2570
2110
1840
1650
1550
1500
1490
1450
1410
1380
1370
1630
1870
2230
2790
3480
3760
3310
2700
2200
1860
1660
1580
1560
1530
1440
1360
1290
1230
1190
1200
1250
1330
1450
1590
1720
1840
1940
2060
2140
2170
2110
2010
1950
1920
1980
2060
2110
2080
2050
2070
2100
2070
2010
1960
1870
1760
1680
1640
1630
1650
1670
1680
1730
1790
1880
2000
2140
2300
2480
2660
2840
3000
3120
3190
3230
3230
3190
3090
2920
2700
2480
2280
2100
1960
1860
1790
1740
1690
1590
1480
1370
1270
1190
1110
1030
962
891
826
788
769
741
706
678
690
727
746
849
881
813
744
693
659
641
633
609
569
530
511
501
501
515
511
505
481
445
406
411
411
415
419
403
394
385
367
363
349
331
327
314
314
318
307
297
290
292
304
310
306
312
307
315
314
324
316
330
382
407
406
435
462
454
414
388
367
352
347
337
348
354
344
334
339
333
314
312
312
312
306
308
301
301
303
303
301
301
305
312
318
323
345
356
356
345
343
330
316
320
330
330
330
331
346
351
357
357
357
357
366
366
366
366
366
366
373
375
373
367
375
382
390
392
385
376
380
387
393
405
421
421
421
421
421
423
421
428
430
432
442
471
482
479
476
484
496
557
620
590
580
580
570
560
570
580
570
560
560
560
560
580
600
610
600
590
600
660
770
840
900
930
950
980
1100
1300
1600
1800
1600
1350
1110
670
340
540
720
780
780
990
1080
791
863
1090
1240
1110
906
813
756
738
704
692
671
660
678
613
512
484
478
457
484
484
523
503
512
525
510
531
577
563
532
520
502
491
478
471
462
471
485
501
532
558
609
674
652
679
865
1100
1200
1040
938
794
717
741
867
976
907
792
746
698
677
723
807
904
1020
1150
1140
1060
1030
1050
1140
1270
1440
1620
1810
1980
2120
2350
2720
2870
2730
2380
2180
2160
2320
2540
2570
2520
2420
2320
2310
2320
2280
2140
1980
1850
1770
1710
1720
1780
1860
1820
1830
2030
2220
2170
1970
1790
1640
1590
1640
1770
1910
2020
2090
2100
2010
1900
1850
1850
1830
1780
1710
1640
1600
1620
1650
1670
1680
1730
1760
1720
1680
1700
1740
1800
1930
2150
2460
2700
2820
2730
2490
2230
2050
1950
1880
1840
1820
1850
1890
1880
1830
1760
1670
1600
1550
1520
1470
1430
1420
1460
1500
1550
1550
1480
1390
1290
1200
1110
1000
926
871
834
812
811
813
787
769
739
717
705
700
682
672
656
634
622
587
546
544
542
536
515
500
486
474
450
441
439
422
416
420
390
356
351
358
378
374
361
366
346
346
337
338
324
330
333
327
311
309
309
298
291
291
287
280
280
275
270
265
256
263
259
264
274
274
275
273
278
277
264
255
253
285
337
367
431
465
421
381
356
338
332
319
315
315
315
310
310
310
310
310
310
320
330
330
330
330
330
330
330
330
330
330
340
350
360
370
380
370
370
370
370
370
370
380
390
400
410
420
433
425
423
427
422
423
425
423
414
409
413
413
420
430
428
427
422
440
471
514
576
581
528
502
490
501
517
566
649
822
894
826
716
644
610
619
620
630
645
607
561
574
589
549
531
510
494
497
474
455
485
457
400
370
400
440
457
480
544
541
496
410
350
375
350
310
325
420
500
450
410
375
387
424
411
411
395
360
350
355
395
406
401
402
407
421
418
406
395
380
370
385
394
397
395
386
386
388
386
381
376
367
377
350
340
374
360
391
350
320
347
360
350
371
415
413
416
395
391
391
401
404
395
399
405
421
433
425
420
421
424
454
518
581
608
553
518
541
561
497
466
475
464
455
446
447
483
593
694
726
744
834
979
1080
1130
1150
1150
1140
1060
945
913
1030
1110
885
742
724
779
954
1240
1440
1580
1690
1830
2050
2330
2580
2680
2640
2520
2330
2170
2050
1950
1890
1880
1900
1880
1820
1740
1610
1520
1450
1360
1260
1170
1080
1040
1030
1030
1020
1020
1030
1030
1010
976
922
881
835
794
780
754
733
708
684
654
650
642
643
648
649
606
570
557
548
556
584
621
692
714
701
710
719
684
644
625
605
587
561
545
532
510
487
459
454
456
437
429
391
403
408
400
380
369
363
375
358
348
323
312
301
327
333
308
293
300
284
266
254
252
247
237
236
235
220
214
201
187
192
181
196
193
195
206
215
216
218
214
230
245
255
252
246
230
224
221
201
188
191
193
202
212
216
201
208
212
220
240
266
278
277
259
254
271
264
256
246
224
225
225
230
227
231
238
258
271
272
275
289
367
450
487
457
419
407
396
392
383
368
363
357
343
336
335
337
331
330
325
315
322
333
338
340
341
342
346
347
355
356
355
349
342
335
347
351
357
354
349
349
350
354
362
376
400
408
420
433
414
395
381
373
363
374
371
374
373
371
367
367
370
371
379
374
310
300
310
384
392
379
375
315
370
313
370
340
360
320
360
340
339
380
385
386
372
378
385
396
403
417
434
456
451
330
330
360
410
415
360
340
350
340
320
330
330
330
330
330
340
330
320
320
339
340
354
372
395
409
418
435
539
570
470
453
452
442
430
421
432
502
832
1070
1220
1190
1080
954
766
705
628
544
506
504
527
604
722
903
995
996
986
969
850
739
622
550
502
493
498
513
543
723
1070
1470
2120
2700
3440
4250
4740
4700
4060
3300
3100
3160
3070
2820
2580
2400
2250
2140
2050
2060
2220
2350
2770
3750
4590
4680
4230
3660
3030
2590
2250
1990
1790
1630
1520
1470
1450
1430
1440
1490
1510
1490
1500
1540
1590
1640
1670
1680
1620
1540
1450
1400
1390
1400
1420
1450
1490
1490
1460
1390
1330
1240
1200
1170
1110
1040
1050
1080
1120
1180
1180
1130
1100
1060
1040
1010
956
944
973
1040
1080
1090
1070
1040
995
947
887
866
837
815
780
766
750
729
732
766
832
919
926
897
832
786
766
748
767
807
834
843
851
848
863
801
756
740
706
652
606
560
539
504
473
443
415
397
386
378
377
368
359
355
353
347
349
353
349
346
347
339
328
318
308
310
307
311
301
291
278
277
280
278
280
282
288
283
289
287
270
263
247
236
236
242
248
239
240
230
219
213
204
200
201
203
205
204
199
204
213
202
194
197
205
208
205
197
203
208
214
217
226
223
221
222
231
231
224
217
216
224
223
225
209
201
204
199
206
206
215
236
246
257
269
282
290
305
324
359
404
413
422
410
400
401
420
438
441
444
426
407
398
396
385
376
369
362
355
350
334
331
330
328
329
330
329
327
327
327
325
329
329
326
323
315
318
328
336
355
364
351
353
350
341
339
339
339
340
340
341
342
340
344
348
347
349
348
347
345
344
344
357
371
380
379
376
372
366
364
371
374
365
345
342
356
366
369
383
379
364
346
324
349
357
361
362
351
347
351
349
352
358
356
356
364
363
358
353
364
365
351
356
368
380
402
395
398
389
371
285
260
280
310
320
320
320
280
230
230
280
340
350
350
340
341
345
356
386
448
555
572
514
444
410
395
401
414
417
412
405
400
404
413
435
485
587
608
737
793
667
579
537
497
455
435
422
414
403
387
380
379
390
384
389
406
460
649
790
851
846
764
691
647
669
735
915
960
926
897
832
802
730
642
602
565
552
551
527
507
493
479
471
459
463
486
513
546
558
551
553
556
573
591
612
657
663
640
649
674
698
739
791
790
737
684
643
631
630
625
623
629
620
642
691
759
789
771
725
676
619
568
533
514
500
484
462
451
435
420
413
396
391
387
377
373
371
387
411
430
459
471
452
437
421
424
425
406
388
367
349
333
340
369
363
363
353
344
339
362
374
415
449
441
399
363
350
333
317
306
307
309
292
271
267
272
285
301
294
286
282
255
239
241
230
229
223
211
210
210
221
254
282
327
390
440
414
376
387
374
334
303
280
257
242
233
223
218
215
211
207
219
212
201
196
198
208
218
209
195
195
198
209
214
206
197
191
198
203
204
205
202
205
214
211
206
202
211
213
205
205
211
211
214
226
232
225
220
220
223
232
237
233
241
248
259
253
244
239
236
228
223
229
240
229
238
245
248
242
240
235
233
234
237
240
245
253
254
259
271
257
254
254
259
266
275
284
285
285
285
285
284
287
289
291
291
290
291
294
294
292
294
291
287
292
294
291
289
294
298
298
305
311
302
302
312
306
297
294
296
295
291
294
287
283
264
295
295
337
363
407
416
410
384
388
398
412
428
464
440
340
370
259
290
424
410
400
371
352
364
370
395
415
430
450
456
440
410
380
360
380
398
423
383
363
357
352
354
374
360
360
391
392
466
400
310
280
270
300
330
380
352
330
330
347
348
365
385
417
435
390
330
320
330
348
358
357
350
461
683
805
756
668
631
566
544
507
463
447
447
466
489
506
525
543
575
607
642
702
762
781
810
751
690
714
731
664
576
567
538
487
453
438
435
427
422
416
414
417
428
443
439
435
429
415
431
452
434
427
412
398
406
416
443
463
434
440
459
442
435
431
411
421
434
477
556
564
560
582
579
597
634
730
806
785
716
663
626
594
558
562
566
553
542
531
532
527
517
519
523
495
455
424
415
406
387
382
403
416
394
367
360
353
355
352
342
359
367
374
428
469
458
462
522
540
513
507
503
506
497
486
472
461
429
390
376
363
357
348
334
322
304
290
275
262
251
242
235
233
229
224
214
207
203
199
208
209
208
214
213
208
193
185
174
165
158
154
152
148
148
149
158
155
141
133
139
143
149
150
139
135
131
130
133
124
117
113
115
126
152
159
148
149
144
128
132
137
133
131
140
143
140
138
137
139
145
141
139
133
122
118
121
124
120
128
120
116
123
134
137
143
143
143
148
153
149
156
153
148
148
152
168
169
180
181
172
177
192
201
197
201
219
219
208
195
196
211
218
224
224
228
232
240
238
242
239
230
219
227
234
227
227
231
227
224
227
237
238
233
228
229
233
238
244
254
263
267
285
301
281
280
276
277
278
281
287
291
302
316
318
315
320
301
296
343
395
457
604
667
519
440
407
428
470
413
369
363
353
343
341
349
348
342
341
344
342
340
342
280
320
330
340
330
320
310
310
306
300
280
250
260
260
270
270
270
270
260
250
250
250
250
240
240
240
230
220
210
220
240
240
230
230
220
220
210
220
230
210
200
210
220
210
210
200
200
200
210
190
180
180
170
180
190
200
220
230
230
230
230
220
230
250
250
270
300
350
400
451
680
850
989
1010
991
898
786
701
649
571
597
849
1210
1550
1920
2280
2970
3810
4450
4410
3850
2810
2160
1900
1600
1470
1530
1590
1790
2000
2000
1980
2040
2000
1840
1830
1750
1760
1930
2050
2090
2020
1810
1650
1620
1660
1730
1800
1860
1880
1880
1880
1890
1920
1980
2030
2090
2130
2210
2340
2480
2420
2210
2000
1850
1710
1530
1370
1260
1210
1180
1170
1190
1230
1340
1420
1490
1550
1610
1600
1520
1400
1270
1150
1070
996
928
885
876
841
832
838
821
792
741
706
672
647
587
539
508
484
484
500
488
487
478
472
473
457
458
458
446
458
494
488
453
434
410
372
361
316
329
324
320
328
313
316
314
301
291
285
269
284
279
234
207
198
200
203
189
176
164
163
154
153
149
136
121
118
120
113
116
115
124
136
131
130
139
143
161
166
168
175
166
161
171
184
212
214
187
169
162
155
160
167
175
173
170
181
195
210
214
241
246
240
236
237
215
218
221
207
210
213
216
218
216
216
205
217
218
219
218
224
233
290
321
352
402
397
362
331
308
285
281
288
292
292
294
292
293
294
290
275
278
280
275
277
279
276
278
295
301
310
306
302
301
304
305
305
313
326
341
362
375
367
352
344
341
331
326
326
326
325
322
319
326
325
326
325
326
326
326
326
326
324
323
324
326
322
322
323
325
326
332
345
334
310
300
290
290
300
310
320
332
342
361
377
365
340
320
300
290
290
280
280
280
270
270
270
270
270
260
260
260
260
260
260
260
260
260
250
250
250
270
290
320
343
574
712
996
1070
883
628
508
503
488
434
404
370
340
330
330
330
320
320
320
320
320
320
320
320
320
310
310
310
310
310
310
320
320
320
320
320
320
280
270
270
280
280
270
260
290
310
330
356
391
456
524
557
579
620
655
710
787
841
813
737
679
644
586
584
543
504
476
475
477
503
542
567
592
598
579
567
562
570
560
563
565
541
518
501
492
493
505
513
516
500
506
513
524
524
516
508
487
469
467
478
502
518
495
476
468
456
459
530
585
546
510
474
462
441
402
378
355
336
327
309
282
262
248
237
228
228
224
230
230
243
235
228
227
240
254
288
318
351
389
371
338
332
359
392
419
455
488
482
444
402
359
338
322
290
259
242
235
220
201
192
215
223
220
233
239
224
220
209
211
198
179
181
177
169
163
148
152
160
155
151
154
153
155
154
147
149
154
148
153
148
140
138
132
132
144
160
151
149
139
122
131
138
138
136
128
118
108
106
115
118
115
111
119
137
125
130
133
129
123
127
129
147
151
153
165
201
219
219
214
216
210
198
187
164
167
170
160
160
168
166
153
147
150
154
159
161
152
139
131
123
129
151
169
164
157
160
161
151
141
137
142
176
189
196
220
234
235
234
230
233
230
217
219
231
232
228
217
218
227
233
228
227
225
217
211
233
243
254
254
255
256
253
250
253
250
253
257
265
269
273
270
263
265
267
269
263
262
267
265
261
265
267
274
276
270
270
274
273
269
269
268
264
268
272
270
267
265
261
258
267
264
266
265
253
259
266
276
278
285
287
272
270
265
260
250
240
220
210
215
220
225
230
230
230
235
235
240
240
245
245
245
245
250
250
255
260
260
270
280
300
330
340
350
377
366
339
326
319
300
290
280
277
275
275
270
270
265
265
264
265
274
281
303
309
319
312
303
297
291
289
284
288
286
291
296
293
292
293
286
283
283
280
278
278
274
270
281
289
301
326
368
423
436
485
390
334
324
316
312
304
307
302
303
299
301
299
328
344
335
323
324
337
361
371
359
339
325
320
342
420
411
395
373
352
355
376
387
364
341
336
325
317
311
327
352
371
374
351
351
366
391
428
451
468
482
476
447
402
397
414
403
404
383
377
398
426
408
406
411
432
442
444
476
522
529
541
605
693
775
881
896
844
758
672
604
542
502
464
424
433
418
366
331
326
313
316
323
299
260
243
224
227
218
207
199
200
188
192
207
209
206
212
215
219
203
210
203
213
233
251
256
254
224
202
189
171
151
134
120
111
119
116
119
128
139
144
160
175
165
154
157
159
156
153
146
149
139
134
131
125
133
126
122
128
130
128
131
131
131
123
100
99
99
97
98
100
112
110
116
113
133
125
132
120
106
105
112
120
121
126
122
110
106
98
95
91
96
112
131
143
136
132
134
137
135
125
131
130
131
133
135
130
133
138
131
135
152
163
153
162
168
166
164
173
180
198
197
209
216
214
211
211
217
217
209
203
192
202
213
209
212
211
211
234
233
238
243
243
249
262
255
244
244
240
239
240
247
247
253
257
248
248
253
258
251
248
246
248
259
255
253
264
262
258
252
259
256
262
281
281
285
276
261
252
252
262
263
267
279
286
290
280
260
258
254
248
252
261
246
284
267
240
245
250
256
262
274
268
257
262
267
269
265
262
258
254
259
267
271
275
268
261
250
250
230
200
225
250
268
264
261
220
210
230
254
270
275
263
257
263
274
299
310
297
289
278
274
272
271
270
273
273
273
275
274
273
272
275
280
284
286
286
280
281
287
300
316
333
324
326
303
283
283
286
287
293
291
291
290
287
290
290
283
278
275
273
273
274
283
287
293
294
291
287
283
283
282
287
280
280
285
288
294
300
306
307
283
291
286
289
287
278
269
282
289
337
413
369
362
364
352
340
372
410
354
314
294
292
289
277
248
232
224
200
182
158
148
144
133
139
135
126
139
163
157
129
110
111
114
124
133
123
126
117
105
100
96
97
96
96
91
82
75
74
79
91
92
88
89
86
87
89
87
85
89
89
91
92
91
91
95
107
115
106
111
112
102
91
89
88
81
91
95
98
97
102
117
140
152
144
129
117
104
99
102
101
104
111
109
107
105
105
107
104
106
101
101
102
103
101
102
98
93
90
85
78
73
72
70
68
70
69
66
64
66
61
61
77
81
75
75
83
83
87
81
78
76
73
68
67
77
93
98
97
92
93
91
97
101
103
123
131
141
136
118
116
112
110
117
119
111
115
132
136
137
123
128
127
123
141
146
136
141
135
134
124
127
130
139
162
170
178
182
187
180
176
177
185
193
189
175
157
160
175
193
197
205
220
222
224
227
229
224
223
228
231
249
261
292
314
315
327
337
311
283
265
257
254
248
242
235
233
239
242
235
234
242
246
246
256
252
250
252
244
232
241
245
252
252
254
256
250
160
225
240
235
230
270
340
315
270
225
255
255
275
300
285
315
330
315
310
295
270
290
335
342
350
325
335
305
285
330
340
330
325
310
330
330
290
340
315
345
350
330
340
340
350
345
360
355
370
325
385
355
350
355
345
320
325
315
305
290
285
290
285
293
308
318
336
384
462
519
521
484
421
386
270
192
341
476
355
478
399
358
337
324
320
289
294
312
310
325
397
514
618
748
916
1100
1310
1500
1640
1830
2010
2230
2740
3410
4110
4690
5160
5470
5150
4720
4450
4680
5260
5180
4480
3730
3040
2680
2440
2280
2300
2310
2340
2540
2730
2630
2340
2170
2110
2050
1920
1760
1620
1560
1620
1650
1780
1970
1950
1770
1640
1590
1590
1600
1580
1590
1570
1540
1560
1660
1740
1820
1950
2090
2140
2120
2130
2110
1980
1840
1790
1810
1820
1800
1750
1680
1610
1520
1430
1380
1340
1300
1250
1230
1260
1310
1370
1410
1390
1380
1440
1550
1660
1680
1650
1640
1650
1680
1620
1460
1250
1080
947
853
785
729
655
601
571
524
514
510
493
467
427
398
394
374
349
317
289
290
298
303
300
292
282
261
249
236
216
214
224
213
213
215
211
200
192
223
275
269
284
303
283
257
232
201
191
185
181
193
201
187
178
169
167
151
141
154
168
158
172
179
179
212
290
332
322
297
260
243
226
219
210
196
199
194
181
161
159
174
179
187
195
209
206
222
215
197
174
170
170
185
195
207
207
222
226
262
274
269
249
232
228
223
222
200
201
213
210
216
228
238
259
274
279
283
306
308
294
284
285
298
311
311
316
336
342
322
307
301
298
298
307
304
303
302
298
298
301
300
296
294
292
287
291
294
294
293
290
290
297
299
297
292
282
283
285
294
301
284
300
295
215
190
255
290
315
325
327
349
336
331
314
308
315
311
341
392
448
436
387
369
359
346
346
336
320
270
265
260
255
260
275
280
290
285
275
285
270
297
306
308
314
322
327
330
324
316
309
313
313
309
310
308
304
303
304
298
293
296
296
299
315
326
327
321
312
301
292
296
296
288
282
277
285
291
289
283
288
288
295
296
298
291
276
295
303
309
316
325
317
305
301
306
306
309
322
335
373
439
475
530
577
557
561
536
480
443
427
412
402
388
378
372
370
366
374
370
363
348
334
340
334
326
324
320
316
319
331
343
363
381
364
364
380
395
385
380
380
369
370
362
357
360
368
367
369
370
381
364
374
345
341
356
361
366
385
373
360
369
352
334
348
352
363
379
363
363
333
303
294
285
290
286
280
262
272
336
346
342
357
391
394
353
306
248
227
239
223
208
198
211
250
259
238
217
220
223
233
245
234
233
213
206
201
178
178
174
183
184
178
177
152
134
122
106
107
110
113
100
97
95
88
83
79
78
90
104
108
103
96
96
91
87
80
82
80
90
85
63
66
68
62
61
63
108
106
98
87
80
79
81
89
88
85
83
73
81
89
92
91
101
116
104
96
104
107
95
83
67
60
58
67
73
70
81
89
92
100
103
95
88
93
89
77
81
95
88
89
93
98
106
106
122
128
149
167
158
151
153
161
152
143
145
135
123
127
138
140
137
138
143
165
182
187
170
170
184
178
182
192
190
180
182
182
189
194
207
206
201
220
225
216
212
213
211
211
210
209
204
192
195
197
215
228
223
231
237
243
232
231
236
246
244
238
246
237
234
233
230
225
185
145
205
180
120
210
205
220
200
220
210
220
230
245
260
280
280
265
250
225
190
230
190
240
280
270
250
240
265
275
280
280
315
305
290
283
260
246
252
253
250
245
195
175
210
260
270
290
280
268
264
266
356
499
557
726
879
965
1110
1300
1480
1390
861
616
520
460
446
440
434
439
436
447
473
643
895
1290
1760
2210
2540
2580
2200
1560
1200
1040
926
830
753
701
660
617
543
528
563
597
686
744
698
657
632
616
616
610
594
601
617
638
672
820
1040
1010
862
873
1130
1470
1820
2110
2310
2390
2240
2090
2190
2240
2080
2100
2230
2320
2350
2190
1960
1830
1690
1550
1470
1400
1330
1230
1160
1100
1050
1040
1070
1230
1510
1930
2360
2560
2450
2150
1970
2030
2170
2110
1890
1740
1590
1470
1400
1320
1210
1140
1140
1180
1270
1360
1510
1700
1810
1910
2020
2050
2020
2010
1990
1910
1820
1720
1670
1650
1630
1550
1450
1380
1360
1360
1370
1360
1350
1360
1390
1390
1330
1280
1210
1140
1080
1040
1010
972
962
944
909
902
929
913
894
815
731
671
644
674
748
871
952
928
904
949
979
972
896
788
693
612
581
555
533
506
478
462
461
455
470
455
473
471
442
413
402
388
409
441
470
462
460
450
469
510
462
411
374
367
374
343
331
332
318
303
298
314
305
279
261
246
244
235
233
224
208
212
216
219
215
212
222
230
215
199
187
176
189
180
167
174
166
174
178
170
157
142
153
157
165
161
154
158
157
152
160
162
166
173
187
190
184
223
225
212
207
210
204
183
189
184
181
191
205
209
219
236
239
238
241
235
248
261
267
265
267
272
269
275
287
284
280
276
270
264
266
269
270
272
272
272
275
280
277
274
275
279
277
276
274
272
276
276
278
281
282
279
289
293
282
285
293
286
283
284
282
282
283
287
286
285
287
289
292
303
302
309
312
318
349
383
367
391
425
488
460
434
465
619
825
1030
1350
1450
1330
1270
1030
816
704
637
574
465
360
370
390
420
448
526
667
846
1220
1490
1420
1200
1040
893
811
782
800
974
1170
1090
882
787
769
820
857
798
717
649
623
584
572
574
540
530
583
584
562
570
560
549
540
582
691
1070
1740
2570
3820
5420
6330
6070
5180
4280
3520
2870
2560
2400
2450
2670
3020
3450
3740
3860
3690
3150
2530
2160
1960
1830
1730
1720
1790
1940
2090
2250
2300
2110
1930
1920
2020
2090
2120
2090
1960
1770
1660
1590
1560
1540
1530
1500
1500
1500
1460
1430
1410
1420
1540
1630
1570
1490
1470
1620
1770
1700
1540
1430
1390
1410
1470
1540
1610
1630
1600
1530
1480
1460
1510
1570
1580
1550
1500
1470
1440
1470
1660
1860
1930
1890
1820
1730
1660
1620
1610
1580
1520
1440
1340
1260
1200
1140
1100
1080
1110
1230
1410
1640
1820
1940
2100
2240
2290
2220
2140
2070
1920
1730
1550
1390
1250
1150
1050
975
887
811
773
718
677
636
625
620
587
567
567
539
498
476
488
493
462
458
423
428
442
488
520
552
554
577
601
548
499
469
422
387
362
332
316
311
304
306
299
286
276
292
299
276
260
243
233
232
230
223
215
201
200
187
183
182
191
177
167
170
158
152
155
154
150
154
151
143
145
142
143
167
176
183
171
147
141
151
151
157
161
158
158
173
197
181
166
164
168
170
178
189
188
217
228
220
217
234
237
230
221
220
215
226
251
284
308
299
291
275
262
261
265
258
265
265
271
263
262
271
272
276
263
254
249
251
260
261
262
260
267
269
274
286
292
293
306
320
324
333
326
320
330
341
344
359
356
348
340
339
335
330
329
330
328
323
319
312
316
320
316
317
317
320
314
316
320
358
381
443
562
592
553
555
563
521
504
478
448
443
437
422
424
428
498
527
595
627
690
821
1030
1290
1510
1480
1240
943
722
633
544
531
510
516
499
479
481
562
748
960
1220
1440
1900
2960
4380
6800
9840
10300
8330
6040
4770
4020
3340
2750
2420
2230
1700
1300
1200
1430
1500
1440
1480
1470
1380
1230
1060
978
1000
1060
1250
1630
1970
2260
2440
2350
2430
2550
2380
1990
1700
1480
1410
1300
1280
1320
1300
1230
1150
1210
1370
1470
1560
1560
1440
1310
1190
1070
961
897
896
955
1010
978
979
991
978
946
942
985
983
1000
1030
1090
1180
1160
1050
985
996
1070
1120
1120
1110
1150
1260
1330
1370
1350
1370
1390
1430
1490
1510
1460
1410
1370
1320
1240
1190
1150
1110
1070
1040
1010
976
955
929
909
903
898
907
965
1030
1230
1480
1720
1940
2120
2260
2310
2210
2040
1920
1850
1810
1780
1730
1620
1480
1380
1320
1240
1150
1080
1040
1010
982
987
989
971
931
883
837
800
748
721
729
746
800
805
785
755
741
733
699
681
669
663
660
689
711
677
626
588
578
603
615
635
650
604
564
496
464
443
441
440
427
413
417
415
394
405
407
416
415
437
441
457
463
417
359
334
312
287
265
262
257
249
235
225
226
242
274
263
243
233
213
213
195
179
181
207
196
274
355
379
316
251
219
193
181
177
177
185
193
188
178
181
187
179
173
169
170
188
187
208
228
238
236
207
201
217
209
183
177
183
176
182
189
193
205
233
247
258
269
274
284
281
273
287
294
322
356
367
367
366
362
332
310
300
293
283
271
266
261
253
259
253
274
290
296
290
279
282
294
294
304
321
320
308
295
289
294
282
292
307
304
295
298
302
307
305
307
308
310
312
333
332
355
362
333
325
325
331
349
379
374
359
353
348
346
344
343
339
337
347
351
349
349
349
352
368
402
425
431
439
404
389
380
364
345
339
356
363
367
368
361
339
333
328
327
338
348
351
354
363
351
325
310
305
300
300
300
310
319
326
326
329
335
334
352
371
358
345
331
331
335
340
364
435
573
686
773
767
893
1090
1440
1690
1820
1630
1160
955
925
963
995
1200
1550
1800
1690
1500
1230
1070
1170
1310
1430
1330
1080
971
876
779
715
689
690
713
759
798
723
655
635
653
690
659
624
620
631
622
611
652
875
1290
1560
1650
1400
1020
837
739
697
661
648
662
764
966
1070
1120
1220
1310
1260
1150
1160
1330
1630
2060
2540
2970
3120
3000
2740
2450
2130
1940
1910
1890
1790
1750
1750
1780
1790
1730
1610
1520
1420
1340
1280
1250
1220
1170
1110
1050
1040
1050
1090
1170
1260
1370
1460
1510
1480
1480
1520
1580
1660
1750
1870
1960
2060
2160
2290
2470
2690
2950
3160
3260
3130
3010
2860
2710
2600
2590
2610
2550
2410
2260
2130
1980
1920
2010
2220
2360
2400
2420
2430
2390
2280
2130
1990
1880
1790
1720
1650
1610
1580
1600
1650
1680
1630
1510
1370
1240
1110
1010
948
920
930
913
876
910
912
847
779
728
675
647
651
650
622
585
540
507
494
508
497
465
448
443
412
382
362
365
395
381
360
341
333
344
315
279
252
249
266
310
316
294
293
270
253
233
212
202
209
215
213
219
215
223
214
205
199
209
210
202
194
187
203
219
218
216
210
204
207
197
197
191
208
215
202
203
210
216
230
230
248
266
275
270
279
281
274
275
263
247
250
252
260
254
248
257
271
279
287
307
312
306
299
294
284
285
295
302
299
293
302
307
310
308
308
312
310
308
312
315
316
316
319
334
342
338
340
338
333
330
334
341
344
344
348
349
349
349
356
363
363
363
363
363
361
360
360
366
376
378
379
379
441
512
681
930
1050
1240
1190
830
765
771
772
886
1180
1190
1070
903
636
686
619
579
512
519
546
573
852
993
798
643
581
398
280
340
390
410
405
410
410
459
449
461
468
473
466
451
423
402
397
398
389
372
382
390
384
395
400
416
447
492
630
751
1050
1180
1110
1040
796
659
517
551
581
529
539
562
531
505
477
487
487
488
487
512
536
543
465
483
502
497
489
484
492
501
503
501
498
491
489
495
551
710
866
887
1000
1410
1820
2100
2150
2040
1660
1280
1110
1020
918
851
809
829
936
1080
1260
1440
1550
1670
1760
1900
2060
2140
2160
2230
2310
2410
2510
2550
2440
2230
1970
1740
1630
1610
1550
1480
1490
1520
1590
1610
1540
1500
1560
1720
1920
2110
2300
2520
2780
3100
3500
3700
3740
3600
3290
3030
2970
2950
2890
2790
2620
2490
2470
2510
2590
2590
2410
2210
2120
2110
2100
2070
2020
1980
1980
1960
1900
1790
1720
1740
1800
1890
1970
2040
2090
2160
2230
2320
2360
2380
2360
2350
2310
2210
2090
1980
1840
1700
1560
1410
1290
1210
1120
1050
1000
985
937
918
884
825
799
780
744
702
681
658
653
635
603
568
528
497
483
464
457
455
457
407
375
358
355
333
328
326
323
316
315
322
338
319
306
297
293
282
284
274
272
279
278
284
272
262
267
265
262
259
297
313
327
351
372
381
353
341
331
320
309
301
300
289
272
259
259
256
270
290
286
267
254
250
272
285
302
340
325
301
288
275
265
257
266
250
263
267
258
248
255
253
240
241
232
240
245
238
227
248
258
266
264
281
275
275
277
284
293
290
289
296
296
305
318
316
314
312
317
319
315
312
314
316
318
321
321
321
321
321
335
342
347
374
380
404
393
369
362
358
356
356
353
349
349
345
352
354
352
350
348
346
353
362
370
377
367
365
358
358
351
353
366
373
382
380
375
375
393
382
374
361
351
367
375
371
357
360
355
372
377
370
356
370
380
374
371
363
357
345
341
337
334
334
333
338
339
339
338
337
336
335
334
333
332
332
348
378
450
596
694
558
595
714
808
774
620
571
644
703
623
554
540
652
747
656
524
460
449
458
462
480
491
507
541
534
528
534
543
565
650
731
808
933
1160
1330
1170
947
777
679
647
647
652
674
691
757
979
1270
1390
1200
982
863
851
940
1130
1210
1160
1130
1040
885
807
756
742
837
901
910
962
928
994
1000
909
914
1030
1080
1050
1070
1100
1050
960
892
852
855
913
982
1050
1130
1160
1140
1120
1120
1100
1100
1140
1230
1360
1460
1650
1790
1870
2100
2370
2510
2440
2270
2080
1880
1740
1630
1570
1520
1460
1400
1370
1380
1380
1370
1330
1290
1250
1210
1160
1110
1050
996
957
955
981
976
880
820
784
753
736
725
718
714
694
676
670
659
649
642
590
561
535
491
460
431
440
436
444
448
436
434
453
439
387
334
337
326
329
316
298
273
283
260
230
223
218
236
237
215
204
224
238
226
287
307
277
243
234
225
220
218
206
188
203
186
178
182
183
176
162
158
161
157
152
157
161
151
156
154
149
145
142
134
130
131
145
161
151
154
158
154
154
161
163
156
154
155
148
139
150
172
180
181
190
190
188
192
198
201
193
206
246
318
344
372
363
345
326
293
271
266
259
248
236
238
239
268
269
254
247
242
244
244
264
265
266
252
260
255
260
257
252
247
249
249
262
271
285
295
304
321
354
349
329
321
326
336
332
333
339
344
354
341
332
330
334
349
351
360
360
349
342
341
352
342
339
334
344
347
349
352
349
339
339
342
349
342
330
318
318
329
342
344
341
338
347
346
349
356
358
365
362
350
343
342
340
337
334
338
340
350
344
336
354
357
348
352
343
341
319
336
353
358
360
353
341
322
324
336
331
329
329
326
326
327
328
335
333
334
339
347
346
344
351
345
332
320
310
320
330
329
348
337
340
346
353
357
345
339
334
318
326
315
318
332
351
358
363
356
339
324
327
346
341
333
322
315
323
330
338
340
347
351
361
365
365
368
363
359
358
352
349
347
357
350
351
357
356
359
368
365
364
360
361
374
393
393
378
373
383
459
493
478
504
531
538
573
586
543
547
551
528
506
501
486
462
441
440
444
446
435
415
409
407
403
403
386
382
380
395
457
492
491
467
440
432
424
417
403
404
423
405
399
402
373
360
347
325
301
286
287
284
274
269
260
311
334
426
484
400
361
319
284
261
244
234
217
209
239
241
219
197
189
192
186
185
197
199
201
208
206
207
192
173
178
174
177
171
164
166
174
172
168
152
146
145
151
146
167
191
203
211
196
179
158
148
144
139
133
141
133
140
160
187
200
186
178
158
161
201
180
167
157
153
157
156
139
130
128
121
109
110
152
180
169
166
151
137
142
121
106
114
128
154
179
188
173
152
154
146
131
118
115
118
117
120
128
149
145
137
132
138
152
158
160
147
143
136
124
116
104
104
116
120
128
133
151
156
185
195
204
196
197
192
189
180
182
180
184
186
209
253
247
243
234
226
208
194
191
191
194
201
220
234
246
254
256
249
252
245
243
251
252
255
256
259
256
251
256
256
250
256
266
284
282
287
281
273
266
265
265
264
264
264
266
273
278
283
283
286
290
284
283
283
286
296
323
346
365
342
320
311
306
293
293
308
306
316
317
323
335
338
364
379
364
339
349
352
347
329
350
332
334
343
343
344
346
337
327
315
298
299
322
327
346
414
520
759
1020
1240
1420
1280
896
889
1030
1040
898
721
615
545
478
426
386
356
354
340
346
327
337
324
344
329
325
312
343
380
400
337
288
313
305
300
297
302
321
336
328
309
311
318
322
325
326
328
339
354
392
470
650
711
672
733
756
649
592
550
511
462
429
414
410
430
463
506
470
440
442
448
613
659
549
502
468
441
408
419
429
477
525
563
589
574
571
580
584
608
627
631
646
673
704
725
751
795
825
846
868
937
1000
1050
1070
1110
1260
1430
1450
1380
1270
1130
1000
898
837
786
748
748
741
761
844
997
1190
1330
1370
1260
1100
1000
940
883
832
788
748
708
679
656
632
581
560
565
594
610
613
604
570
538
509
457
443
431
435
446
443
429
423
399
378
328
318
321
318
330
331
315
309
294
299
283
249
243
237
235
226
233
267
284
272
232
206
200
207
203
210
216
227
217
197
188
188
166
157
146
143
145
144
135
140
147
143
136
140
148
147
162
161
153
146
132
118
108
108
106
110
108
95
94
94
97
107
108
104
97
96
95
104
105
98
96
96
92
95
101
107
103
89
96
88
98
104
109
111
109
106
99
98
102
101
93
92
105
111
107
120
138
145
140
134
121
118
123
124
130
155
165
160
158
151
153
159
159
173
176
169
179
190
192
200
210
217
227
234
238
231
218
223
233
240
244
246
240
238
241
246
243
245
245
248
253
258
256
258
255
253
253
250
243
241
251
253
263
273
286
304
311
297
287
281
281
275
273
271
266
266
264
263
266
268
266
266
266
263
256
256
265
267
265
264
262
259
262
266
263
262
259
266
275
279
286
306
335
340
330
312
294
287
287
286
262
266
274
291
352
472
649
701
525
425
384
366
371
378
378
352
331
326
322
333
379
448
622
879
1000
792
600
511
459
428
413
414
479
529
650
732
882
1060
937
797
780
780
784
693
588
501
459
414
400
401
389
385
403
434
465
483
535
553
516
494
493
481
463
436
417
386
366
365
355
385
379
375
361
354
350
345
340
337
342
354
362
395
419
476
636
726
751
655
578
541
555
729
893
877
1080
1360
1440
1190
995
937
981
1080
1070
1030
1050
1030
1010
996
966
934
927
940
953
960
955
919
886
861
814
779
778
858
902
950
1110
1290
1320
1210
1100
1050
1040
997
972
1030
1140
1150
1070
1020
1030
1030
1020
1030
1070
1060
1030
1020
1020
1010
964
906
855
813
812
840
901
935
935
924
905
907
932
911
857
802
754
691
659
626
585
555
536
499
492
492
481
453
419
383
351
356
353
332
333
326
333
331
308
300
300
291
271
255
248
238
212
180
169
159
149
147
150
132
120
112
109
109
99
94
106
102
96
88
85
102
129
135
132
122
112
96
84
78
79
80
94
115
116
108
104
102
108
110
104
87
76
75
78
74
71
68
72
91
93
97
123
127
123
113
104
110
107
97
97
94
95
103
113
111
100
97
115
136
140
142
142
134
125
116
113
128
137
139
139
139
145
135
127
120
113
117
119
119
123
129
149
176
182
180
189
185
196
205
224
234
241
247
259
257
255
254
250
250
245
240
240
239
238
244
246
247
250
257
255
256
252
261
265
263
269
277
278
281
273
267
270
268
267
268
266
270
274
267
266
270
266
258
246
260
258
263
274
283
299
310
293
284
280
289
291
307
320
302
284
289
298
312
316
325
306
285
289
288
287
304
311
314
314
328
325
289
256
283
309
296
270
320
287
322
308
315
322
339
334
360
426
455
439
404
403
457
490
460
427
412
395
358
328
327
339
334
323
320
348
405
457
424
396
407
434
421
370
352
341
321
307
303
302
299
298
317
384
701
1210
1540
1700
1390
961
835
798
783
790
792
714
647
637
693
722
627
573
549
543
560
633
752
891
979
1010
1050
1100
1160
1190
1200
1210
1260
1230
1130
1090
1080
1080
1060
1030
993
934
873
868
892
870
830
807
812
832
851
856
849
823
795
785
783
777
783
792
796
773
740
717
687
694
712
678
629
597
566
555
559
557
543
526
533
535
544
565
571
550
541
554
600
633
578
510
468
443
483
496
566
606
575
523
480
447
412
402
390
426
494
519
469
410
353
334
305
288
290
293
295
306
311
309
313
300
276
266
253
227
206
206
204
194
203
198
182
166
158
167
163
179
186
193
172
168
181
165
150
136
127
134
125
120
116
112
103
89
91
90
93
100
96
100
96
106
108
103
105
112
108
95
92
85
82
81
91
89
80
86
94
87
81
85
87
92
85
94
94
93
90
85
82
82
91
103
110
114
128
128
124
128
131
124
110
104
108
111
124
127
135
136
129
129
134
124
125
131
141
146
157
166
169
172
178
191
188
187
203
194
181
180
186
189
186
183
183
198
200
197
198
196
192
201
210
210
220
220
210
220
220
230
240
240
240
250
240
250
270
260
250
260
240
230
240
240
230
240
240
230
230
230
240
240
240
230
230
230
230
230
230
230
230
230
230
230
220
220
210
220
230
240
240
200
220
220
210
210
210
220
220
230
270
350
390
540
640
610
510
480
483
481
451
408
386
369
352
339
312
331
330
320
333
353
333
338
331
322
317
303
282
305
300
260
290
260
300
240
210
250
290
320
334
341
327
327
325
331
330
324
325
333
352
430
551
554
494
434
397
375
371
376
370
365
353
348
337
333
333
332
337
350
356
345
340
350
371
423
494
499
472
460
476
499
530
554
567
560
538
527
520
503
485
482
490
501
500
499
490
479
450
422
412
406
399
399
414
429
451
488
493
453
442
471
565
638
634
569
534
517
519
591
605
558
563
573
576
557
532
532
519
505
501
509
551
579
554
537
516
506
533
571
589
615
645
749
901
924
926
955
1010
1040
1060
1120
1220
1290
1330
1420
1630
1830
1950
1900
1750
1670
1820
2070
2330
2560
2650
2580
2320
1970
1640
1380
1220
1090
1020
970
936
900
850
789
726
685
671
654
628
579
548
509
468
442
409
387
381
402
397
378
349
319
304
301
310
318
323
330
340
324
307
295
286
264
253
260
247
238
239
220
214
223
226
212
201
186
177
172
166
165
175
166
157
147
143
143
133
130
132
134
140
139
137
140
132
130
126
119
111
110
116
120
116
115
112
105
101
104
103
100
103
104
110
111
111
114
116
110
107
101
98
93
96
102
111
118
126
146
142
130
140
149
149
151
152
158
155
157
160
163
176
185
183
170
161
173
195
204
209
206
205
204
204
217
257
272
264
250
231
235
238
241
235
236
237
243
242
240
252
244
242
251
253
254
249
256
253
258
261
264
264
262
260
265
277
293
309
338
358
422
482
476
431
394
377
396
384
378
386
352
328
319
313
312
310
307
316
321
335
353
337
329
295
388
417
598
620
504
458
399
408
392
420
406
416
456
459
532
632
665
618
512
564
929
1380
1830
2000
2210
2290
2140
2090
2140
2450
2820
3170
3280
3350
3260
2750
2170
1780
1660
1570
1520
1510
1560
1750
1730
1690
1740
1660
1510
1390
1280
1160
1070
957
885
882
867
880
845
839
821
974
1140
1180
1250
1480
1730
1930
1920
1550
1290
1180
1160
1090
1030
996
938
834
712
651
700
645
611
644
636
636
650
703
938
1270
1570
1840
1890
1630
1370
1240
1170
1150
1060
971
920
884
860
835
868
845
860
861
846
792
767
765
762
805
953
1120
1210
1230
1310
1430
1510
1580
1640
1720
1790
1930
2120
2250
2320
2400
2570
2760
2740
2710
2740
2920
3080
3170
3130
2960
2770
2630
2520
2480
2520
2550
2500
2470
2480
2490
2550
2690
2900
3070
3140
3080
2990
2880
2760
2670
2610
2540
2470
2390
2320
2260
2210
2170
2140
2120
2110
2130
2130
2110
2050
1960
1830
1690
1570
1460
1360
1270
1160
1090
1040
1040
1020
969
917
876
848
819
784
743
706
678
661
632
595
541
519
493
462
444
440
437
422
419
409
390
402
415
431
410
382
369
370
367
356
352
356
351
342
321
303
298
290
281
269
266
258
246
241
232
251
283
276
259
238
231
235
239
238
234
232
232
233
239
265
273
259
235
230
234
227
218
212
211
215
227
231
227
217
204
191
192
193
193
188
197
206
207
209
211
216
226
226
220
219
211
201
203
200
203
209
205
206
200
212
216
239
240
241
244
244
248
245
245
250
233
223
238
245
250
250
241
246
266
284
291
291
290
285
285
278
283
285
287
285
286
292
295
312
308
303
301
296
294
294
295
294
299
300
300
299
300
304
314
318
328
324
325
326
333
338
332
348
362
368
397
392
393
396
386
374
371
391
381
377
373
370
365
355
356
352
329
407
378
344
330
336
345
332
341
357
385
422
515
650
871
923
646
539
579
438
424
436
428
409
414
448
472
474
400
372
384
409
402
453
495
516
438
402
397
390
384
370
370
370
370
370
370
370
370
360
360
360
360
360
356
351
335
332
333
327
324
326
327
315
315
330
332
338
368
416
506
623
823
1050
1070
764
637
650
750
809
775
706
680
623
583
566
581
562
529
496
477
469
469
510
646
862
1050
1240
1370
1440
1430
1420
1470
1580
1650
1640
1500
1350
1280
1230
1200
1210
1150
1070
1040
1040
1040
1060
1040
967
920
891
874
846
812
794
801
814
843
883
932
959
940
943
928
920
948
934
906
877
838
819
806
822
850
826
791
766
743
737
756
785
801
836
869
870
866
824
778
745
734
728
694
677
667
642
609
578
545
529
523
518
523
505
478
442
422
413
407
403
396
373
350
347
342
347
347
366
395
389
350
321
317
349
329
285
272
266
256
259
254
234
227
213
200
207
210
197
190
179
173
181
179
165
147
149
154
156
168
177
164
153
145
134
139
146
136
139
142
146
133
144
145
140
141
140
131
117
105
93
87
90
86
85
93
88
89
92
93
99
110
108
111
113
115
114
109
107
100
100
102
101
106
116
117
106
102
101
103
102
96
95
106
121
132
133
111
109
120
114
120
129
123
124
125
127
124
119
115
121
125
139
155
164
168
179
178
184
195
180
185
191
202
227
230
229
247
261
252
251
246
241
244
253
265
266
269
269
276
275
280
311
347
375
409
398
363
337
326
318
308
305
304
303
304
306
301
296
296
293
297
298
296
294
299
303
312
306
309
317
317
323
346
363
375
354
334
316
302
301
314
306
309
297
297
287
291
297
319
337
345
334
323
293
284
349
314
332
315
284
300
295
298
307
293
272
283
323
288
359
308
292
366
344
338
399
379
341
324
321
343
351
313
275
301
347
336
318
312
306
344
352
335
359
354
334
342
350
350
370
359
360
339
332
313
308
313
334
359
386
387
341
316
306
317
305
306
313
315
308
312
310
307
308
309
314
321
329
329
338
339
343
358
376
397
426
469
559
540
498
477
460
452
443
460
542
676
890
1060
1170
1210
1080
840
793
934
1130
1210
1130
1080
1170
1270
1320
1300
1190
1080
962
842
731
689
667
701
760
810
817
839
871
867
882
953
1100
1270
1450
1600
1580
1450
1450
1510
1550
1470
1330
1230
1160
1100
1050
1030
1090
1130
1170
1140
1100
1060
1040
1080
1150
1220
1250
1280
1290
1290
1300
1270
1230
1250
1250
1230
1220
1230
1240
1250
1250
1200
1180
1170
1160
1200
1250
1350
1500
1650
1740
1720
1590
1450
1350
1240
1120
1020
919
837
789
746
686
642
621
591
534
474
444
431
430
431
408
391
391
378
350
324
309
302
294
277
288
298
302
291
278
261
265
252
246
234
227
215
211
199
182
177
195
195
195
200
183
162
146
131
131
139
141
138
148
149
139
135
153
163
152
140
140
130
128
123
126
123
115
116
127
139
140
142
127
118
115
115
110
114
115
112
114
116
128
142
151
149
149
146
145
142
143
148
154
159
155
160
166
163
164
160
173
168
164
179
193
191
188
180
168
159
150
153
152
151
165
195
218
239
239
231
220
213
208
213
213
214
221
222
222
223
221
219
218
217
216
222
224
220
223
221
227
231
229
231
238
244
256
257
263
260
265
262
258
261
261
259
263
267
270
266
260
258
253
251
257
257
254
255
252
255
259
258
254
254
257
256
254
251
246
243
249
246
253
248
248
255
262
245
267
280
280
290
300
320
330
320
320
340
320
310
300
300
300
295
296
316
320
360
330
325
317
334
342
328
302
280
284
289
286
279
269
267
263
268
273
276
281
294
312
323
315
294
273
291
286
281
281
279
282
287
297
304
306
307
304
297
284
291
291
291
287
290
291
285
282
282
286
320
393
460
489
430
390
364
367
495
707
924
864
665
575
489
448
413
390
373
361
360
389
438
547
749
814
784
758
737
737
680
623
606
564
538
543
562
531
498
473
460
461
444
424
421
465
545
693
891
916
791
684
637
612
571
542
534
540
565
601
647
716
736
708
678
660
649
629
625
668
753
879
996
1080
1150
1200
1250
1280
1260
1200
1120
1030
927
849
786
734
705
687
663
642
612
573
545
521
509
487
459
454
461
494
498
496
534
577
581
582
557
493
452
431
427
448
459
472
459
435
409
374
343
326
322
337
319
274
246
228
216
184
202
196
174
180
185
189
181
171
177
177
180
178
168
155
154
152
140
118
111
110
116
119
122
112
108
111
114
120
119
119
124
124
128
136
137
118
108
110
133
134
155
149
134
120
113
105
103
100
96
107
110
122
129
120
115
120
115
109
113
111
108
119
127
139
138
124
119
119
119
116
116
115
115
114
111
116
119
122
125
132
141
143
133
133
140
131
131
141
147
154
150
149
155
168
170
176
186
187
197
189
189
190
194
193
202
216
226
231
240
235
233
231
230
227
226
223
225
226
222
219
225
225
219
217
222
223
223
224
229
227
227
230
230
229
230
235
241
245
235
237
240
242
244
239
246
244
243
240
242
244
242
249
249
238
236
238
235
250
260
270
280
280
280
290
290
290
280
280
280
280
280
280
282
273
269
280
280
280
280
280
280
280
292
280
273
271
289
305
281
268
273
285
295
289
287
285
294
302
314
320
308
300
301
299
295
286
279
282
281
279
284
304
314
300
302
308
306
299
298
313
333
344
356
339
320
307
302
303
310
312
325
342
361
420
453
419
374
342
323
317
322
315
307
315
334
343
340
338
329
317
311
303
304
298
299
295
292
293
288
289
293
297
307
305
301
303
313
311
303
309
317
309
313
323
337
358
369
366
360
349
347
351
362
445
464
422
392
379
379
377
376
361
360
376
413
449
472
499
527
529
530
569
631
775
920
911
794
688
640
626
621
597
579
574
607
657
759
869
901
852
803
777
770
786
782
779
778
773
750
717
687
653
637
589
562
527
522
541
583
651
754
862
959
991
961
897
844
794
735
673
611
565
527
494
478
449
420
405
384
349
336
330
316
288
273
264
246
239
230
221
211
205
197
190
192
195
193
177
162
154
144
131
128
123
114
117
121
119
128
123
120
129
143
155
137
128
118
115
110
110
112
99
90
85
78
82
95
101
110
105
99
94
88
89
90
93
92
92
91
87
85
86
85
100
115
125
148
145
146
159
156
145
131
128
128
141
142
139
143
145
154
148
140
154
164
170
169
177
179
174
164
170
170
165
171
173
177
176
169
165
168
159
169
182
187
195
195
201
197
199
200
199
203
214
211
209
213
214
214
218
250
272
284
324
311
288
280
284
277
274
273
268
263
259
264
263
274
292
286
279
278
272
271
269
279
286
281
282
287
287
290
290
290
290
290
290
290
290
290
290
293
303
303
312
328
407
543
623
658
668
725
761
864
960
1050
997
682
566
521
463
425
410
398
406
412
445
460
476
456
446
450
475
500
525
550
550
550
525
525
500
520
540
560
580
708
1120
1320
1520
1720
1980
2030
1720
1290
1010
856
770
701
660
634
623
611
583
542
483
476
508
520
526
524
495
459
430
452
462
465
479
497
483
466
467
466
460
444
450
450
427
401
384
411
412
423
477
590
723
849
1030
1200
1220
1180
1310
1460
1490
1310
1360
1500
1710
1950
2090
1920
1620
1420
1260
1140
1060
1010
996
1070
1190
1310
1390
1520
1680
1830
1900
1790
1620
1610
1660
1640
1520
1380
1290
1240
1230
1240
1230
1260
1380
1570
1800
2040
2230
2360
2370
2250
2130
2120
2120
2030
1910
1800
1690
1570
1500
1470
1480
1510
1570
1650
1760
1860
1880
1870
1870
1900
1980
2080
2150
2170
2150
2090
1990
1900
1850
1850
1860
1870
1880
1880
1860
1800
1710
1600
1500
1410
1340
1270
1230
1230
1250
1260
1260
1270
1270
1270
1270
1280
1280
1260
1210
1170
1120
1080
1010
975
946
927
898
859
827
812
806
769
719
645
597
567
540
511
476
467
449
436
417
409
411
395
388
385
370
343
338
329
323
317
296
271
271
278
269
260
243
232
232
211
195
185
184
182
178
178
181
172
166
171
168
167
172
166
170
158
161
154
143
154
170
174
170
166
159
157
152
159
161
160
158
162
164
158
158
157
156
152
159
173
180
199
193
187
182
179
179
168
170
179
186
186
174
176
182
193
198
205
206
203
203
213
209
227
243
253
258
253
253
259
260
258
257
259
256
255
262
265
266
260
256
254
257
258
264
262
258
255
255
255
259
262
267
273
269
270
270
269
266
267
266
269
269
270
282
276
276
285
281
279
279
280
279
279
281
279
277
278
275
273
264
246
245
210
210
220
230
240
260
270
270
280
280
270
280
290
290
290
340
360
350
330
310
310
328
300
302
314
306
310
325
294
289
292
287
290
282
279
274
271
260
250
250
260
260
250
240
260
270
414
407
432
409
375
426
494
465
411
363
342
337
322
317
310
298
296
299
303
305
318
326
336
362
358
346
336
333
336
342
349
336
338
346
351
370
387
399
388
383
369
359
345
326
337
365
369
382
366
376
391
427
551
561
526
590
791
1080
1360
1530
1460
1050
841
905
992
950
819
740
703
802
1010
1280
1520
1650
1590
1290
1130
1100
1000
880
818
787
783
789
828
833
832
812
819
873
914
941
1010
1080
1160
1240
1340
1430
1520
1620
1750
1850
1830
1770
1710
1650
1600
1560
1500
1400
1280
1190
1130
1080
1010
943
884
836
791
766
758
723
678
639
627
637
625
626
636
619
559
506
459
436
421
433
463
485
542
561
524
503
492
473
437
392
368
356
342
312
302
296
287
268
259
253
258
268
268
254
235
221
215
208
197
184
172
166
158
153
151
164
168
157
130
131
131
128
137
139
144
152
146
158
164
146
142
141
135
129
127
127
126
134
122
111
102
100
115
130
122
118
114
127
125
118
116
116
108
108
110
121
133
127
119
101
85
93
110
107
95
91
95
97
97
94
105
117
130
135
131
126
120
114
122
131
127
123
123
136
135
123
129
128
133
135
141
142
146
149
147
150
145
147
157
157
157
163
170
173
177
185
199
200
195
195
202
211
225
239
239
252
266
249
238
241
243
238
241
239
238
236
238
239
244
243
242
242
242
245
245
240
240
240
238
236
238
235
241
258
247
248
252
257
269
271
270
290
292
272
266
266
269
267
287
317
423
566
706
889
943
800
783
633
503
444
417
394
385
380
380
360
340
320
300
320
340
440
380
380
420
380
360
420
380
340
360
320
340
380
400
420
440
440
460
440
420
380
360
380
400
420
440
440
440
420
420
420
440
460
460
480
500
580
700
680
580
462
436
402
392
388
378
403
444
432
373
347
343
335
336
352
378
421
476
497
454
407
371
368
365
373
356
355
349
352
416
529
593
616
610
585
572
517
487
475
466
479
521
623
737
839
932
932
827
753
761
833
801
704
643
616
610
613
624
634
662
703
795
982
1070
1010
985
1020
1060
1110
1090
981
896
845
822
787
755
728
687
657
619
589
565
537
513
492
474
459
457
449
432
421
407
388
368
357
368
366
376
396
441
438
402
370
355
335
324
321
324
314
306
295
282
287
283
278
272
283
314
389
456
431
337
266
239
230
204
202
199
207
210
190
176
167
160
152
151
167
160
141
131
125
143
218
250
279
329
375
364
341
306
273
252
237
236
227
218
218
213
210
198
188
183
185
180
175
182
177
172
179
179
174
168
170
164
166
169
165
172
177
176
176
174
169
171
167
153
153
158
166
187
189
195
197
193
184
171
167
172
168
171
179
177
178
183
185
185
197
197
191
198
197
195
190
186
187
175
179
175
173
176
181
184
179
182
181
175
169
175
185
187
190
197
202
211
220
219
213
209
210
213
233
233
