start_date: 1960-10-01 24:00
start_date: 2013-09-30 24:00
data_date: 1960-10-01 24:00
timestep: 1 DAY
units: in/day
scale: 1.000000
#Series Slot: Upper Klamath Lake.Precipitation Rate [1 in/day]
0
0
0
0
0.184252
0.215354
0.482283
0.001969
0
0.064961
0.044094
0
0
0
0
0
0
0
0
0
0
0
0.048425
0
0.015748
0.226378
0.005906
0.064961
0
0
0
0
0
0
0
0
0
0
0
0
0.087402
0.229134
0.429134
0.279528
0.175984
0.235039
0.15748
0.424016
0.248031
0.003937
0.163386
0.072047
0.146457
1.097638
0.978346
1.169291
0.152756
0.001181
0
0
0.247244
0.937008
0.19685
0.001969
0.029528
0
0
0
0
0
0
0
0
0
0
0.033465
0.374016
0.773622
0.240945
0.03937
0
0
0
0
0
0.008661
0.085433
0
0
0
0
0
0
0
0
0
0
0.015748
0.008661
0.043307
0.087402
0
0
0.009843
0.326772
0.089764
0
0
0
0
0
0
0
0.021654
0.009843
0
0
0
0
0.05
0.134646
0.253937
0.580709
0.164567
0.45748
0.007874
0
0.022441
0.015748
0.124016
0.251969
1.035433
0.282677
0.435039
0.045276
0.100394
0.114173
0.096457
0.01378
0.041339
0
0
0
0.072835
0.04252
0
0.091732
0.044094
0.029528
0.131102
0
0.26063
0
0
0.062205
0.42126
0.051181
0
0.062992
0.088583
0.248031
0.152756
0.167323
0.164567
0.11811
0.183071
0.049213
0.122835
0
0.10315
0
0.031496
0.184252
0.077953
0.307874
0.127953
0.336614
0.234252
0
0
0
0
0
0
0
0
0
0
0
0
0
0
0.06378
0.079921
0
0
0
0
0
0.08189
0.012598
0.041339
0.140945
0.061024
0.059055
0
0
0
0
0
0.001969
0.007874
0.080709
0.022441
0.048425
0.01378
0.158661
0.074016
0.05
0.008661
0.200787
0.451969
0.05315
0
0
0.004724
0
0
0
0
0
0
0
0.003937
0
0
0.024409
0.004724
0
0.091732
0.273622
0.204724
0
0.481496
0.140945
0.198819
0.011811
0
0.06811
0
0
0
0.01378
0.145669
0
0
0
0
0
0
0
0
0
0
0
0
0
0
0
0
0
0
0
0
0
0
0
0
0
0
0
0
0
0
0
0
0
0
0
0
0
0
0
0
0
0
0
0
0
0
0
0
0
0
0
0
0
0
0.024409
0
0
0.01378
0
0
0.019685
0.198031
0.057087
0
0
0
0
0
0.001181
0
0
0
0
0.001969
0
0.005906
0
0
0
0
0
0.030315
0
0
0
0
0
0
0
0
0
0
0
0
0
0.076772
0.393701
0.366142
0.001969
0
0
0
0
0
0
0
0
0
0
0
0
0
0
0
0
0
0.001969
0
0
0
0.629134
0.25
0.220472
0
0
0
0
0
0
0
0.035433
0.036614
0
0.06811
0.001181
0.031496
0.454724
1.706693
0.198819
0.124803
0
0
0.012598
0.037402
0.181102
0
0
0
0
0
0
0.096457
0.051181
0
0
0
0
0
0
0
0.049213
0.023622
0.351575
1.419291
0.53622
1.251969
0.688976
0.004724
0
0.003937
0.066929
0.01378
0.387795
0.05
0
0
0
0
0.004724
0
0
0
0.008661
0.001181
0.262992
0.34252
0
0.372047
0.533465
0.612992
1.018898
0.534252
0.153543
0
0
0.016929
0
0.003937
0.035433
0
0
0
0
0
0.015748
0.032283
0
0.001969
0.03937
0.00315
0
0
0
0.072047
0.198031
0.011811
0.009843
0.037402
0
0.129921
0.404331
1.029528
0.164567
0
0
0
0
0.001969
0
0
0
0
0
0
0
0
0
0
0
0.13189
0.198819
0.143701
0.307087
0.051181
0.083465
0.15748
0.358268
0.074803
0.357087
0.035433
0.017717
0.044094
0.06811
0
0
0.014961
0.076772
0.001969
0
0
0.017717
0.461811
0.487402
0.403543
0.122047
0.033465
0.097244
0.094488
0.001181
0
0.237402
0.223622
0.124016
0
0
0
0.017717
0.020472
0.001181
0
0.06378
0.022441
0.225197
0.288189
0.091732
0.083465
0.294094
0
0.001969
0
0
0
0
0
0
0
0
0
0
0
0.014961
0
0
0
0
0
0
0.001969
0
0
0
0.003937
0
0
0
0
0.001969
0
0.120079
0.494094
0.162205
0.007874
0
0.046063
0.006693
0
0
0
0
0.03937
0.031496
0.055906
0.184252
0.065748
0
0.001181
0
0
0
0
0.027559
0.008661
0.014961
0
0.126772
0.255906
0.127953
0.144488
0.038583
0.001181
0.001969
0
0
0
0
0.08189
0.011024
0
0
0
0
0
0
0
0
0
0
0.036614
0
0
0
0
0
0
0
0
0
0
0
0
0
0
0
0
0
0
0
0
0
0
0
0
0
0
0
0
0
0
0
0
0
0
0
0
0
0
0
0
0
0
0
0.008661
0
0
0
0
0
0
0
0
0.138976
0.190945
0.240157
0.043307
0
0
0
0
0
0
0
0
0
0
0
0
0
0
0
0
0
0
0
0
0
0
0
0
0
0
0
0
0
0
0
0.001181
0.034646
0
0
0
0
0
0
0
0
0.009843
0
0
0
0
0
0
0.084646
0.725197
0.006693
0
0
0.111417
0.011024
0.001181
0
0
0.504724
1.2
2.240945
0.948031
0.973622
0.796457
0.079921
0.802362
0.005906
0
0
0
0
0
0
0
0
0
0
0
0
0
0
0
0
0
0
0
0.007874
0.025591
0
0
0.08189
0.274409
0.237402
0.251181
0.366142
0
0.007874
0.035433
0.068898
0.022441
0
0
0.085433
0.007874
0.091732
0
0
0.194094
0.683071
0.035433
0
0.011811
0.195669
0.829921
1.476378
0.049213
0
0
0
0
0
0
0
0
0
0.011024
0.022441
0.383858
0.25315
0.070866
0
0
0
0
0
0
0
0
0
0
0
0
0.004724
0
0
0
0.069685
0
0
0
0
0
0
0
0
0
0
0
0
0
0
0
0
0
0
0
0
0
0
0
0
0.011024
0.317717
0.886614
1.256693
0.859449
0.310236
0.394488
0.072835
0.025591
0.032283
0
0.004724
0
0
0
0.062205
0.055118
0
0
0.024409
0.037402
0.26378
0.11811
0.318898
0.084646
0
0
0
0.162205
0.00315
0.004724
0
0
0.037402
0
0
0
0
0
0
0
0
0.001969
0
0.008661
0.037402
0.021654
0.307874
0.011811
0
0
0
0
0
0.037402
0
0
0.310236
0.435827
0.158661
0.111417
0.257874
0.017717
0.023622
0.01378
0.06811
0.035433
0.203937
0.288189
0.559055
0.199606
0.174409
0.148819
0
0.035433
0.068898
0.388976
0.329921
0.025591
0.027559
0.202756
0.287402
0.003937
0
0
0
0.026772
0.072047
0.009843
0
0
0
0
0.004724
0.294094
0.129921
0.006693
0
0.033465
0.021654
0.183071
0.047244
0.003937
0.006693
0.004724
0
0.008661
0.008661
0
0
0
0.023622
0
0.05
0.035433
0
0
0
0
0
0.077953
0.036614
0.004724
0.006693
0
0
0.012598
0
0.044094
0
0
0
0
0
0
0
0
0
0.026772
0.011024
0
0.055118
0
0.017717
0.054331
0.192913
0.045276
0
0
0.086614
0.048425
0.114961
0.001181
0
0
0
0
0
0
0
0.01378
0.001969
0
0.001181
0
0
0
0
0
0.059055
0.066929
0
0
0
0
0
0
0
0
0
0
0
0
0
0
0
0
0
0
0
0
0
0.006693
0.083465
0.011024
0
0
0
0
0
0
0
0
0
0
0.001181
0.001969
0.001181
0
0
0
0
0
0
0.064961
0.163386
0
0
0
0
0.025591
0.167323
0.043307
0.046063
0.037402
0.007874
0
0.012598
0.035433
0.025591
0.13189
0.014961
0.012598
0
0
0.00315
0
0.023622
0
0
0
0
0
0
0
0
0
0
0
0
0.177165
0.177165
0
0
0
0.038583
0.179134
0
0
0
0
0
0
0
0
0.096457
0.015748
0.377953
0.112205
0.13189
0.145669
0
0
0.009843
0.030315
0
0
0.007874
0.100394
0.057087
0.150787
0.133071
0.214567
0.666142
1.069685
0.116929
0
0.203937
0
0.325591
0.374016
0.007874
0.03937
0.023622
0.030315
0.185039
0
0.04252
0.388976
0.28937
0
0
0
0
0
0
0
0
0
0
0
0.003937
0.11811
0.061024
0.105118
0.055906
0
0
0
0
0.023622
0
0
0
0
0.120079
0.175197
0.001969
0
0
0.003937
0.011024
0.459843
0.275591
0.312992
0
0
0.035433
0.126772
0.059055
0
0
0.044094
0.669291
0.338583
0.021654
0.269685
0.049213
0
0
0.101575
0.00315
0
0.299213
1.052362
0.56811
1.520472
1.029528
0.062205
0.062205
0.198031
0.257874
0.043307
0
0.004724
0
0.062992
0.05
0.387795
0.001181
0
0
0
0
0
0
0
0
0.024409
0.044094
0.01378
0
0.077953
0.246063
0.014961
0
0
0
0
0
0
0
0
0
0
0
0
0.105118
0.394488
0.093701
0.005906
0.262992
0.257874
0.054331
0
0.040157
0.038583
0
0.254724
0.398425
0.05315
0.031496
0
0
0
0
0.031496
0.06378
0.077953
0.052362
0.097244
0.005906
0
0
0
0
0
0
0.049213
0.021654
0.031496
0
0
0
0
0
0
0.104331
0.001969
0.001969
0
0
0
0
0
0
0
0
0
0
0.011811
0.01378
0.008661
0
0
0
0
0
0.124803
0.006693
0.023622
0.023622
0
0.01378
0
0
0
0
0
0
0
0
0
0.008661
0.001969
0.008661
0
0
0
0
0
0
0
0.005906
0.152756
0.113386
0.011811
0
0
0
0
0
0.116929
0.046063
0.177165
0.542126
0.083465
0.052362
0.122835
0.058268
0.001181
0
0
0.106299
0.41811
0
0.043307
0.025591
0
0
0
0
0
0
0
0
0
0
0
0
0
0
0
0.051181
0
0
0
0
0
0
0
0.003937
0.009843
0
0
0
0
0
0
0
0
0
0
0
0
0
0
0.014961
0.032283
0.059055
0.001181
0.031496
0
0
0
0
0
0
0
0
0
0
0
0
0
0
0
0
0
0
0
0
0
0
0
0
0
0
0
0
0
0.086614
0.016929
0
0
0
0
0
0
0
0
0
0
0
0
0
0
0
0.009843
0
0
0
0
0
0
0
0
0
0
0
0
0
0
0
0
0
0
0
0.224409
0.00315
0
0
0
0
0
0
0.001969
0
0
0
0
0
0
0
0
0
0
0
0.153543
0.074803
0.131102
0.005906
0
0.242126
0.055118
0
0.023622
0.004724
0
0
0.48937
0.296457
0.124016
0.287402
0.442913
0.044094
0
0
0
0
0
0
0
0.033465
0.047244
0.215354
0.677165
0.240157
0.388976
0.440157
0.652756
0.086614
0.656299
0.802362
0.351575
0.026772
0.448819
0.033465
0.020472
0.692126
0.587795
0.574803
1.21378
0.054331
0
0
0.15748
0.033465
0
0
0.151575
0.498031
0.462598
2.781496
3.968504
2.440945
1.496063
1.012992
0.553937
0.264567
0.209449
0.459843
0.327559
0.119291
0.113386
0.415354
0.133071
0.152756
0.667323
0.316929
0.009843
0.41811
0.788189
0.784252
0.175197
0
0
0
0
0
0
0
0.005906
0.001181
0.070866
0.023622
0.204724
0.45
0.190945
0.030315
0.148819
0.355118
0.110236
0
0
0
0
0
0
0
0.027559
0
0.016929
0.021654
0
0
0
0.074016
0
0
0
0
0
0
0
0
0
0
0
0
0.148819
0.343701
0
0
0
0
0
0
0
0
0
0
0
0
0.001969
0
0
0
0
0
0
0
0
0
0
0
0
0.054331
0.02874
0
0
0
0
0.184252
0.17126
0.001969
0
0.001181
0.048425
0.035433
0.004724
0.030315
0.072835
0.107087
0.011024
0
0
0
0
0.160236
0.038583
0.425984
0.016929
0.152756
0.169291
0.024409
0.01378
0
0
0
0.069685
0.017717
0
0
0
0
0
0.014961
0.012598
0
0
0
0
0
0
0
0
0
0
0
0
0
0.033465
0
0.34252
0.026772
0
0
0
0
0
0
0
0
0
0
0
0
0
0
0
0
0.003937
0.114173
0
0
0.012598
0.099606
0.174409
0.045276
0.106299
0.247244
0.007874
0
0
0
0
0.005906
0
0.035433
0
0
0
0
0.33937
0.030315
0
0
0
0
0
0
0
0
0
0
0
0
0
0
0
0
0
0.00315
0.001181
0
0
0
0
0
0.059055
0
0
0
0
0
0.040157
0
0
0
0
0
0
0
0
0.001969
0.222441
0.016929
0
0
0
0.007874
0.007874
0.432283
0.009843
0.008661
0.066929
0.001181
0.03937
0.22126
0.110236
0
0
0
0
0
0
0
0
0
0
0
0
0
0
0
0
0
0
0
0
0
0
0
0
0
0
0
0
0
0
0
0
0
0
0
0
0
0
0
0.192913
0
0
0
0
0
0
0
0
0
0.072835
0.001181
0
0.034646
0
0
0
0
0
0
0
0
0
0.011811
0.022441
0
0
0
0
0
0.102362
0.015748
0
0
0.116142
0.08189
0
0.048425
0.764567
0.238189
0.035433
0
0
0.052362
0.61811
0.310236
0.03937
0
0
0.074803
0.21063
0.51378
0.06811
0.159449
0
0
0
0
0
0
0.015748
0.158661
0.009843
0
0.023622
0
0
0
0
0.016929
0
0
0
0
0
0
0
0.035433
0.051181
0.011024
0.248819
0.284252
0.127953
0.109449
0.244882
0.194882
0.044094
0.09252
0.044094
0.058268
0.370079
0.284252
0.561024
0.913386
0.125984
0.018504
0
0
0.138976
0
0
0
0
0
0
0
0
0
0
0.043307
0.014961
0.032283
0
0
0
0
0.005906
0.011811
0.044094
0.058268
0.015748
0
0
0.004724
0.040157
0.065748
0
0
0.087402
0.051181
0
0
0
0
0
0
0
0
0.001969
0
0
0.011811
0.061024
0.023622
0.00315
0
0
0.025591
0.072835
0.033465
0
0.051181
0.025591
0.344488
0.061024
0
0.3
0.098425
0
0.020472
0.023622
0.037402
0.097244
0.089764
0.016929
0.017717
0.147638
0.178346
0.011024
0
0
0
0
0
0
0
0
0
0
0
0
0
0
0
0
0
0.020472
0.074016
0.291339
0.12126
0.005906
0
0
0
0
0.006693
0
0
0
0
0
0
0
0
0
0
0
0
0
0
0
0
0.052362
0.037402
0
0
0.001181
0.030315
0
0
0
0
0
0
0
0
0
0
0
0
0
0
0
0
0
0
0
0.064961
0.425984
0.019685
0.044094
0.113386
0.014961
0.001969
0.014961
0.086614
0.096457
0.064961
0.08189
0
0
0
0
0
0
0
0
0
0
0
0
0.10315
0.032283
0.003937
0
0
0
0.022441
0
0
0.035433
0.019685
0
0
0
0
0
0.133858
0.07874
0
0.00315
0.034646
0.003937
0.001181
0
0
0
0
0
0
0
0
0
0
0
0
0
0
0
0
0
0
0
0
0
0
0
0
0
0
0
0
0
0
0
0
0
0.014961
0
0
0
0
0
0
0
0.32874
0.166142
0
0
0
0
0
0
0
0
0
0
0
0
0
0
0.001181
0
0.017717
0.049213
0
0
0
0.139764
0.062205
0
0
0
0
0
0
0
0
0
0
0
0
0
0
0
0
0
0
0
0
0
0
0.007874
0.025591
0.001181
0
0
0
0
0
0
0.217717
0.188189
0.177165
0
0
0
0
0
0
0
0
0
0
0
0
0
0.251181
0.031496
0
0
0.004724
0.42126
0.145669
0.083465
0.183071
0.032283
0.741339
0
0.011024
0.143701
0.65748
0.346457
0.266929
0.012598
0
0
0.184252
0
0.133071
0.417323
0.011024
0.125984
0.612205
0.309055
0.065748
1.376772
0.110236
0.016929
0.094488
0.448031
0.211811
0
0.05
0.251969
0.048425
0
0
0
0
0
0
0
0
0
0
0.026772
0.033465
0
0
0
0
0
0
0.001181
0
0.017717
0.377953
0.011024
0
0
0
0
0
0.017717
0.229134
0
0
0
0
0
0
0.235039
1.061024
0.104331
0
0
0.01378
1.685039
0.427165
0.192913
0.026772
0.179921
0.324803
0.004724
0
0
0
0
0
0
0
0
0
0
0
0
0.667323
0.139764
0.034646
0.022441
0
0
0
0
0
0
0
0.00315
0.001969
0
0
0.090551
0.015748
0
0
0
0
0
0
0
0.732283
0.452756
0.061024
0.062992
0.01378
0
0.498031
0.109449
0.003937
0.005906
0.21378
0.006693
0
0.099606
0.070866
0
0
0
0
0.096457
0.129134
0.035433
0.006693
0
0
0.015748
0.009843
0.076772
0.349606
0.107087
0.057087
0.058268
0
0.001181
0
0.077953
0.251181
0.043307
0.307874
0.192126
0.022441
0.015748
0.004724
0.059055
0.001181
0.045276
0.009843
0.01378
0.075591
0.177165
0.014961
0
0
0
0
0
0
0
0
0
0.008661
0.270866
0.116142
0.685039
0.001969
0
0
0
0
0
0
0
0
0
0
0
0
0
0
0.014961
0.087402
0.023622
0.199606
0.126772
0.127953
0
0
0
0.034646
0.011811
0
0
0
0
0
0.004724
0
0
0
0
0
0.011811
0.938189
0.427165
0.026772
0
0
0
0
0
0
0
0
0
0
0
0
0
0
0
0
0
0
0
0
0
0
0
0
0
0
0
0
0
0
0
0
0
0
0
0
0
0.001969
0
0
0
0
0
0
0
0
0
0
0
0
0
0
0
0
0
0
0
0
0
0
0
0
0
0
0
0
0
0
0
0
0
0
0
0
0
0
0
0
0
0
0.043307
0
0
0
0
0
0
0.016929
0
0
0
0
0
0
0
0
0
0
0
0
0
0.184252
0.743307
0.007874
0.108268
0.007874
0
0
0
0
0
0.001181
0
0
0
0
0
0
0
0
0.238976
0.160236
0.021654
0
0
0
0
0.383858
0.043307
0
0
0
0
0
0
0
0
0
0
0.018504
0.011811
0
0
0
0.340551
0.011024
0
0
0
0
0
0
0
0
0
0.011811
0
0
0.025591
0.173228
0.200787
0.055118
0
0.027559
0.029528
0.555118
0.093701
0.442126
0.06378
0
0
0
0
0.004724
0
0
0
0
0.458661
0.114173
0.031496
0.004724
0.251181
0
0
0
0
0
0
0
0
0
0
0
0
0
0
0
0
0
0.001969
0.120079
0.110236
0.001969
0.075591
0.145669
0.318898
0.243307
0.011811
0.00315
0
0
0
0
0
0
0
0.108268
0.01378
0.030315
0.325591
0.174409
0.09252
0
0.06811
0.357087
0.011024
0
0
0
0
0
0
0.00315
0
0
0
0
0
0
0.080709
0.064961
0.188189
0.466535
0.25315
1.402362
0.07874
0
0
0
0
0
0
0
0
0
0.005906
0.021654
0.035433
0.012598
0
0
0
0
0.066929
0.001181
0.008661
0.015748
0.65748
0.066929
0
0
0
0
0
0.293307
0.04252
0.05315
0
0
0
0
0
0
0
0
0
0.008661
0.003937
0
0
0
0
0
0
0
0
0
0
0
0
0
0
0
0
0.055118
0.088583
0
0
0
0
0
0
0
0
0
0.004724
0
0
0
0
0
0
0.673228
0.029528
0.212598
0.170079
0
0
0
0
0
0.225197
0.084646
0.049213
0
0.104331
0.06378
0.006693
0
0
0
0
0
0
0.05
0.109449
0.016929
0.054331
0.076772
0.046063
0
0
0
0
0
0
0
0
0
0
0
0.012598
0
0
0
0
0
0
0
0
0
0
0
0
0
0
0
0
0.096457
0.005906
0
0
0
0
0
0
0
0
0
0
0
0
0
0
0
0
0
0
0
0
0
0
0
0
0.040157
0.051181
0.008661
0
0
0
0
0.015748
0.106299
0
0.003937
0
0.003937
0.083465
0.011024
0.094488
0.024409
0.074803
0.188976
0.138976
0.046063
0.001969
0
0
0
0.211811
0.038583
0
0
0
0
0
0
0
0
0
0
0
0
0
0
0
0
0
0.075591
0.012598
0.001969
0
0
0.016929
0.007874
0
0
0
0
0
0
0
0
0
0
0
0
0
0
0
0
0
0
0
0.005906
0.009843
0.492913
0.05
0.25
0.093701
0.229134
0.001969
0
0
0.198031
0.046063
0
0
0
0
0
0
0
0.005906
0.086614
0.011024
0
0.437795
0.105118
0
0.122835
0.011811
0.131102
0.388976
0.425197
0.003937
0.005906
0.438976
0.110236
0
0.548425
0.224409
0.037402
0.45
0.105118
0
0
0.206693
0.023622
0.134646
0.332677
0.113386
0
0
0
0.149606
0.322835
0.100394
0
0
0.096457
0.006693
0.001181
0
0.006693
0.580709
0.664567
0.035433
0
0.184252
0.161417
0.393701
0.087402
0.059843
0.262992
0.021654
0
0
0.908661
0.30315
0.029528
0.317717
0.004724
0.40748
0.017717
0.07874
0
0.305118
0.33937
0.248819
0.052362
0
0
0
0.21063
0
0.147638
0.238189
0.350394
0.883858
0.23622
0.138976
0.03937
0
0
0.775591
0.885039
1.070866
0.507087
0.057087
0
0.403543
0.765748
0.317717
0.203937
0.03937
0.200787
0.059055
0.533465
0.284252
0
0
0.119291
0.097244
0.047244
0
0.104331
0.014961
0.106299
0.21063
0.00315
0.139764
0.025591
0.001181
0.001969
0
0
0.034646
0.016929
0
0.100394
0.164567
0.102362
0.084646
0.001969
0.062992
0.280315
0.072047
0.122835
0.020472
0
0.104331
0.00315
0
0.05315
0.017717
0
0
0
0
0
0
0
0.192126
0.025591
0
0
0
0
0
0
0
0
0
0
0
0
0
0
0.022441
0.008661
0.177165
0.106299
0.016929
0
0
0
0
0
0.022441
0.027559
0.016929
0
0.004724
0.040157
0
0
0
0
0.022441
0.229134
0.038583
0
0
0
0
0
0
0
0.023622
0.035433
0
0
0
0
0
0
0
0.022441
0.53622
0.099606
0.054331
0
0
0
0.116929
0
0
0
0
0
0
0
0.136614
0.048425
0
0
0
0
0
0
0
0
0.344488
0.004724
0.023622
0.411417
0.604331
0.30315
0.005906
0
0
0
0.054331
0
0
0.135827
0.174409
0.051181
0
0.173228
0.112205
0.015748
0.075591
0.034646
0.011811
0
0.003937
0
0
0
0
0
0
0.025591
0
0
0
0
0
0
0
0
0
0
0
0
0
0
0
0
0.020472
0.009843
0
0
0
0
0
0
0
0
0
0
0
0
0
0
0
0
0
0
0
0
0
0
0
0
0
0
0
0
0
0
0
0
0
0
0
0
0
0
0
0
0
0
0
0
0
0
0
0.003937
0
0
0
0
0
0
0.009843
0.062992
0
0.03937
0
0.035433
0.008661
0
0
0
0
0
0
0
0.195669
0
0
0
0
0
0.281496
0.09252
0.431102
0.074803
0
0
0
0.072047
0.901575
0.524409
0.09252
0
0
0
0
0
0
0
0
0
0.025591
0
0
0
0
0
0
0
0.698031
0.11811
0
0.001969
0
0
0
0
0
0
0
0
0.038583
0
0
0
0
0
0
0
0
0
0
0
0
0
0
0
0
0
0
0
0.001181
0.102362
0.168504
0.113386
0.027559
0.46063
0.469685
0.164567
0.198031
0
0
0.05315
0.257087
0.761811
1.738976
0.237402
0.593307
0.133858
0
0.113386
0.184252
0
0
0
0
0
0
0
0.041339
0
0
0.041339
0
0.248819
0.153543
0.080709
0.238976
0.098425
0.194882
0.164567
0.747244
0.997244
0.185827
0.093701
0.179134
0.307087
1.090551
0.41811
1.194094
0.282677
0.089764
1.28622
0.48622
0.062992
0.21063
0.01378
0.183071
0
0.016929
0.004724
0
0
0.022441
0
0
0
0
0.022441
0.055906
0
0
0
0.293307
0.065748
0
0
0
0
0
0
0
0
0
0.134646
1.007087
0.113386
0
0
0
0
0.333858
0.188189
0.011024
0.11811
0.147638
0.203937
0.01378
0.116929
0.122835
0
0
0
0
0
0
0
0
0
0
0
0
0
0
0
0
0
0
0
0
0
0
0.011024
0
0.001969
0.047244
0.015748
0
0
0.001969
0
0.015748
0
0
0.26063
0.126772
0.022441
0
0
0
0.004724
0.14252
0.062992
0.04252
0
0
0
0
0
0
0
0
0
0.217717
0.156299
0.17126
0.086614
0.05
0.00315
0
0
0
0
0
0
0
0
0
0
0
0
0
0
0
0
0
0
0
0
0
0.004724
0
0
0.003937
0
0.422441
0.137795
0
0
0.044094
0.3
0.01378
0
0
0
0
0.007874
0.011811
0
0
0.107087
0
0
0.094488
0
0
0
0
0
0
0
0
0.007874
0.001969
0
0
0
0
0
0
0
0
0
0
0
0
0
0
0
0
0
0
0
0
0
0
0
0
0
0
0
0
0
0
0
0
0
0
0
0
0
0
0
0
0
0
0
0
0
0
0
0
0
0
0
0
0
0.009843
0
0
0
0
0
0.014961
0
0
0
0
0
0
0
0
0
0
0
0
0.008661
0
0.012598
0
0
0
0
0
0
0
0
0
0
0
0
0
0
0
0
0
0
0
0
0
0
0
0
0
0
0
0.054331
0.025591
0.392913
0.238189
0.507087
0.877953
0.874016
0.107087
0.288189
0.014961
0
0
0.012598
0.012598
0
0
0
0.034646
0.379921
0.11811
0.188189
0.364173
0.885827
0.055118
0.319685
0.281496
0.035433
0
0
0.016929
0.008661
0.05315
0.011811
0
0
0.406299
0.584646
1.659449
0.903543
0.122835
0.131102
0.453543
0.279528
0.049213
0.312992
0.244094
0.149606
0.357087
0.01378
0
0.14252
0.116142
0.168504
0
0.024409
0
0.122835
0.041339
0.189764
0.597638
0.007874
0
0
0.146457
0.096457
0.003937
0
0
0
0
0.00315
0.05315
0.507087
0.046063
0.231496
0
0
0
0
0
0
0
0
0.062205
0.338583
0.089764
0.167323
0.091732
0.800394
0.075591
0.836614
1.925197
0.445669
0.076772
0.011811
0.001181
0
0
0
0
0
0
0
0
0
0
0
0
0
0.069685
0.25315
0
0
0
0
0.051181
0
0
0
0
0.181102
0.032283
0
0
0.343701
0.005906
0
0.065748
0.007874
0.104331
0.136614
0.195669
0.069685
0.400787
0.031496
0.001969
0
0.33189
0.322835
0
0.012598
0
0
0.001969
0.270866
0.761811
0.524409
0.046063
0.116142
0.284252
0.233465
0
0
0
0
0
0.848425
0.188976
0.188189
0.885039
0.238189
0
0
0.046063
0.06811
0.001181
0
0
0
0
0
0.022441
0.032283
0.001969
0.515748
0.065748
0.005906
0
0.001969
0.001969
0.06811
0.175984
0.134646
0.030315
0.001969
0.012598
0
0.035433
0.029528
0
0
0
0
0
0
0
0.054331
0.150787
0.309055
0.021654
0
0
0.340551
0.095276
0
0
0.126772
0.194094
0.01378
0
0.102362
0.019685
0
0
0
0
0
0
0
0
0.972441
0.138976
0.087402
0.124803
0.055118
0.017717
0.390945
0.040157
0.006693
0
0.001181
0
0
0
0
0.065748
0.011811
0
0.016929
0
0
0
0
0.059843
0.015748
0.021654
0
0
0
0
0.317717
0.211811
0.122047
0
0
0
0
0
0
0
0
0
0
0
0
0.209449
0
0
0
0
0
0
0
0
0
0
0
0.137795
0.001181
0
0
0
0
0
0
0
0
0
0
0
0
0
0
0
0
0
0
0
0.005906
0
0
0
0
0
0
0
0
0
0.00315
0
0
0
0
0.011811
0.00315
0
0.001181
0.058268
0.003937
0.037402
0
0
0
0
0
0
0
0
0
0
0
0
0
0
0
0
0
0
0
0
0
0
0.012598
0.170079
0.203937
0.029528
0.582677
0.228346
0.001969
0
0
0
0
0
0
0
0
0
0
0
0
0
0.264567
0.004724
0
0
0.012598
0.209449
0.014961
0
0.098425
0.090551
0
0.05
0.03937
0.00315
0
0.040157
0.307874
0
0.023622
0
0
0
0
0
0
0
0.637795
0
0.031496
0.217717
0.08189
0
0
0
0
0
0
0
0
0.00315
0.228346
0.102362
0.783465
0.573622
0.464567
1.21378
0.116142
0
0.154331
0.357087
0.122047
0.40748
0.551969
0.023622
0
0.45
0.366929
0.177165
0.033465
0.205512
0.198031
0.080709
0.001969
0
0
0
0
0
0.149606
0.085433
0.049213
0.352362
0.001969
0.011811
0
0.133858
0.024409
0
0
0
0
0
0
0
0
0
0
0
0.019685
0.019685
0
0
0
0
0.167323
0.357087
0.109449
0.036614
1.066929
2.444094
1.255118
0.166142
0.015748
0.091732
0.125984
0.106299
0.008661
0
0
0.015748
0
0
0.011024
0.057087
0.001181
0
0
0
0
0
0.01378
0.058268
0.001969
0.094488
0.153543
0.001969
0
0
0.048425
0.02874
0.137795
0.181102
0.22126
0.058268
0.386614
0.033465
0.601181
0.305118
0.351575
2.245276
1.458661
0.04252
0.018504
0.001969
0
0
0
0.012598
0.172441
0.099606
0.19685
0.033465
0
0
0
0.018504
0
0
0
0.602362
0.305118
0.038583
0.02874
0.026772
0
0
0
0
0
0
0.318898
0.025591
0.04252
0.18189
0.165354
0.083465
0.120079
0.023622
0
0.116929
0.240157
0.167323
0.006693
0
0
0
0
0
0
0
0
0
0.14252
0.080709
0
0
0.045276
0
0
0
0
0
0
0
0
0.001969
0.227559
0
0
0
0
0
0
0
0
0.188189
0.017717
0
0.023622
0.283465
0.05
0
0
0
0
0
0
0
0
0
0
0
0
0
0
0
0.234252
0.223622
0.054331
0.134646
0.14252
0
0
0
0
0
0
0
0
0
0
0
0
0
0
0
0
0
0
0
0
0
0
0
0
0
0
0
0
0
0
0
0
0
0
0
0
0
0
0
0
0
0
0.109449
0
0
0
0
0
0.007874
0
0
0
0
0
0
0
0
0
0
0
0
0
0
0
0
0.06378
0.024409
0.001969
0
0
0
0
0
0
0
0
0
0
0
0.006693
0
0
0
0
0
0.184252
0.030315
0
0
0
0
0.045276
0
0
0
0
0
0
0
0.012598
0.011024
0
0.025591
0.00315
0.066929
0
0.061024
0.024409
0.001181
0
0
0
0
0
0
0
0
0
0
0.37874
0.253937
0.458661
0.162205
0.181102
0.307874
0.088583
0.040157
0
0.034646
0
0
0
0
0
0
0
0
0
0.026772
0.169291
0.014961
0
0.087402
0.087402
0
0.177165
0.188189
0
0.068898
0.09252
0.011024
0.00315
0.131102
0.008661
0
0.023622
0.014961
0.160236
0.011811
0.041339
0.216535
0.200787
0.037402
0.301181
0.00315
0
0
0.217717
0.011811
0.004724
0.001969
0
0
0
0.18189
0.243307
0
0.314961
0.112205
0.004724
0
0
0
0.348425
0.076772
0
0
0
0.443701
0.152756
0.519685
0.203937
0.088583
0.415354
0.237402
0.167323
0.016929
0
0
0.062992
0
0
0.001181
0
0
0.019685
0
0
0.027559
0.004724
0
0.070866
0.23622
0.517717
0.910236
0.139764
0.004724
0
0.437008
0.110236
0.148819
0.296457
0.01378
0.183071
0.004724
0
0
0.074803
0
0
0
0
0.032283
0.139764
0.023622
0
0
0.022441
0.284252
0.104331
0.116929
0.062992
0.022441
0.152756
0.055906
0.151575
0.001969
0.102362
0.076772
0
0
0
0
0
0
0
0
0
0.105118
0.02874
0.114961
0.129921
0.111417
0.059055
0.003937
0.114173
0.001969
0.048425
0.035433
0.005906
0.001181
0.33937
0.080709
0
0.023622
0
0
0.02874
0.138976
0.031496
0
0.086614
0.020472
0.01378
0
0
0
0
0
0.001969
0.141732
0.334646
0.170079
0.015748
0.011811
0
0
0
0
0
0
0
0
0
0.01378
0.099606
0.025591
0
0.012598
0.096457
0.058268
0.15748
0.003937
0
0
0
0
0
0
0
0
0
0
0
0
0
0.099606
0.022441
0
0
0
0
0
0
0
0
0
0.141732
0.011024
0.011811
0.01378
0
0
0
0
0
0.183071
0.299213
0
0
0
0
0
0.155512
0
0
0
0
0
0
0
0
0
0
0
0
0
0
0
0
0.06378
0
0
0
0
0
0.005906
0
0
0
0
0
0
0
0
0
0
0
0
0
0
0
0
0
0
0
0
0
0
0
0
0.014961
0
0.023622
0.090551
0.001181
0
0
0
0
0
0
0
0
0
0
0
0
0
0.027559
0
0
0
0
0
0
0
0
0
0
0
0
0
0
0
0
0
0
0
0.035433
0.00315
0
0
0
0
0
0
0
0
0
0
0
0.004724
0.001181
0
0
0
0
0
0
0
0
0
0.004724
0.089764
0.167323
0.052362
0.055906
0.102362
0.174409
0.137795
0.037402
0
0
0
0
0
0
0
0
0
0
0.226378
0
0
0
0
0
0
0
0
0
0
0
0
0.195669
0.05
1.561811
0.951575
0.425984
0.06378
0
0
0
0.235039
0
0
0.215354
0.001969
0.001969
0.011811
0.288189
0.859449
0.484252
0.904724
0.087402
0.188189
0.538583
1.00315
0.188189
0.244882
0.020472
0.098425
0.06811
0.135827
0.076772
0.149606
0.122835
0.257087
0.046063
0.168504
0.114961
0.091732
0.083465
0.022441
0
0.181102
0.26063
0.232283
0.109449
0
0.017717
0.100394
0.194882
0.030315
0
0
0.146457
0.09252
0.268504
0.251181
0.033465
0
0.330709
0.040157
0
0.137795
0.355118
0.055906
0.001969
0
0.001181
0.177165
0.129921
0.456693
0.886614
0.23622
0.021654
0.007874
0
0
0.004724
0.009843
0.031496
0.001969
0
0
0
0
0.207874
0.21063
0.208661
0.416142
1.79252
0.383071
0.765748
0.542126
0.001181
0
0
0
0
0.027559
0.058268
0.001969
0.040157
0
0
0.093701
0.183071
0.019685
0
0.131102
0.005906
0
0
0
0
0
0
0
0.051181
0.051181
0.006693
0.129921
0.014961
0.34252
0.520866
0.094488
0.027559
0.185039
0.068898
0
0
0
0.104331
0.185827
0.512598
0.301181
0.003937
0
0.052362
0.082677
0.119291
0.188189
0.001181
0
0.046063
0.165354
0.188189
0.435039
0.159449
0.001969
0.139764
0.00315
0
0
0
0
0
0
0.08189
0.033465
0.036614
0.172441
0.537402
1.185827
0.185039
0.482283
0.269685
0.09252
0
0.00315
0.211811
0
0
0.108268
0.044094
0
0
0
0
0
0
0
0
0.011024
0
0
0
0.240157
0.101575
0.127953
0.022441
0.08189
0
0
0
0
0
0
0
0
0
0
0
0
0
0
0
0
0
0.023622
0.030315
0.03937
0.027559
0.004724
0
0
0
0
0
0
0
0
0
0
0
0
0
0
0
0
0.192126
0.016929
0
0
0
0
0
0
0
0
0
0
0.02874
0.001181
0
0.183071
0
0
0
0
0
0
0
0
0
0
0
0
0
0
0
0
0
0
0.177165
0.198031
0.033465
0.003937
0
0
0
0
0
0
0.011811
0.019685
0
0
0
0
0
0
0
0.011811
0
0
0
0
0
0
0
0
0.106299
0.004724
0
0
0
0
0
0
0
0
0
0
0
0
0
0
0
0
0
0
0.006693
0.001969
0
0
0
0
0
0
0
0
0
0
0
0
0
0
0
0
0
0
0
0
0
0
0
0
0
0
0
0
0
0
0
0
0
0
0
0
0
0
0
0
0
0
0
0
0
0
0
0
0
0
0
0
0
0
0
0
0
0
0
0
0.083465
0.278346
0.064961
0
0.016929
0.021654
0
0
0
0
0
0.001969
0.127953
0.098425
0.068898
0.001969
0
0
0
0
0
0
0.491339
0.055906
0
0.011811
0.084646
0.007874
0.00315
0.155512
0.016929
0
0
0
0
0
0.105118
0.05315
0.148819
0.057087
0.024409
0.122835
0.001969
0
0
0.199606
0.144488
0.34252
0.572835
0.220472
0.014961
0.141732
0.004724
0.105118
0.361417
0.149606
0.179921
0.05315
0
0
0
0.218504
0.185827
0.004724
0.18189
0.016929
0
0
0
0.195669
0.499213
0.56811
0.03937
0.431102
0.244882
0.175197
0.064961
0.021654
0
0
0
0
0
0
0
0
0
0
0
0.033465
0.008661
0.147638
0.009843
0
0.00315
0
0.033465
0.322835
0.341732
0.12126
0.261811
0.165354
0.40748
0.021654
0.024409
0.25
0.217717
0.027559
0.359055
0.427165
0.125984
0
0.177165
0.00315
0
0.268504
0.484252
0.021654
0
0
0
0
0
0.343701
0.06811
0
0.070866
0.124803
0
0
0.001969
0.001969
0.324803
0.144488
0.001969
0.107087
0
0.037402
0.262992
0
0.076772
0.109449
0.573622
0.864173
0.122047
0.046063
0.227559
0.133858
0.164567
1.096457
0.020472
0
0
0
0
0
0
0
0
0.084646
0.011024
0.119291
0.004724
0.064961
0.015748
0.001181
0
0
0
0
0.23622
0.007874
0
0
0
0.011811
0
0
0.097244
0.02874
0.10315
0.051181
0.001181
0
0
0
0
0
0.093701
0.169291
0.03937
0
0
0
0
0
0.255906
0
0
0
0
0
0
0
0
0
0
0
0
0
0
0
0
0
0
0
0
0
0.511024
0
0
0
0
0
0
0
0
0
0
0
0
0
0
0
0
0.116142
0.05
0.001969
0
0
0.678346
0.163386
0
0.016929
0
0
0
0
0
0
0
0
0.00315
0
0
0
0
0
0
0
0.025591
0.143701
0.28937
0
0
0
0
0
0
0
0
0
0
0
0
0.083465
0
0
0
0
0
0
0
0.006693
0
0
0
0
0.006693
0
0
0
0
0
0
0.133071
0.025591
0
0
0
0.138976
0
0
0
0
0.129921
0.02874
0
0
0
0
0
0
0
0
0
0
0
0
0
0
0
0.066929
0.352362
0
0.009843
0
0
0
0
0
0
0
0
0
0
0
0
0
0
0
0
0
0
1.637008
0.170079
0.005906
0
0.107087
0.016929
0.015748
0.012598
0
0
0
0
0
0.017717
0
0
0.014961
0.005906
0
1.857087
0.639764
0.138976
0.062205
0.007874
0.145669
0.022441
0
0
0
0
0
0.015748
0.226378
0.045276
0
0.143701
0.046063
0
0
0.011811
0.346457
0.17126
0.03937
0
0
0.084646
0.030315
0
0.004724
0
0
0.033465
0.062992
0.016929
0.025591
0.169291
0.267717
0.009843
0
0.12126
0.553937
0.167323
0.006693
0
0
0
0
0.074016
0.099606
0.009843
0.415354
0
0
0
0
0
0
0.06378
0.047244
0.031496
0.023622
0.139764
0.026772
0
0.016929
0.107087
0.008661
0
0
0
0.03937
0.09252
0.601181
0.158661
0.065748
0.097244
0.031496
0.024409
0.551969
0.100394
0.031496
0
0
0
0
0
0
0
0
0
0.004724
0
0
0
0
0
0
0
0
0
0
0
0
0
0
0
0
0
0
0
0.004724
0.159449
0.095276
0.470472
0.202756
0.110236
0.144488
0.08189
0
0
0
0
0.105118
0.424016
0.25315
0.185039
0.246063
0.351575
0
0.012598
0
0
0
0
0.185039
0.00315
0
0
0
0
0
0
0.005906
0.008661
0.008661
0.159449
0.01378
0
0
0.030315
0.329921
0.139764
0.008661
0.017717
0.043307
0.005906
0
0.076772
0.158661
0
0
0
0
0
0
0.020472
0
0
0
0
0
0.003937
0.017717
0
0
0.08189
0.007874
0
0
0.023622
0.016929
0.089764
0.00315
0
0
0
0
0
0
0
0
0
0
0
0
0.001969
0.03937
0.061024
0.011811
0
0
0
0
0
0
0
0
0
0
0
0
0
0
0
0
0
0
0
0.098425
0.057087
0
0.059843
0.035433
0
0
0
0
0.006693
0.208661
0.003937
0.051181
0.007874
0
0
0
0
0
0
0
0.080709
0.044094
0
0
0
0
0
0
0
0
0
0
0
0
0
0
0
0
0
0
0
0.080709
0.019685
0
0
0
0.032283
0.046063
0
0.065748
0
0
0.02874
0
0.020472
0
0
0
0
0.007874
0.009843
0.138976
0.571654
0.006693
0.015748
0.077953
0.070866
0.026772
0
0.374803
0
0
0
0.032283
0.024409
0.194882
0.573622
0.027559
0.031496
0.023622
0.016929
0
0
0.139764
0
0.005906
0
0
0
0
0
0
0
0
0
0
0
0
0
0
0
0
0
0
0
0.005906
0.014961
0.114961
0.135827
0
0
0.001969
0.003937
0
0
0
0
0
0
0
0
0
0
0
0
0
0
0
0
0
0
0
0
0
0
0
0
0
0
0
0
0
0
0
0
0
0.153543
0.011811
0
0
0
0.027559
0.043307
0.031496
0
0
0
0
0
0
0
0
0
0
0
0
0.147638
0.203937
0.033465
0
0
0
0
0
0
0
0
0
0
0
0
0
0
0
0
0
0
0
0
0
0
0.109449
0.004724
0
0
0
0
0
0
0
0
0
0
0
0
0
0
0
0
0
0
0
0.11811
0
0.102362
0.140945
0.555118
0.062205
0
0.001181
0
0
0
0.005906
0
0.033465
0.043307
0
0
0
0
0
0
0
0
0
0
0
0
0
0
0
0
0
0
0
0
0
0
0
0
0
0
0
0
0
0
0
0
0
0
0
0
0
0
0.145669
0.284252
0.074016
0.084646
0.032283
0.015748
0.022441
0.072835
0.135827
0.041339
0.119291
0.021654
0
0
0
0.023622
0.167323
0.232283
0
0.052362
0.025591
0.026772
0.011811
0.00315
0
0.011811
0.012598
0.005906
0
0
0.099606
0.177165
0.008661
0
0
0.059055
0.005906
0.032283
0
0.05315
0
0
0
0
0
0
0
0.001181
0
0
0
0
0
0
0
0
0
0.031496
0
0
0
0
0
0
0.161417
0.011811
0
0
0
0.006693
0.242126
0.214567
0.101575
0.048425
0.040157
0.032283
0.008661
0.012598
0.649606
0.187008
0.069685
0
0
0
0.027559
0.011811
0
0.004724
0
0
0
0.334646
0.122835
0.006693
0.116929
0.265748
0
0
0
0
0
0
0
0
0
0
0
0.295276
0.26378
0.017717
0.334646
0.074803
0.032283
0.065748
0.003937
0
0
0.004724
0.022441
0.314961
0
0
0
0
0
0
0
0
0
0
0.005906
0.083465
0
0.006693
0.029528
0
0
0
0
0
0
0
0
0
0
0
0
0
0
0
0
0
0
0
0
0.025591
0
0
0
0
0
0
0
0
0
0
0
0.054331
0.00315
0.001181
0
0
0
0
0
0
0
0
0
0
0
0.004724
0.007874
0
0.074803
0.086614
0.066929
0
0
0.005906
0
0
0
0
0
0
0
0
0
0
0
0
0
0
0
0
0
0.068898
0.322835
0.076772
0.122047
0.175984
0.030315
0
0
0.194094
0.134646
0
0
0.312205
0.600394
0.187008
0
0
0
0
0
0
0.004724
0.00315
0
0
0
0
0
0
0
0
0
0
0
0
0
0
0
0.05315
0.165354
0.26378
0
0
0.033465
0.007874
0.101575
0
0.018504
0.011811
0
0.011811
0.034646
0
0
0
0
0
0.015748
0.006693
0.031496
0.001181
0
0
0
0.011024
0
0.954724
1.07874
0.423228
0.230315
0.856299
0.343701
0.257087
0.062205
0.01378
0
0
0.019685
0.159449
0.199606
0
0.001969
0.020472
0.014961
0
0
0.255906
0.725197
0.037402
0.718504
1.14252
0.448031
0.550394
0.366929
0.011811
0
0
0.004724
0.135827
0.105118
0
0
0.302362
0.538583
0.004724
0.206693
0.080709
0.040157
0.044094
0.235039
0.00315
0.359055
0.307087
0.05315
0.040157
0.23622
0.188189
0.036614
0.111417
0.019685
0.17126
0.140945
0.555906
0.244094
0.054331
0.18189
0.015748
0.009843
0.074016
0.01378
0
0
0.009843
0
0
0
0
0
0
0.131102
0.397638
0.049213
0
0.202756
0.095276
0.582677
0.044094
0.015748
0
0
0
0
0.105118
0.015748
0.014961
0.01378
0.003937
0
0
0
0
0
0
0
0
0
0
0.007874
0.189764
0.035433
0.139764
0.425197
0
0.475197
0.775591
0.037402
0
0.00315
0
0
0
0
0
0
0
0
0
0.025591
0.048425
0.555906
0
0
0
0
0
0.075591
0
0.25
0.08189
0.137795
0.189764
0.101575
0.279528
0.257874
0
0
0
0
0
0
0
0
0.043307
0.139764
0
0
0.147638
0.094488
0.006693
0
0
0.05315
0.086614
0.021654
0
0
0.029528
0.234252
0
0
0
0
0
0
0
0.011024
0.06811
0.001969
0
0
0.011024
0.377953
0.022441
0
0
0
0
0
0
0
0.001969
0.033465
0.036614
0
0
0
0
0
0
0
0
0
0
0
0
0
0
0.006693
0.020472
0
0
0
0
0
0
0
0.097244
0
0
0.003937
0.024409
0.011024
0.164567
0.09252
0.00315
0.003937
0.364961
0.116142
0
0.007874
0.215354
0.001969
0
0
0
0.040157
0
0
0
0
0
0
0
0
0
0
0
0
0
0
0
0
0
0
0.057087
0
0
0
0
0
0
0
0
0.00315
0
0.003937
0
0
0
0
0
0
0
0
0.022441
0.00315
0
0
0
0
0.101575
0.044094
0.005906
0.116142
0.007874
0
0.011024
0.008661
0.106299
0.088583
0
0
0
0
0
0.297244
0.077953
0.02874
0
0.06811
0.235039
0
0.025591
0.143701
0.007874
0
0
0.004724
0
0
0
0
0
0
0
0
0
0
0
0
0
0
0
0
0
0
0
0
0
0
0
0
0
0
0
0
0
0
0
0
0
0
0
0
0
0
0
0
0
0
0
0
0
0
0
0
0
0
0
0
0
0
0
0
0
0
0.034646
0
0
0.014961
0.048425
0.058268
0.046063
0
0
0
0
0
0.253937
0.258661
0.055118
0.269685
0.037402
0
0.001969
0.224409
0.034646
0
0
0
0
0.070866
0.009843
0
0
0
0
0.007874
0.173228
0
0
0
0
0
0.008661
0
0
0
0
0
0
0
0
0
0
0
0
0
0
0.06811
0.145669
0.21063
2.04252
0.685039
0.035433
0.043307
0.238976
0.004724
0
0
0
0
0
0
0
0.005906
0.033465
0
0
0.015748
0
0
0
0
0
0
0
0
0.017717
0
0
0
0.001969
0
0.059843
0.379921
0.364961
0.08189
0.014961
0.014961
0.01378
0.14252
0.011024
0.11811
0.038583
0.168504
0.046063
0.001181
0.061024
0.01378
0.264567
0.065748
0.06811
0.016929
0.084646
0.307874
0
0
0
0
0
0
0
0
0
0
0.107087
0.052362
0.017717
0.277559
0.011024
0
0.044094
0.005906
0
0
0
0.040157
0.068898
0.003937
0
0
0
0
0
0
0
0.038583
0
0.033465
0.01378
0.015748
0.084646
0.027559
0
0
0
0.016929
0.347244
0.009843
0
0
0
0.014961
0.442126
0.120079
0.133071
0.001969
0.021654
0
0
0
0.385827
0.06811
0
0
0.075591
0.244094
0.771654
0.055906
0
0
0
0
0
0
0
0
0
0
0
0
0
0
0
0.098425
0.011024
0
0
0
0
0
0
0
0
0
0
0
0
0
0
0
0
0
0
0
0
0
0
0.18189
0.062205
0
0
0
0
0
0
0
0.011811
0
0
0
0
0
0
0
0
0
0
0
0
0
0
0
0
0
0
0
0
0
0
0
0.004724
0.020472
0.032283
0.003937
0
0
0
0
0
0
0
0
0
0
0
0
0
0
0
0
0
0
0
0
0.005906
0.102362
0.032283
0
0
0
0
0.120079
0.087402
0.00315
0
0
0
0
0
0.082677
0.064961
0.296457
0.012598
0
0.091732
0.001969
0.003937
0
0
0
0
0
0
0
0
0
0
0
0
0
0
0
0
0
0
0
0
0.029528
0.025591
0.012598
0
0
0
0
0
0
0
0
0
0
0.012598
0.015748
0
0
0
0
0
0.661417
0.124016
0
0.001181
0.472441
0.194094
0.188189
0.200787
0.040157
0.200787
0.825984
0.477165
0.001181
0.312205
0.015748
0.062992
0.219291
0.029528
0.027559
0.134646
0.279528
0.152756
0.018504
0
0
0
0
0
0
0
0
0
0.52874
0.625197
0.617323
0.206693
0.011811
0
0.03937
0.687008
0.286614
1.377953
0.403543
0
0
0
0
0
0
0.155512
0
0.096457
0
0
0.001181
0.001181
0.001181
0
0
0
0
0
0
0
0
0
0.017717
0.017717
0.037402
0.271654
0.246063
0.179134
0.022441
0
0
0
0.007874
0.066929
0.106299
0.006693
0
0
0.075591
0.15748
0
0
0.011024
0.212598
0.080709
0.872047
1.748031
0.689764
0.119291
0.069685
0.31378
0.009843
0
0
0
0
0
0
0
0
0
0
0
0
0
0.087402
0.009843
0.360236
0.33189
0.007874
0.108268
0.05
0
0
0
0
0
0
0
0.004724
0.025591
0.059843
0.459843
0.437008
0.30315
0.216535
0.099606
0.052362
0
0.006693
0.005906
0.004724
0.083465
0.065748
0
0.041339
0.02874
0.279528
0.075591
0.112205
0.046063
0
0.008661
0
0.055906
0.082677
0.04252
0.194882
0.383858
0.023622
0.006693
0.158661
0.008661
0.020472
0.080709
0
0.00315
0
0.005906
0
0.021654
0
0
0
0
0.066929
0.004724
0
0.011024
0.070866
0.184252
0.165354
0.00315
0.156299
0.008661
0
0
0
0
0
0
0
0
0
0.020472
0.372047
0.012598
0
0
0
0
0
0
0
0
0
0
0
0
0
0.001181
0.01378
0
0.049213
0.440945
0.058268
0
0
0.214567
0.031496
0
0
0
0
0
0
0.005906
0.019685
0.062205
0.082677
0.018504
0
0.021654
0.00315
0
0
0
0.008661
0.061024
0.125984
0.163386
0.082677
0.055906
0
0
0
0
0.175984
0.204724
0.105118
0
0
0
0
0
0
0
0
0.046063
0.102362
0.012598
0.055118
0.179134
0
0
0
0
0.001969
0.155512
0
0
0
0
0
0
0
0
0
0
0
0
0
0
0
0
0
0
0
0
0
0
0
0
0
0.030315
0.016929
0
0
0
0
0
0
0
0
0
0
0
0
0
0
0
0
0
0
0
0
0
0
0
0
0
0
0
0
0
0
0
0
0
0
0
0
0
0
0
0
0
0.029528
0.018504
0.008661
0.009843
0.004724
0.021654
0
0
0.208661
0.129921
0
0.003937
0
0
0
0
0
0
0
0
0
0
0
0
0
0
0
0
0
0
0
0
0.364961
0.283465
0.214567
0.05315
0
0
0
0
0
0
0
0
0
0.031496
0.036614
0.055906
0.001969
0
0
0
0
0.083465
0
0
0
0
0.311024
0.543307
0.006693
0.008661
0
0
0
0
0.030315
0
0
0
0
0
0
0.538583
0.251969
0.06811
0
0
0
0
0.032283
0.066929
0.072835
0.721654
1.051181
0.324803
0.207874
0.166142
0.035433
0
0
0
0
0
0
0
0
0
0
0
0
0.00315
0.047244
0.288189
0.011811
0.062992
0.349606
0.054331
0.036614
0.068898
0
0.001969
0.001969
0.004724
0.001969
0.001969
0.032283
0
0
0
0
0
0
0
0
0
0
0
0.032283
0.164567
0.046063
0
0.00315
0.011811
0.032283
0.01378
0.02874
0
0.264567
0.481496
0.480315
0.084646
0.026772
0
0
0
0
0
0.001181
0.027559
0.011024
0
0
0
0.069685
0.062992
0.044094
0.561024
0.355118
0.036614
0.168504
0.122835
0.043307
0.179134
0.005906
0
0
0.027559
0.223622
0.101575
0.018504
0
0
0
0.00315
0.068898
0.114173
0
0
0.017717
0
0
0
0
0
0.167323
0
0.052362
0.018504
0
0.244094
0.088583
0.021654
0.084646
0.01378
0
0.25
0.420472
0.026772
0.017717
0.062992
0.147638
0.016929
0.016929
0.023622
0
0
0
0
0
0
0.043307
0.041339
0
0.006693
0
0
0
0
0
0
0.020472
0.444882
0
0
0
0
0.122047
0.240945
0.062205
0
0
0
0
0
0
0
0
0
0
0
0
0
0
0
0
0.048425
0.026772
0.098425
0.059055
0.477165
0.501969
0.175984
0.00315
0
0
0.097244
0.194094
0.122835
0.00315
0
0
0
0
0
0.025591
0.017717
0.011024
0
0
0.001181
0.143701
0.06378
0
0
0.035433
0.026772
0.00315
0
0
0
0
0
0
0
0
0
0
0
0
0
0
0
0
0
0
0
0
0.038583
0.014961
0.01378
0
0
0
0
0
0
0
0
0
0
0
0
0
0
0
0
0
0
0
0
0
0
0
0
0
0
0
0
0
0
0
0
0
0
0
0
0
0
0
0
0
0
0
0
0
0
0
0
0
0
0
0
0
0
0
0
0
0
0
0
0
0
0
0
0
0
0
0
0
0
0
0
0
0.001969
0
0
0
0
0
0.004724
0.001969
0.119291
0.305118
0
0
0
0.007874
0.034646
0
0
0
0.515748
0.129134
0.045276
0.507087
0.09252
0.058268
0.017717
0
0
0
0
0
0
0
0
0
0
0
0
0
0.027559
0.319685
0.324016
0.114961
0.026772
0
0
0
0
0
0
0
0
0
0.00315
0.035433
0.363386
0.320866
0.38189
0.712598
1.022835
0.977559
0.125984
0.01378
0.005906
0.242126
0.383071
0.237402
0.63189
0.15748
0.158661
0.168504
0.001181
0
0.001181
0.094488
0.048425
0.007874
0.004724
0
0.352362
0.322047
0.00315
0
0.21063
0.004724
0.160236
0.21063
0.26378
0.296457
0.209449
0
0.248819
1.288189
1.60748
0.45
0.01378
0.034646
0.024409
0.036614
0.519685
0.794094
0.027559
0.59252
0.343701
0.075591
0.480315
0.347244
0.259843
0.18189
0.049213
0
0
0
0
0
0
0
0
0
0
0
0
0.084646
0.251969
0.061024
0.083465
0.037402
0.279528
0.064961
0.026772
0.131102
0.26063
0.097244
0.062992
0
0
0
0
0
0
0
0
0
0
0
0
0
0
0.31378
1.149606
0.248819
0.484252
0.177165
0.001969
0.23622
0.072835
0.524409
0.641732
0.006693
0
0
0
0.101575
0
0.027559
0.215354
0.04252
0.082677
0.011811
0
0
0.007874
0
0.001181
0.335433
0.033465
0
0.147638
0.204724
0.00315
0.162205
0.194094
0.18189
0
0
0
0
0
0
0
0.012598
0.113386
0.122835
0.158661
0.611024
0.265748
0.083465
0.13189
0.051181
0.070866
0.104331
0.076772
0.012598
0
0.001181
0.492913
0.100394
0.017717
0.15748
0.156299
0.017717
0
0
0
0
0
0
0
0
0
0
0
0
0
0
0
0
0
0
0
0
0
0
0
0.009843
0.011811
0
0
0
0
0
0.090551
0.192913
0
0
0
0
0
0
0
0
0
0
0
0
0
0.035433
0
0
0.110236
0.112205
0.011811
0
0
0
0
0.011811
0.072047
0.105118
0
0
0
0
0
0.02874
0.082677
0.059843
0.030315
0
0
0.05
0.00315
0.161417
0.101575
0.51378
0.106299
0.159449
0.101575
0.29252
0.003937
0
0
0.113386
0.011811
0.004724
0
0
0
0
0
0
0
0
0
0
0
0
0
0
0
0
0
0
0
0
0
0
0
0
0
0
0
0
0
0.008661
0.001181
0.003937
0
0
0
0
0
0
0
0
0
0
0.01378
0
0
0
0
0
0
0
0.13189
0.116142
0
0
0
0
0.037402
0
0
0
0
0
0.004724
0
0.005906
0.038583
0.030315
0
0
0.009843
0.047244
0.114961
0.077953
0.006693
0
0
0.091732
0.009843
0.05315
0.116929
0.009843
0.126772
0
0
0
0
0
0
0
0.198819
0.017717
0
0
0
0
0
0
0
0
0
0
0
0
0.021654
0.020472
0.343701
0.072047
0.015748
0.286614
0.204724
0
0.145669
0.747244
0.387795
0
0
0
0
0
0.016929
0.011024
0.030315
0.064961
0
0
0
0
0
0
0
0.188189
0.298031
0.525591
0.133071
0.093701
0.134646
0.015748
0
0
0
0.027559
0.037402
0.403543
0.274409
0.135827
0.112205
0.288189
0.057087
0.041339
0.174409
0.004724
0
0
0
0
0.034646
0.147638
0.101575
0.551969
0.790551
1.320866
0.312992
0.158661
0.023622
0.165354
0.335433
0.682283
0.046063
0
0.05315
0.023622
0
0
0
0
0
0
0.01378
0.064961
0.001969
0
0.023622
0.01378
0
0
0
0
0
0
0
0.232283
0.32874
0.030315
0.257874
0.062992
0.008661
0.104331
0.165354
0.064961
0.049213
0.062992
0.383858
0.098425
0
0.00315
0.018504
0
0
0
0
0
0.129134
0.293307
0.203937
0.248031
0.45
0.393701
0.021654
0.124803
0.135827
0.399606
0.116142
0.175197
0.534252
0.280315
0.006693
0.11811
0.291339
0.055118
0.05
0.009843
0.154331
0.116929
0.034646
0.136614
0.037402
0.059055
0.04252
0.124803
0.076772
0.055906
0.012598
0.052362
0.051181
0.091732
0.209449
0.772441
0.319685
0.032283
0
0.007874
0.061024
0
0
0.198031
0.051181
0.148819
0.098425
0.277559
0.015748
0.293307
0.099606
0.151575
1.226378
0.709449
0.068898
0.095276
0.08189
0.023622
0
0
0
0
0
0.001181
0
0.004724
0
0
0
0
0
0
0.052362
0.038583
0.129921
0.061024
0.004724
0.079921
0.064961
0.049213
0.052362
0.052362
0.114173
0.084646
0.332677
0.006693
0
0
0.046063
0.116142
0.001969
0.011811
0.160236
0.062992
0
0
0
0
0.020472
0.001969
0
0
0
0
0
0
0
0
0
0
0
0
0.030315
0.061024
0
0
0
0
0
0
0
0
0.023622
0.02874
0.001969
0.225197
0
0
0
0
0
0
0.011811
0
0
0
0.00315
0
0
0
0
0.185827
0
0.006693
0
0.079921
0.177165
0
0
0
0
0
0
0.001969
0
0
0
0
0
0
0
0.109449
0.07874
0
0
0
0
0
0
0.007874
0.001969
0
0
0
0
0
0
0
0
0
0
0
0
0.011811
0
0
0
0
0
0.057087
0.001181
0.044094
0.014961
0.007874
0.030315
0.022441
0.001181
0.03937
0.278346
0.110236
0.068898
0.005906
0
0.001181
0.006693
0.135827
0
0.030315
0.040157
0
0
0
0
0
0
0
0
0
0
0
0
0
0
0
0
0
0
0
0.001969
0.065748
0.076772
0.046063
0
0
0
0
0
0
0
0
0
0
0
0
0
0.101575
0.134646
0.029528
0
0
0
0
0
0
0
0
0
0
0
0.268504
0.131102
0
0
0
0
0
0.167323
0.12126
0.114961
0.291339
0.139764
0.035433
0.027559
0.257874
0.185039
0
0.232283
0.096457
0.179921
0.072835
0.431102
0.201575
0
0.112205
0.226378
0.301181
0.326772
0.400787
0.047244
0
0.288189
0.376772
0.217717
0.001181
0
0
0
0.047244
0.393701
0.05
0.338583
0.258661
0.034646
0.318898
0.681102
0.3
0.114961
0.234252
0.375984
0.307874
0.940945
0.540551
0.377953
0.024409
0.13189
0.024409
0.011811
0.001181
0.05
0.02874
0
0.545276
0.358268
0.231496
0.269685
0.01378
0.11811
0.13189
0.051181
0
0
0
0
0
0
0
0
0
0.00315
0.05
0
0
0
0
0.048425
0
0
0
0
0.07874
0.064961
0.044094
0.087402
0
0
0
0
0
0
0
0
0
0
0
0
0
0
0
0.032283
0.022441
0.101575
0.36811
0.178346
0.366929
0.344488
0.25
0.089764
0.011024
0
0.055118
0.185039
0.052362
0
0.084646
0.136614
0.038583
0
0
0
0
0.00315
0
0
0
0
0
0
0.055906
0.007874
0
0.015748
0.088583
0.269685
0.170079
0.173228
0.139764
0.057087
0.00315
0
0.230315
0.011811
0
0
0
0.346457
0.185039
0
0.065748
0.005906
0.096457
0.026772
0
0
0.151575
0.198819
0.03937
0
0.253937
0.087402
0.251969
0.141732
0.03937
0.006693
0
0
0
0
0.025591
0.069685
0.05315
0
0
0
0
0.011024
0
0
0
0
0.06811
0.251969
0.122835
0.082677
0.041339
0.046063
0
0
0
0
0
0.212598
0.113386
0
0
0
0
0
0
0
0
0
0
0.133071
0.004724
0
0
0
0
0
0
0.004724
0
0
0
0.11811
0.140945
0.310236
0.216535
0.017717
0.00315
0
0
0
0.122835
0
0
0
0
0
0
0.048425
0.008661
0
0
0
0
0
0
0
0
0
0
0
0
0
0
0
0
0
0
0
0
0
0
0
0
0
0.029528
0
0
0
0
0.021654
0.011811
0
0.008661
0
0
0
0.015748
0.055118
0
0
0.016929
0
0
0
0
0
0
0
0
0
0
0
0
0
0
0
0
0
0
0
0
0
0
0
0
0
0
0
0.281496
0.793307
0.096457
0
0
0
0
0
0
0
0
0
0
0
0
0
0.009843
0
0
0
0
0.222441
0.020472
0
0
0.008661
0
0
0
0
0
0
0.141732
0.001969
0
0
0.00315
0
0
0
0.116142
0.017717
0.769685
0.264567
0.204724
0.225197
0.021654
0.06811
0.198819
0.012598
0.45
0.192913
0.05
0
0
0.001969
0
0.102362
0.05315
0.102362
0.302362
0.048425
0
0
0.48937
1.053937
0.124016
0.006693
0.082677
0.124803
0.046063
0.229134
0.60748
0.226378
0.63189
0.158661
0.419291
0
0.055906
0
0.216535
0.088583
0.431102
0.144488
0
0
0.251181
0.088583
0
0.124016
0.433858
0.112205
0.179134
0.003937
0
0.337402
0.014961
0
0
0
0
0
0.047244
0.26063
0.352362
0.161417
0
0.096457
0.102362
0.047244
0.272835
0.059055
0
0.062205
0.004724
0
0
0
0
0
0.044094
0.00315
0.315748
0.023622
0
0
0
0
0
0
0
0.001969
0
0
0
0
0
0
0
0
0
0
0
0
0
0
0
0
0
0
0
0.089764
0.044094
0.00315
0.041339
0.011024
0.162205
0.005906
0.004724
0
0
0
0.634646
0.208661
0.049213
0.011024
0.229134
0.022441
0
0
0
0
0
0
0.201575
0
0
0
0
0
0
0
0.007874
0.035433
0.018504
0.033465
0.116142
0.084646
0.07874
0.122047
0.124016
0
0
0
0
0
0
0
0
0
0
0
0
0.023622
0
0.018504
0.093701
0.076772
0.25315
0.652756
0.237402
0.114173
0
0.006693
0
0
0
0
0
0
0
0
0
0
0
0
0
0
0
0
0
0
0.175197
0.017717
0.029528
0.127953
0.059843
0.020472
0.007874
0
0
0
0
0
0
0
0
0
0
0
0.011811
0.00315
0
0
0.01378
0
0
0
0
0
0
0
0
0
0.004724
0
0
0.020472
0
0
0.012598
0.047244
0.283465
0.122835
0.134646
0.141732
0.355118
0.001969
0.072047
0.007874
0.061024
0.004724
0.006693
0
0
0
0
0
0
0
0
0
0
0
0
0
0
0
0
0
0
0
0
0
0
0
0
0
0
0
0
0
0
0
0
0
0
0
0
0
0
0
0
0
0
0.017717
0
0
0
0
0
0
0
0.044094
0.091732
0.490157
0.255906
0
0
0
0
0
0
0
0
0
0
0
0
0
0
0
0
0.160236
0.098425
0
0
0
0
0
0
0
0
0
0
0
0
0
0.072835
0.024409
0
0
0
0.120079
0.291339
0.420472
0.229134
0.01378
0
0.004724
0.274409
0.198031
0.001969
0.001969
0.02874
0
0
0
0
0
0
0
0
0
0
0
0
0
0
0
0
0
0
0.011024
0
0
0
0.00315
0.033465
0
0
0
0
0
0
0
0
0.174409
0.38189
0.844488
0.045276
0
0.005906
0
0
0
0
0
0.00315
0
0
0
0.011811
0
0
0.00315
0.091732
0.463386
0.052362
0
0
0
0.006693
0.327559
0.049213
0.122047
0
0
0.098425
0.043307
0
0.136614
0.096457
0
0
0.152756
0.264567
0.006693
0.006693
0.48937
0.134646
0.016929
0.054331
0.148819
0.179921
0.13189
0.01378
0
0
0
0
0
0
0
0
0
0
0
0
0
0
0
0
0
0
0
0
0
0
0.001181
0.026772
0.138976
0.014961
0.148819
0.101575
0.005906
0.064961
0.113386
0
0
0
0
0
0.005906
0.664567
1.338583
0.175197
0
0.048425
0
0.018504
0.09252
0.035433
0
0
0
0.129921
0.069685
0.11811
0.074016
0.026772
0.154331
0.166142
0.064961
0.09252
0.006693
0
0
0
0
0
0.086614
0.650394
0.317717
0.375984
0.520866
0.761811
1.401575
0.633071
0.667323
0.111417
0.259843
0.485039
0.011024
0
0
0.020472
0
0
0.001181
0.005906
0
0
0
0.277559
0.85315
0.57874
0.122047
0.047244
0.238189
0.149606
0.047244
0
0.001181
0
0
0
0
0
0
0.011024
0.088583
0
0
0
0
0
0
0
0
0.001181
0
0
0
0
0
0.01378
0
0
0
0.004724
0.035433
0
0
0
0.089764
0.006693
0
0
0
0.022441
0
0
0
0
0.019685
0.004724
0
0
0
0.06378
0.220472
0.324016
0.077953
0.141732
0.024409
0
0
0
0.001181
0
0
0
0
0
0
0
0
0
0
0.070866
0
0
0
0
0
0
0
0
0
0.031496
0.00315
0.12126
0
0
0.01378
0.069685
0
0
0
0
0
0
0.150787
0.001969
0
0
0.016929
0
0
0
0
0
0
0
0.004724
0
0
0
0
0
0
0
0.032283
0.007874
0
0
0.011811
0.001181
0
0
0
0
0
0
0
0
0
0
0
0
0
0
0
0
0
0
0
0
0
0
0
0
0
0.001181
0
0
0.037402
0
0
0
0
0
0
0
0
0
0
0
0
0
0.008661
0
0
0
0
0
0
0
0
0
0
0
0
0
0
0
0
0
0
0
0
0
0
0
0
0
0.116929
0.333858
0.172441
0.185827
0.319685
0.036614
0
0
0.127953
0.257087
0.212598
0.279528
0.003937
0
0.022441
0.003937
0
0
0
0
0
0
0
0
0
0
0
0
0
0
0
0.017717
0.055906
0
0
0
0
0
0
0
0
0.200787
0.175984
0
0.383071
0.024409
0.015748
0
0
0
0
0
0.057087
0.049213
0.020472
0.00315
0
0
0
0
0.014961
0.018504
0
0.020472
0.025591
0.006693
0.227559
0.396457
0.138976
0.033465
0.01378
0.01378
0
0.003937
0.279528
0.011811
0
0
0
0
0.099606
0.216535
0
0
0
0
0
0
0.007874
0.061024
0
0
0
0
0.031496
0.120079
0
0.124803
0.160236
0.035433
0.030315
0.051181
0.007874
0
0
0
0.101575
0.350394
0.551969
0.23622
0.114961
0
0
0.01378
0
0
0
0
0
0.03937
0.031496
0.008661
0
0
0
0
0
0
0
0.101575
0.701969
0.148819
0.408661
0
0.209449
0.143701
0.021654
0.005906
0.052362
0.422441
0.084646
0.017717
0
0
0
0
0
0
0.09252
0.043307
0.28937
0.098425
0.061024
0.099606
0.009843
0.008661
0
0
0
0
0.006693
0.001969
0
0
0
0
0
0.00315
0
0
0
0.09252
0.016929
0
0.022441
0
0.025591
0.636614
0.611024
0.322835
0.243307
0.016929
0.005906
0.159449
0.099606
0.017717
0
0
0.244094
0.104331
0
0
0
0
0
0
0
0
0
0.023622
0
0
0
0
0.00315
0
0
0.023622
0
0
0
0
0
0
0
0
0
0
0
0
0
0
0
0
0
0
0.043307
0.364173
0.13189
0.004724
0
0
0
0.110236
0
0
0
0
0
0
0
0
0
0
0
0
0.006693
0
0
0
0.061024
0.03937
0.093701
0
0
0
0
0.100394
0.011024
0
0
0
0
0
0
0.208661
0.040157
0.023622
0
0
0
0
0.265748
0.150787
0.054331
0.244882
0
0
0
0
0
0
0
0
0.001969
0
0
0.02874
0.037402
0.043307
0.044094
0
0
0
0
0
0
0
0
0
0
0
0
0
0.082677
0.835827
0.190945
0.027559
0.05
0.561811
0.09252
0.004724
0
0
0
0
0
0
0
0
0
0
0
0
0
0
0
0
0
0
0
0
0
0
0
0
0
0
0
0
0
0
0
0
0
0
0
0
0
0
0.048425
0
0
0
0
0
0
0
0
0
0
0
0
0
0
0
0
0
0
0
0
0
0
0
0
0
0
0
0
0
0
0
0
0
0
0
0
0
0
0
0
0
0
0
0
0
0
0
0
0
0
0
0
0
0
0
0
0
0.016929
0.011811
0
0
0
0.006693
0
0
0
0
0
0.06378
0.036614
0
0.108268
0.257874
0.120079
0
0.330709
0.041339
0.058268
0.027559
0
0
0
0
0
0.059055
0
0
0
0
0
0.178346
0.97126
0.694882
0.048425
0.062205
0.139764
0.553937
0.188189
0.61811
0.624016
0.129134
0
0
0
0.185827
0.846457
0.251969
0
0.120079
0
0.00315
0.014961
0
0.011024
0
0
0
0.033465
0.014961
0.019685
0.140945
0
0
0.208661
0.366142
0.009843
0
0
0.387795
0.572835
0.145669
0.480315
0.247244
0.076772
0.194882
0.310236
0.471654
0.347244
0
0.05
0
0
0
0
0
0
0
0.048425
0
0.00315
0.135827
0.05
0.272835
0
0
0
0
0
0
0.031496
0.027559
0.011024
0
0
0.011024
0
0
0
0
0
0
0
0
0
0
0
0
0
0
0.011024
0.033465
0.126772
0.134646
0
0
0.082677
0.023622
0.001181
0
0.177165
0.077953
0
0
0
0
0
0
0
0
0
0
0
0.047244
0.084646
0.101575
0.001181
0
0.030315
0
0.001969
0
0
0
0
0.090551
0.009843
0.006693
0
0
0
0
0
0
0
0
0.234252
0.232283
0.027559
0.01378
0
0.054331
0.04252
0.114173
0.086614
0.051181
0.107087
0
0
0
0
0.33937
0.265748
0.003937
0
0.024409
0.001969
0.155512
0.080709
0.185827
0.105118
0.069685
0.004724
0
0
0.080709
0.052362
0
0.00315
0.091732
0
0
0
0
0
0
0
0
0
0
0.242126
0.212598
0.084646
0
0.208661
0.114173
0.110236
0.062992
0.23622
0.309055
0.114173
0.133858
0.038583
0.282677
0
0
0
0
0
0
0.033465
0.012598
0
0
0
0
0
0
0
0.105118
0
0
0
0
0
0
0
0
0
0
0
0
0
0
0
0
0
0
0
0
0
0
0
0
0
0
0
0
0
0
0
0
0
0
0
0
0
0
0
0
0.004724
0
0
0
0
0
0
0
0
0.003937
0
0
0
0
0
0
0
0
0
0
0
0
0
0
0
0
0
0
0
0
0
0
0
0
0
0
0
0
0
0
0
0
0
0
0.011811
0.075591
0
0
0
0
0
0
0.034646
0.001969
0
0
0
0
0
0
0
0
0
0
0
0
0
0
0
0.027559
0
0
0
0
0
0
0
0
0
0
0
0
0
0
0
0
0
0
0.023622
0.865354
0.083465
0.004724
0.104331
0.099606
0.048425
0.015748
0.271654
0.097244
0.038583
0.203937
0.375984
0.094488
0.083465
0.52874
0.041339
0
0.01378
0.03937
0.879921
1.519685
0.150787
0.45
0.159449
0.011024
0.156299
0.034646
0
0
0
0
0
0
0
0
0
0
0
0
0
0
0
0
0
0
0
0.079921
0.074803
0.525591
0.428346
0.212598
0.217717
0.133858
0
0.029528
0.069685
0.01378
0.062205
0.083465
0.016929
0.035433
0.024409
0
0.333858
0.46063
0.049213
0.114173
0.192126
0.542126
0.18189
0
0
0.23622
0.072047
0.069685
0
0
0
0
0
0.175984
0.165354
0
0
0
0
0
0
0
0
0.058268
0.18189
0.116929
0.046063
0
0
0
0
0
0.021654
0.001969
0
0
0
0
0
0.065748
0.165354
0.098425
0.098425
0
0.001181
0.055118
0
0
0
0
0
0
0.424016
0.207874
0
0.325591
0.496063
0.011024
0.192913
0.675984
0.469685
0.126772
0.129921
0.139764
0.083465
0.007874
0.122047
0.141732
0.061024
0.149606
0.023622
0.168504
0.037402
0
0.107087
0.14252
0.188189
0.104331
0.244094
0.133071
0.00315
0.303937
0.104331
0.203937
0.190945
0.014961
0
0
0
0
0
0
0
0
0
0
0.035433
0.025591
0
0.00315
0
0.00315
0.059055
0.384646
0.156299
0.522441
0.29252
0.160236
0
0
0
0
0.004724
0.001181
0
0.001181
0
0
0
0
0.33937
0.324803
0.032283
0
0.00315
0
0
0
0
0
0
0
0
0
0.179134
0.242126
0.030315
0
0
0.086614
0.302362
0.009843
0
0
0
0
0.01378
0
0
0
0
0
0
0
0
0
0
0
0.147638
0.017717
0
0
0
0
0
0
0
0
0
0
0
0.024409
0.036614
0.021654
0
0
0
0
0
0
0
0
0
0
0
0
0
0
0.00315
0
0
0
0
0
0
0
0
0
0
0
0
0
0
0
0
0
0
0
0
0
0
0
0.080709
0.02874
0.003937
0
0
0
0
0
0
0.017717
0.004724
0
0
0.029528
0.076772
0.018504
0
0
0
0
0
0.007874
0.012598
0
0
0
0
0
0
0
0
0
0
0
0
0
0
0
0
0.251969
0.874016
0.026772
0
0
0
0
0
0
0.003937
0.082677
0
0
0.031496
0.035433
0
0
0
0
0
0
0
0
0
0
0
0
0
0
0
0
0
0
0
0.072835
0.200787
0.312205
0.954724
0.119291
0.034646
0.185827
0.027559
0
0
0
0
0
0
0
0
0
0.018504
0.006693
0
0
0
0
0.015748
0.001181
0
0
0
0
0
0
0
0
0.006693
0.37874
0.122835
0.562992
0.011024
0
0
0
0
0
0
0
0.059055
0.351575
0.004724
0.047244
0.137795
0
0
0
0
0
0
0
0
0
0
0
0
0
0
0
0
0
0
0
0
0
0
0.017717
0.06811
0
0
0.00315
0
0.403543
1.825984
0.837402
0
0
0
0.170079
0.122835
0.127953
0.144488
0.096457
0
0
0
0
0
0
0
0
0.058268
0.009843
0
0.593307
0.188976
0.198031
0.383858
0.184252
0
0.015748
0.019685
0.089764
0.082677
0.090551
0.070866
0
0
0
0.065748
0.051181
0
0.476378
0.151575
0.040157
0.006693
0
0
0
0
0
0
0
0
0
0
0.037402
0.527559
0.065748
0.273622
0.007874
0
0.116142
0.127953
0.087402
0.122835
0.022441
0.14252
0.183071
0.001969
0
0
0
0
0
0
0
0.074016
0
0
0.21378
0.011811
0
0
0
0
0
0
0
0
0
0
0.021654
0
0
0
0
0
0
0
0
0
0.677165
0.004724
0.083465
0.026772
0.007874
0
0.353543
0.077953
0.001181
0.003937
0.006693
0.02874
0.082677
0
0
0
0
0
0
0
0
0
0
0
0
0
0
0
0
0
0
0
0
0.17126
0.124016
0.481496
0.897638
0.37126
0
0.109449
0.133858
0.397638
0.135827
0.169291
0.444882
0.148819
0
0.001969
0
0
0.001181
0.034646
0
0
0.01378
0.008661
0
0
0
0
0.001969
0.072835
0.017717
0
0
0
0
0
0
0
0
0
0
0
0
0.113386
0
0.001181
0
0
0
0
0
0
0
0.113386
0.03937
0.007874
0
0
0
0
0
0.209449
0.112205
0
0
0
0
0
0
0
0
0
0
0
0
0
0
0
0
0
0
0.043307
0.135827
0.009843
0
0
0
0
0
0
0
0.120079
0.296457
0.082677
0.151575
0.016929
0
0
0.082677
0.00315
0.016929
0.006693
0
0.04252
0.01378
0
0
0
0
0
0
0
0
0
0
0
0
0
0
0
0
0.011024
0.006693
0
0
0
0
0
0.051181
0.467717
0.064961
0.017717
0
0
0
0
0
0
0
0
0
0.011024
0
0
0
0
0
0
0
0
0
0.043307
0.001181
0.084646
0
0.105118
0.059055
0.026772
0
0
0
0.007874
0
0.041339
0.095276
0.148819
0.051181
0
0
0.129921
0.033465
0.011024
0.015748
0.034646
0.004724
0
0
0
0.19685
0
0.169291
0
0.015748
0
0.030315
0.017717
0.004724
0.001969
0
0.049213
0.09252
0.167323
0
0
0.015748
0.004724
0.149606
0
0
0.035433
0
0
0
0
0.219291
0.129134
0.212598
0
0
0.007874
0
0
0.00315
0.126772
0.062205
0.047244
0
0
0
0
0
0
0.007874
0
0.001969
0
0
0
0
0
0
0
0.087402
0.001181
0.001969
0.147638
0.143701
0.41811
0.23622
0.18189
0.338583
0.040157
0.022441
0
0
0.017717
0.014961
0
0
0
0
0
0
0
0
0
0
0
0.048425
0.140945
0.312992
0.317717
0.14252
0.015748
0
0
0
0
0
0.069685
0.027559
0.004724
0
0.032283
0.001181
0
0
0
0
0
0
0
0
0
0
0.114173
0.148819
0.325591
0.672441
0.602362
0.26378
0.00315
0.015748
0
0
0.041339
0.122835
0.177165
0.072047
0.027559
0.011811
0.005906
0
0
0.022441
0.113386
0.198819
0.02874
0.188976
0.25315
0.293307
0.164567
0.108268
0
0
0
0
0
0.00315
0.06378
0.001969
0
0.156299
0.085433
0.070866
0.00315
0.020472
0
0
0
0
0.014961
0.047244
0.136614
0.109449
0.084646
0.075591
0.151575
0.032283
0.10315
0.035433
0.049213
0.02874
0
0
0
0
0.020472
0.011024
0
0.006693
0
0
0.046063
0.009843
0.006693
0.046063
0
0.101575
0.021654
0.190945
0.102362
0.319685
0.474409
0.640551
0.161417
0.004724
0
0
0
0
0
0
0
0
0.055118
0.074803
0.018504
0
0
0
0
0
0
0.021654
0
0
0
0
0
0
0
0
0
0
0
0.070866
0.018504
0
0
0.020472
0.08189
0.015748
0
0.203937
0.079921
0.101575
0.047244
0
0
0
0
0
0
0
0
0
0
0
0
0.020472
0
0.095276
0.077953
0.080709
0.086614
0
0
0.066929
0
0
0
0.00315
0
0
0
0
0
0
0
0
0
0
0.00315
0.004724
0
0
0
0
0
0
0
0
0.018504
0.04252
0.00315
0
0
0.090551
0.034646
0.015748
0
0
0
0
0
0
0
0
0
0
0
0
0
0
0
0.004724
0.003937
0
0
0
0
0
0
0
0
0
0
0
0
0
0
0
0
0
0
0
0
0
0
0
0
0
0
0
0
0
0
0
0
0
0
0
0
0
0.00315
0
0
0
0
0
0
0
0.055906
0.386614
0.226378
0.074016
0.051181
0.054331
0.005906
0
0
0
0
0
0
0.007874
0
0
0.270866
0.003937
0
0
0.064961
0.116142
0.018504
0
0.347244
0.322047
0.02874
0.21378
0.102362
0
0
0.120079
0.07874
0.018504
0.282677
0.114173
0.025591
0
0
0
0
0
0.14252
0.181102
0.620866
0.040157
0
0
0
0
0
0
0
0
0
0.240945
0.122835
0.022441
0
0.01378
0
0
0
0
0.033465
0.006693
0.057087
0.114961
0.004724
0
0
0.07874
0.269685
0.075591
0.141732
0.03937
0.037402
0
0.087402
0.019685
0.037402
0
0.011811
0
0.114173
0.030315
0.011811
0
0
0
0
0
0
0
0.01378
0.040157
0.133071
0.05
0
0.01378
0
0.020472
0
0
0
0
0
0.032283
0
0
0
0.015748
0
0.108268
0.113386
0.098425
0.001969
0
0.169291
0.286614
0.271654
0.043307
0.001969
0
0
0
0
0
0.023622
0.041339
0
0.040157
0.007874
0
0.04252
0.016929
0.001969
0
0
0
0
0
0
0.049213
0.119291
0.091732
0.016929
0
0
0
0.02874
0.01378
0
0.007874
0
0
0
0.037402
0.017717
0.00315
0
0
0
0
0
0
0
0.045276
0.18189
0.068898
0.129134
0.194882
0.069685
0.014961
0.031496
0.359055
0.154331
0.106299
0
0
0
0
0
0
0
0
0.011024
0.004724
0.06811
0.01378
0.004724
0
0
0
0
0
0.164567
0.006693
0.018504
0
0
0
0.00315
0
0
0
0
0.029528
0
0.05
0.006693
0
0
0
0
0
0
0
0
0
0
0
0
0
0
0
0
0
0
0
0
0.036614
0.027559
0.06378
0.077953
0.008661
0
0.041339
0.030315
0.011811
0
0
0
0.001181
0.194094
0.001181
0.174409
0.040157
0.045276
0.204724
0.354331
0.075591
0.020472
0.029528
0.076772
0.114173
0
0
0
0
0.004724
0
0
0
0
0
0
0.007874
0
0
0.046063
0.008661
0
0
0
0
0
0
0
0
0
0
0
0
0
0
0
0
0
0
0
0
0
0.003937
0
0.033465
0.131102
0.01378
0
0
0
0
0
0
0
0
0
0
0
0
0
0
0
0.04252
0.114961
0.001969
0.070866
0
0
0
0
0
0
0
0
0
0
0
0
0
0
0
0
0
0.001969
0
0.046063
0.025591
0
0
0
0
0
0.001969
0.082677
0.124803
0.007874
0
0
0
0
0
0
0
0
0
0
0
0
0
0
0
0
0.459843
0.192126
0
0
0
0.021654
0.031496
0.198031
0.383071
0.345276
0.297244
0.84252
0.555118
0.075591
0
0.041339
0
0.036614
0.021654
0.018504
0.008661
0
0
0
0
0.030315
0.008661
0
0.061024
0.156299
0.150787
0.153543
0.36811
0.047244
0
0.011811
0
0.077953
0.001181
0
0
0.007874
0.282677
0.114961
0.024409
0
0.124803
0.212598
1.338583
0.381102
0.48622
0.60748
0.096457
0.011024
0
0.016929
0.203937
0.055906
0.201575
0.14252
0.168504
0.02874
0.075591
0
0
0
0.043307
0.224409
0.096457
0.18189
0.356299
0.18189
0.051181
0.106299
0.005906
0.190945
0.076772
0.200787
0.335433
0.372047
0.21378
0.347244
0.054331
0
0.135827
0.614961
0.046063
0.412598
0.040157
0
0.05
0.579921
0.566929
1.001969
0.040157
0.018504
0
0
0
0
0
0
0
0
0
0
0
0.155512
0.113386
0
0.006693
0.17126
0.097244
0.139764
0.091732
0.005906
0
0
0
0.205512
0.30315
0.156299
0.244882
0.18189
0.247244
0.194094
0.21063
0
0
0
0
0
0.187008
0.066929
0.012598
0
0
0
0
0
0.344488
0.072047
0
0.036614
0.104331
0.074016
0.28937
0.727559
0.425197
0.061024
0.043307
0
0
0.212598
0.52874
0.298031
0.043307
0
0
0
0
0.244094
0.062205
0.116142
0.21063
0.10315
0.072835
0.061024
0.017717
0.139764
0.126772
0.072047
0.059843
0.006693
0.00315
0.036614
0.022441
0.026772
0.33937
0.30315
0.025591
0
0.011024
0.027559
0.038583
0.066929
0.068898
0.041339
0.035433
0
0
0
0
0.208661
0.229134
0.255906
0.082677
0.017717
0.052362
0.019685
0.004724
0
0
0
0
0
0
0
0
0
0
0.004724
0.108268
0.001969
0
0.082677
0.420472
0.230315
0.009843
0.009843
0
0.644882
0.417323
0.499213
0.194094
0.091732
0.26063
0.442126
0.116929
0.046063
0
0
0
0
0
0
0
0
0
0
0
0
0
0
0
0
0
0
0
0
0
0
0
0
0
0
0
0
0
0
0
0
0
0
0
0
0
0
0
0
0
0
0
0
0.054331
0.018504
0
0
0
0
0
0
0
0
0
0
0
0
0
0
0.058268
0.072047
0
0
0.052362
0.038583
0
0.110236
0.185039
0.098425
0.020472
0.066929
0.016929
0.038583
0
0
0
0
0
0
0
0
0
0
0
0
0
0
0
0.038583
0.009843
0
0
0
0
0
0
0
0
0
0.021654
0.061024
0.072047
0
0
0
0
0
0
0
0
0
0
0
0
0
0
0
0
0.00315
0.262992
0.10315
0
0
0.062992
0.150787
0.108268
0
0.033465
0.338583
0.344488
0.031496
0
0
0
0
0
0
0
0
0
0
0
0
0
0
0
0
0
0.001181
0
0
0
0
0
0
0
0
0
0
0
0
0
0.032283
0
0
0.045276
0.175984
0.137795
0
0
0
0.016929
0
0.099606
0.188189
0.129134
0.105118
0.046063
0.070866
0.062992
0.01378
0.532283
0.526772
0.416142
0
0.133071
0.090551
0.014961
0.244094
0.051181
0
0
0
0
0
0
0
0
0
0
0
0
0
0
0.04252
0.120079
0.027559
0.09252
0.069685
0.153543
0.105118
0.074803
0.026772
0.124016
0.070866
0.070866
0.01378
0.009843
0
0
0
0
0
0
0
0
0
0.035433
0.088583
0.21378
0.045276
0.011024
0.027559
0
0
0
0
0
0
0
0
0
0
0.04252
0.054331
0.116142
0.099606
0.159449
0
0
0
0.004724
0
0.029528
0.094488
0.869291
0.064961
0.153543
0.04252
0.058268
0.006693
0.101575
0.172441
0.06811
0.022441
0
0
0
0
0
0
0
0
0
0
0.005906
0
0
0
0
0
0.031496
0
0.072835
0.008661
0.049213
0.018504
0.04252
0.02874
0
0
0
0
0
0.052362
0.143701
0
0
0
0
0
0.054331
0.137795
0.004724
0.177165
0.077953
0
0
0
0
0
0
0
0
0
0
0
0
0
0.029528
0.122835
0.13189
0.036614
0
0
0.020472
0.004724
0
0
0.015748
0.417323
0.385827
0.178346
0.077953
0.035433
0
0
0
0
0
0.054331
0.122835
0.037402
0.12126
0.093701
0.122047
0.082677
0.305118
0
0
0
0
0
0
0
0
0
0.125984
0.083465
0
0.01378
0
0.208661
0.054331
0
0
0
0
0
0
0
0
0
0
0
0
0
0
0
0
0
0
0
0
0
0
0
0
0
0
0
0
0
0
0
0
0
0
0
0
0
0
0
0
0
0
0
0
0
0.259843
0
0
0
0
0
0
0
0
0
0
0
0
0
0
0
0
0
0
0
0
0
0
0
0
0
0
0
0
0
0
0
0
0
0
0
0
0
0
0
0
0
0
0
0
0
0
0
0.001969
0.025591
0.030315
0.079921
0
0
0
0
0
0
0
0
0
0
0
0
0
0
0
0.253937
0.08189
0
0
0
0
0
0
0
0
0
0
0
0
0
0.001969
0.031496
0.054331
0.009843
0
0
0
0
0.015748
0
0
0
0
0
0
0.30315
0.03937
0
0
0.278346
0.188976
0.017717
0.031496
0.827559
0.17126
0.021654
0
0.133071
0.307874
0
0.00315
0.004724
0
0
0.302362
0.451969
0.293307
0
0.087402
0.023622
0
0
0.340551
0.246063
0.127953
0.205512
0.074016
0.001969
0.018504
0.004724
0.00315
0.00315
0.011024
0
0.129921
0.3
0.01378
0
0.004724
0.059843
0.19685
0.004724
0.061024
0.397638
0.275591
0.05
0.033465
0.034646
0
0
0
0
0.00315
0.047244
0
0.043307
0.074803
0.046063
0
0.223622
0
0
0
0.018504
0.087402
0.153543
0.133071
0.169291
0.294094
0.647638
0.424016
0.629134
0.52874
0.465354
0.279528
0.02874
0
0.082677
0.022441
0
0
0
0.232283
0.026772
0
0.178346
0.17126
0.322047
0.251969
0.636614
0.385827
0.396457
0.062992
0
0
0
0
0
0
0
0
0
0.105118
0.139764
0.031496
0
0
0.135827
0.02874
0
0
0
0
0
0
0
0
0
0
0
0.315748
0.633071
0.274409
0.094488
0.017717
0
0.007874
0.3
0.240157
0.46063
0.156299
0.305118
0.194094
0.28937
0.061024
0
0.653543
0.219291
0.172441
0.164567
0.314961
0.124016
0.06811
0.036614
0
0
0
0
0
0
0.044094
0.015748
0
0
0.00315
0.136614
0.271654
0.298031
0.177165
0
0.015748
0.012598
0.574803
0.200787
0
0.036614
0
0.059843
0.00315
0.282677
0.119291
0
0
0
0
0
0.051181
0.314961
0.451969
0.285433
0.310236
0.18189
0.020472
0.234252
0.095276
0.011024
0.001181
0.001181
0.001181
0.13189
0.058268
0.009843
0
0
0
0
0
0
0
0
0.009843
0.091732
0.001181
0.004724
0
0
0
0
0
0
0.019685
0
0.026772
0.055906
0
0.015748
0.001181
0.185039
0.104331
0
0
0.033465
0.001181
0
0.306299
0.698031
0.227559
0.051181
0.097244
0.076772
0.035433
0
0
0
0
0
0
0
0
0
0
0
0
0
0
0
0
0.058268
0
0
0.046063
0
0.083465
0.18189
0
0
0
0
0.004724
0.248819
0
0.01378
0.045276
0
0
0
0
0
0
0
0
0
0
0
0
0
0
0
0
0
0
0
0
0
0
0
0
0
0
0
0
0
0
0
0
0
0
0
0
0
0
0
0
0
0
0
0
0
0
0
0
0
0
0
0
0
0
0
0
0
0
0
0
0
0
0
0
0.004724
0.003937
0
0
0
0
0
0
0
0
0
0
0
0
0
0
0
0.187008
0
0
0
0
0
0
0
0
0
0
0
0
0
0.005906
0.001181
0
0
0
0
0
0
0
0
0
0
0.095276
0.022441
0.170079
0.045276
0
0.088583
0.025591
0
0
0.024409
0
0.037402
0.011024
0
0
0.036614
0.083465
0.00315
0
0.25
0.017717
0.079921
0.021654
0.238189
0.412598
0.068898
0
0.636614
0.517717
0.480315
0.051181
0.10315
0.190945
0.099606
0.454724
1.437008
1.129921
0.079921
0.781496
0.396457
0
0
0
0
0
0
0
0
0
0
0
0.05315
0.573622
0.75
0.558268
0.022441
0
0.001181
0.005906
0.011024
0.036614
0
0.139764
0.184252
0.3
0.005906
0
0
0.058268
0.054331
0.234252
1.138583
0.145669
1.16811
0.465354
0.351575
0.198031
0.217717
0.957874
0.273622
0.048425
0.806299
0.243307
0.035433
0.205512
0.455512
0.114173
0.095276
0
0.78937
0.417323
0.274409
0
0
0.044094
0.004724
0
0
0
0
0
0.008661
0.188976
0.05
0.269685
0.242126
0.34252
0.165354
0.005906
0.246063
0.102362
0.021654
0.045276
0.091732
0.001181
0
0
0
0.033465
0.361417
0.022441
0.001181
0.017717
0
0
0.054331
0.124016
0
0
0
0
0
0
0
0
0
0.005906
0.026772
0.005906
0
0
0.175197
0.557087
0.093701
0
0
0.114173
0.054331
0.012598
0
0
0
0
0
0
0.004724
0.011024
0.198031
0.084646
0
0
0.087402
0.082677
0.19685
0.004724
0.297244
0.021654
0.032283
0.154331
0.535433
0.140945
0
0
0
0
0
0
0
0
0
0
0
0
0
0
0
0
0
0.00315
0.325591
0.270866
0.200787
0.511024
0.670079
0.125984
0
0.201575
0.398425
0.031496
0.001181
0
0
0.023622
0.023622
0
0
0
0
0
0
0
0
0
0
0
0
0
0
0
0
0
0
0
0.105118
0.05
0
0.014961
0.004724
0
0.031496
0.087402
0.004724
0.187008
0.314961
0.151575
0
0
0
0
0
0
0
0
0
0
0
0
0
0
0
0.020472
0.003937
0.012598
0
0.011811
0
0
0
0
0
0
0
0
0
0
0.032283
0.014961
0
0
0
0
0
0
0
0
0
0
0
0
0
0
0.033465
0.018504
0
0
0
0
0
0
0
0
0
0.024409
0.011811
0.022441
0.001181
0
0
0
0
0
0
0
0
0
0
0
0
0
0
0
0.004724
0.018504
0.287402
0.127953
0.001969
0.011811
0.003937
0
0
0
0
0
0
0
0
0
0
0
0
0
0
0
0
0
0
0
0
0
0
0
0
0.05
0
0
0
0.229134
0.406299
0.045276
0
0.00315
0.029528
0.227559
0.363386
0.215354
0
0
0.181102
0.001181
0.001181
0.005906
0
0
0
0
0
0
0
0
0
0
0
0
0.015748
0.011811
0.004724
0.124016
0.625197
0.898819
0.549213
0.032283
0.257087
0.122047
0.055906
0.059055
0
0
0.155512
0.137795
0
0.295276
0.138976
0.054331
0.023622
1.030315
0.456693
0.137795
0.570079
0.413386
0.61811
0.283465
0.325591
0.107087
0.046063
0
0
0
0
0
0.148819
0.485039
0.095276
0.246063
0.009843
0.145669
0.229134
0.372047
0.124803
0.10315
0.350394
1.076772
0.881102
1.235433
0.400787
0
0
0
0
0
0
0
0
0
0
0
0
0
0.100394
0
0
0
0.238976
0.369291
0.008661
0
0.757087
0.351575
0.033465
0.253937
0.07874
0
0.350394
0.136614
0.007874
0
0.135827
0.020472
0
0.108268
0.350394
0.009843
0.179134
0
0.020472
0.001181
0
0
0
0.029528
0.011811
0.084646
0.040157
0
0.008661
0
0
0
0
0.008661
0.069685
0
0.427165
0.330709
0.048425
0
0.001181
0
0
0
0
0
0
0
0
0.026772
0.011811
0.107087
0.017717
0
0.401575
0.005906
0
0
0
0
0
0
0.007874
0.005906
0
0.046063
0.001969
0
0
0
0
0
0
0
0.020472
0
0
0
0.022441
0
0
0
0
0.107087
0.290551
0.225197
0.160236
0.496063
0.269685
0.072835
0.006693
0
0
0
0.177165
0.096457
0.059055
0
0
0.001181
0
0
0.001181
0
0
0
0.00315
0.009843
0
0.00315
0
0
0
0
0
0
0
0
0.091732
0.464567
0.00315
0
0.02874
0.041339
0.112205
0.023622
0.009843
0.072047
0
0.173228
0.428346
0.089764
0
0
0
0
0
0.079921
0.06378
0.004724
0.004724
0
0
0
0
0
0
0
0
0
0
0
0
0
0
0.051181
0.150787
0.135827
0.020472
0
0
0
0
0
0
0
0
0
0
0
0
0
0.107087
0.003937
0.001969
0
0
0
0
0
0
0
0
0.318898
0
0.206693
0.194094
0
0
0
0
0
0
0
0
0
0
0.00315
0.090551
0
0
0
0
0
0
0
0
0.238189
0.298031
0
0
0.044094
0
0
0.011024
0
0
0
0
0
0
0
0
0
0
0
0
0
0.044094
0
0
0
0.156299
0.279528
0.100394
0.009843
0.122835
0.055906
0
0
0
0
0
0
0
0
0
0
0
0
0.268504
0.120079
0.027559
0.005906
0.012598
0.09252
0.178346
0.129921
0.086614
0.014961
0.015748
0
0
0
0
0
0
0
0
0
0
0
0
0
0
0
0
0.144488
0.017717
0.792126
0.188189
0
0.008661
0
0
0.008661
0.478346
0.097244
0.01378
0
0.116142
0.038583
0.057087
0.096457
0.088583
0.095276
0.020472
0
0.3
0.087402
0
0
0.05315
0.099606
0.335433
0.21063
0.237402
0.001181
0
0.145669
0.114173
0
0.043307
0.011811
0.015748
0.114173
0.106299
0.162205
0.079921
0
0
0
0
0.114961
0.37126
0.204724
0.114961
0.029528
0
0.00315
0.062205
0.001969
0
0.014961
0
0
0
0
0
0
0
0.137795
0.151575
0.416142
0.322047
0.100394
0.344488
1.514567
0.033465
0.061024
0.247244
0.23622
0.396457
0.274409
0.209449
0.36811
0.719291
0.645669
0.286614
0.19685
0.05315
0.344488
0.185827
0.124016
0.076772
0.104331
0.396457
0.427165
0.140945
0.152756
0.113386
0.00315
0.058268
0.163386
0.318898
0.129921
0.001969
0.059055
0.054331
0.04252
0.022441
0.059055
0.047244
0.065748
0.085433
0.144488
0.065748
0.018504
0.040157
0.017717
0.001181
0.364961
0.275591
0.139764
0.011024
0.22126
0.106299
0.038583
0
0.017717
0.021654
0.161417
0.167323
0.043307
0.001181
0
0.093701
0.020472
0
0
0
0.007874
0
0.023622
0.011024
0.020472
0
0
0
0
0.338583
0.546457
0.775591
0.283465
0.072835
0.072047
0.102362
0.077953
0
0.13189
0.09252
0.133858
0.141732
0.084646
0.069685
0.054331
0.150787
0.023622
0.001181
0.015748
0.043307
0
0.146457
0.049213
0.006693
0
0.00315
0
0
0
0
0
0
0.00315
0.046063
0.004724
0
0
0
0
0
0.045276
0.014961
0.049213
0.129921
0.330709
0.138976
0.363386
0.17126
0.290551
0.018504
0.100394
0.086614
0.149606
0.100394
0.082677
0.097244
0.090551
0.020472
0.17126
0.140945
0.104331
0.024409
0.024409
0.023622
0.162205
0.122047
0.15748
0.327559
0.25315
0.127953
0.006693
0
0
0.008661
0.011811
0
0.008661
0
0.120079
0.152756
0.104331
0.165354
0.022441
0.008661
0.001969
0
0
0
0
0
0
0
0.120079
0.037402
0.035433
0.112205
0.004724
0
0
0
0
0
0.032283
0
0
0
0
0
0.003937
0
0
0
0
0
0
0
0
0
0
0
0
0
0
0
0.047244
0
0
0
0
0
0
0.205512
0.006693
0
0
0
0
0
0
0
0
0
0
0
0
0
0
0
0
0
0
0.00315
0
0
0
0
0
0
0
0
0
0
0
0
0
0
0
0
0
0
0
0.261811
0.055906
0
0
0
0
0
0
0
0.00315
0.035433
0
0
0
0
0
0.099606
0.02874
0
0.011811
0
0
0
0.029528
0
0
0
0
0
0.045276
0
0.012598
0
0
0.136614
0.017717
0
0
0
0
0
0
0
0
0
0.019685
0.32874
0.00315
0
0.034646
0
0
0
0.353543
0.008661
0.027559
0.08189
0.251181
0.158661
0.570866
0.389764
0.026772
0.379921
0.160236
0.066929
0
0
0.006693
0.008661
0.184252
0
0.001181
0.022441
1.051181
1.431102
0.728346
0.86811
0.974409
0.234252
0.087402
0.001181
0.438976
1.220472
0.688976
0.214567
0.266929
0.001969
0.161417
0.389764
0
0.155512
0.007874
0.003937
0
0
0.054331
0.029528
0.01378
0
0
0
0
0.377953
0
0.016929
0
0
0.080709
0.036614
0.00315
0.154331
0
0
0.105118
0.057087
0
0
0
0
0
0
0
0
0
0
0.018504
0
0
0.324803
0.291339
0.417323
0.727559
0.312205
0.110236
0.566929
0.366142
1.806299
0.124016
0
0.011024
0.005906
0
0
0.139764
0.01378
0.015748
0.023622
0.004724
0.006693
0
0.06811
0.940157
0.133071
0.659449
0.379921
0.004724
0
0
0.409449
0.126772
0.09252
0.350394
0.31378
0.217717
0.006693
0.230315
0.17126
0.06378
0
0.110236
0.110236
0.266929
0.095276
0.027559
0.127953
0.202756
0.101575
0.005906
0
0
0.084646
0.089764
0.040157
0
0
0.00315
0
0
0
0
0
0
0
0
0
0
0
0
0.032283
0.104331
0.008661
0
0.04252
0.116142
0.027559
0
0
0.017717
0.136614
0.083465
0
0.312205
0.049213
0.088583
0.033465
0
0.126772
0
0
0
0
0
0
0
0
0.016929
0.006693
0
0
0.001181
0
0
0.001181
0
0
0.02874
0.155512
0.061024
0.004724
0
0.001181
0
0
0
0.181102
0.018504
0.011024
0
0.004724
0
0
0
0
0.00315
0
0
0
0
0
0
0
0
0.155512
0.001181
0
0
0.037402
0.006693
0.00315
0
0
0
0
0
0
0
0
0.00315
0
0
0
0
0
0
0
0.00315
0
0
0
0
0
0
0
0
0
0
0
0
0
0
0
0
0
0
0
0
0
0
0
0
0
0
0
0
0
0.007874
0
0
0.001969
0
0
0
0
0
0
0
0
0
0
0
0.032283
0.021654
0.400787
0.074016
0
0.068898
0.090551
0.183071
0.072047
0.008661
0
0
0
0
0
0
0
0
0
0.011024
0
0.018504
0
0.016929
0
0.05
0.074803
0
0
0
0
0
0
0
0
0
0
0
0
0
0
0
0
0
0
0
0
0
0
0
0
0
0
0
0
0
0
0
0
0
0
0
0.102362
0.091732
0
0.007874
0
0
0
0
0
0
0
0
0
0
0
0
0
0
0
0
0.014961
0.093701
0.929921
0.120079
0
0.007874
0
0
0
0
0.00315
0.015748
0
0.006693
0
0.126772
0.114173
0
0
0
0.02874
0
0.479528
0.068898
0
0.036614
0.174409
0.032283
0.031496
0.043307
0.02874
0.011811
0.054331
0
0
0.259843
0.219291
0.284252
0.219291
0.108268
0.026772
0.022441
0.168504
0.100394
0.264567
0.06811
0.029528
0.016929
0.139764
0.055906
0.007874
0
0
0.027559
0
0
0
0
0
0
0
0
0
0
0
0
0
0.120079
0.374016
0.086614
0.05315
0.062205
0
0.024409
0.006693
0.040157
0.735039
1.373228
1.025591
0.162205
0.403543
0.346457
0.504724
0.255906
0.113386
0.087402
0.394488
0.069685
0.011024
0.080709
0.15748
0.326772
0.033465
0.005906
0
0
0
0.264567
0.373228
0.025591
0
0.126772
0.099606
0.030315
0
0
0
0.044094
0.14252
0.312205
0.494094
0.538583
0.224409
0.011024
0.005906
0
0
0.140945
0.021654
0.059843
0.444882
0.057087
0.047244
0.666142
0.389764
0.116929
0.314961
0
0.141732
0.05315
0
0.512598
0.141732
0.156299
0.13189
0.015748
0.075591
0.076772
0
0
0.122835
0.026772
0.023622
0.016929
0
0.097244
0.023622
0.020472
0
0.113386
0.030315
0
0
0
0
0
0
0
0
0
0
0
0
0
0
0
0.206693
0
0
0
0.314961
0.286614
0.064961
0.307874
0.079921
1.21378
0.338583
0.001181
0
0.00315
0.00315
0
0.014961
0
0
0.006693
0
0
0
0.019685
0.001969
0.021654
0
0
0.150787
0.106299
0.055118
0.098425
0.114961
0
0
0.017717
0.006693
0.175197
0.052362
0
0
0
0
0
0
0
0
0
0
0
0
0
0
0
0
0
0
0
0
0
0.02874
0.02874
0.027559
0
0.015748
0.006693
0
0
0
0
0
0
0
0
0
0
0
0
0
0
0
0
0
0
0
0
0
0.143701
0.303937
0.003937
0.011024
0.006693
0
0
0
0
0
0
0
0
0
0
0
0
0
0
0
0
0
0
0
0
0
0.122047
0
0
0
0
0
0.00315
0
0
0
0
0.04252
0
0
0
0
0
0
0
0
0
0
0
0
0
0
0
0
0
0
0
0
0.011024
0.147638
0.125984
0.017717
0.173228
0
0.057087
0
0
0
0
0
0
0
0
0
0.020472
0
0
0
0
0
0
0
0
0
0
0
0
0
0
0
0
0
0
0
0
0
0
0.381102
0.233465
0.079921
0
0
0
0
0
0
0
0
0.642913
0
0
0.098425
0
0.034646
0
0.257874
0.179134
0.011811
0.135827
0
0.006693
0
0
0
0
0.001181
0.082677
0.072047
0
0
0
0.023622
0.282677
0.143701
0
0
0
0
0
0
0
0
0.06378
0
0.011811
0.030315
0.023622
0.133071
0.062205
0.004724
0
0
0
0
0
0
0
0.034646
0.008661
0.004724
0.347244
0.165354
0.605512
0.204724
0.01378
0.070866
0
0.01378
0
0
0.016929
0
0.089764
0
0
0.011024
0
0
0
0
0
0
0
0
0
0
0
0
0
0.054331
0.046063
0.203937
0.03937
0.114173
0.009843
0.031496
0
0
0.008661
0
0
0
0
0.291339
0.036614
0.02874
0
0
0.135827
0.019685
0
0
0.027559
0.048425
0.06378
0
0.006693
0
0
0.131102
0.097244
0.07874
0.110236
0.011811
0
0
0
0
0.031496
0
0.027559
0.06378
0.335433
0.223622
0.015748
0.085433
0
0.02874
0
0
0.406299
0.066929
0.124016
0.054331
0.01378
0
0
0.011811
0.023622
0
0
0.001969
0
0
0.027559
0.15748
0.137795
0.021654
0.032283
0
0.001181
0.104331
0.018504
0.238189
0.021654
0.048425
0.324016
0.094488
0
0
0
0
0.058268
0
0
0.036614
0.099606
0.074016
0.01378
0.080709
0.099606
0.036614
0.021654
0.029528
0
0
0.00315
0.150787
0.341732
0.066929
0.090551
0
0
0
0
0
0
0.020472
0.003937
0
0.014961
0
0
0
0
0
0
0
0
0
0
0
0
0
0.492913
0.347244
0.043307
0.230315
0
0
0
0
0
0
0
0
0
0
0
0
0
0
0
0.006693
0
0.00315
0.011811
0.004724
0
0
0
0
0.020472
0.011024
0
0
0
0
0
0
0
0
0
0
0
0
0.131102
0.247244
0.016929
0.05315
0
0
0
0
0
0.006693
0
0
0
0
0.033465
0.199606
0.059055
0
0
0
0
0
0
0
0.201575
0
0.05
0
0
0
0
0
0
0
0.03937
0
0
0
0
0
0
0
0
0
0
0
0
0
0
0
0
0
0
0
0
0
0
0
0.011024
0
0
0
0
0
0
0
0
0
0
0
0
0
0
0
0
0
0
0.023622
0.062992
0.192126
0.011811
0.023622
0.096457
0
0
0
0
0
0
0.004724
0
0.120079
0.206693
0.007874
0
0
0.034646
0
0
0
0
0
0
0
0
0
0
0.158661
0.019685
0
0
0
0
0
0
0
0
0
0
0.484252
0.086614
0
0
0
0
0.064961
0.505906
0.139764
0.017717
0
0
0
0
0
0.005906
0
0
0
0.001181
0.094488
0.244882
0.307874
0
0.247244
0.274409
0
0.074803
0.139764
0.376772
0.901575
0.10315
0.477165
0.532283
0.106299
0.049213
0.668504
0.80315
0.075591
0.318898
0.391732
0.547244
0.112205
0.755906
0.579921
0.098425
0.008661
0.014961
0.02874
0.040157
0.059055
0.147638
1.139764
0.05
0.034646
0.322047
0.031496
0.216535
0.271654
0.020472
0.069685
0.090551
0
0
0
0
0.006693
0.259843
0.312205
0.597638
0.41063
0.399606
0.351575
0.046063
0
0.502756
0.074803
0.162205
0
0
0
0
0.004724
0
0.001181
0
0.043307
0
0.119291
0.110236
0.471654
0.41811
0.098425
0.05
0
0.088583
0.096457
0.001181
0.026772
0
0
0.101575
0.005906
0
0
0
0
0.22126
0.363386
0.043307
0
0
0
0
0
0
0
0.155512
0.077953
0.104331
0.677165
0.148819
0.021654
0.204724
0.011811
0
0
0
0
0
0
0
0
0
0.09252
0.273622
0.104331
0
0.059055
0.020472
0.016929
0.031496
0.111417
0.031496
0.044094
0.31378
0.006693
0.070866
0
0
0
0.137795
0.168504
0.051181
0
0
0
0
0
0
0
0
0
0
0
0.001181
0
0
0.054331
0.257874
0.059843
0.004724
0
0.253937
0.05315
0.031496
0.173228
0.09252
0.032283
0
0
0
0
0
0
0
0.035433
0.02874
0
0.688189
0.122835
0.003937
0
0
0
0
0
0
0
0
0
0
0
0
0
0
0
0
0
0.105118
0.024409
0.05
0.004724
0
0
0
0
0.046063
0
0.045276
0.079921
0.299213
0
0
0
0
0
0
0
0.020472
0
0
0
0
0
0
0
0
0.037402
0.016929
0
0
0.030315
0.048425
0
0
0
0
0
0
0
0
0
0
0
0
0
0
0
0
0
0
0
0
0.016929
0.007874
0
0
0
0
0
0
0
0.016929
0
0
0
0
0
0
0
0
0
0
0
0
0.006693
0
0
0
0
0
0
0
0
0
0
0
0
0
0
0
0
0
0
0
0
0
0
0
0
0
0
0
0
0
0
0
0
0.062205
0.011811
0
0
0
0
0
0
0
0
0
0.045276
0.005906
0
0.076772
0
0
0
0
0
0
0
0
0.009843
0.054331
0.012598
0
0.074016
0.021654
0
0
0
0
0
0
0
0
0
0
0
0
0
0
0
0.012598
0
0
0
0
0
0
0.00315
0
0
0
0
0
0
0
0
0
0
0.668504
0.253937
0.707874
0.326772
0.057087
0.047244
0.021654
0
0
0.490157
0
0
0
0
0
0
0.031496
0.054331
0.011024
0
0
0
0
0
0
0
0.006693
0
0
0
0
0
0.206693
0.055118
0.153543
0.165354
0.548425
0.478346
0.929921
0.324016
0.085433
0.040157
0.041339
0.229134
0.041339
0
0.021654
0.074803
0.302362
0.352362
1.595669
0.717717
0.685827
0.744094
0.285433
0.243307
0.035433
0.069685
0.001181
0
0
0
0
0
0.044094
0.451969
0.409449
0.835827
0.125984
0.006693
0
0
0
0
0.032283
0.031496
0.219291
0.05
0.572835
0.070866
0.329921
0.089764
0.095276
0.184252
0.069685
0.183071
0.072047
0.044094
0
0
0
0
0
0
0
0
0
0.104331
0.192913
0.077953
0.372047
0.080709
0.038583
0.01378
0.035433
0.018504
0.005906
0.001969
0
0
0
0
0
0.045276
0.054331
0.02874
0.072835
0
0
0
0.008661
0.012598
0.070866
0.033465
0.001969
0
0.470472
0.656299
0.194094
0.133071
0.01378
0
0.049213
0.062992
0.149606
0.278346
0.051181
0.076772
1.067717
0.163386
0.038583
0
0
0
0.134646
0.106299
0.094488
0.244882
0.087402
0.172441
0.057087
0.035433
0
0
0.061024
0.049213
0.114173
0.347244
0.090551
0.003937
0.064961
0.170079
0.012598
0
0
0.189764
0
0.274409
0.122047
0.083465
0.011811
0.049213
0.020472
0.059843
0.02874
0
0.030315
0.262992
0.151575
0.011024
0
0.070866
0.112205
0.019685
0.03937
0.200787
0.026772
0
0
0
0
0
0
0
0
0
0
0
0
0
0
0
0
0.03937
0
0
0
0
0
0
0
0
0
0
0
0
0
0
0
0
0
0
0
0
0
0
0
0
0
0
0
0
0
0
0
0
0
0
0
0
0
0
0.114173
0
0
0
0
0
0
0
0
0
0
0
0
0
0
0
0.035433
0.084646
0
0
0
0
0
0
0
0
0.026772
0.086614
0
0
0.034646
0
0
0
0
0
0
0
0
0
0
0
0
0
0
0.004724
0.131102
0
0
0
0
0
0.076772
0
0
0
0
0
0.00315
0
0.004724
0
0.120079
0.283465
0.354331
0.10315
0
0
0
0
0
0.019685
0
0
0
0
0
0
0
0
0
0
0
0
0
0
0
0
0
0.011024
0
0
0
0
0.015748
0.006693
0.031496
0.00315
0
0
0
0
0
0
0
0
0
0
0
0
0
0
0
0.001181
0.043307
0.017717
0
0.022441
0.320866
0
0.237402
0.087402
0.030315
0.084646
0.163386
0.015748
0.015748
0.003937
0
0
0.127953
0.116142
0.226378
0.016929
0
0.069685
0.055906
0.031496
0
0.035433
0
0.174409
0.059055
0
0.420472
0.582677
0.140945
0.054331
0.001181
0.006693
0.112205
0.483071
0.233465
0.206693
0.061024
0.114961
0.02874
0.420472
0.816142
0.661417
0.286614
0.049213
0
0
0
0.090551
0.020472
0
0.139764
0.372047
0.016929
0.09252
0.06378
0
1.691732
0.238976
0.040157
0.570079
0.658661
0.131102
0.083465
0.019685
0.111417
0.315748
0.296457
0.127953
0.086614
0
0
0.011811
0
0.158661
0.072047
0
0
0.079921
0.127953
0.043307
0
0.036614
0.074803
0.147638
0
0.915354
0.072047
0.21378
0.231496
0.25315
0
0.133071
0.114173
0.008661
0.016929
0
0.113386
0.046063
0
0
0
0
0
0
0
0.244094
1.393701
0.890551
0.072835
0.004724
0
0.074016
0.113386
0.068898
0.211811
0.509843
0.070866
0.049213
0
0.682283
0.10315
0.038583
0.011024
0.036614
0.037402
0
0
0
0
0
0
0
0
0
0
0
0
0
0
0
0
0
0
0
0.077953
0.185039
0.006693
0
0
0.022441
0.047244
0
0
0
0
0
0
0
0
0
0
0
0
0.015748
0.153543
0.134646
0.070866
0.114173
0.059055
0.14252
0.151575
0.084646
0.029528
0
0
0
0
0
0
0
0
0
0
0
0
0
0
0.09252
0.077953
0.28937
0.141732
0.033465
0.011024
0
0
0
0
0.445669
0.200787
0.072835
0.363386
0
0.031496
0
0
0.008661
0.01378
0.504724
0.14252
0.006693
0
0
0
0
0
0
0
0.005906
0.051181
0.022441
0.032283
0.00315
0
0
0
0
0
0
0
0
0
0
0
0
0
0
0
0
0
0.017717
0.194094
0.190945
0
0
0
0
0
0
0
0
0
0
0
0
0
0
0
0
0
0
0.038583
0
0
0
0
0.006693
0
0
0
0
0
0
0
0
0
0.055118
0.032283
0
0
0
0
0
0
0
0
0.032283
0
0
0
0
0
0
0
0.032283
0.116142
0.029528
0.011024
0.02874
0.012598
0
0
0
0
0
0
0.003937
0
0
0
0
0
0
0
0
0.006693
0.018504
0.055906
0.040157
0.04252
0.001969
0.065748
0.030315
0.136614
0.032283
0
0
0
0
0
0
0
0
0
0
0
0
0
0
0
0
0
0.105118
0.068898
0
0
0
0
0
0
0.012598
0.350394
0.45
0.209449
0.041339
0.004724
0.253937
0.798031
0
0.266929
0.195669
0.044094
0.072835
0
0.10315
0
0
0.230315
0.124803
0
0
0
0
0
0.007874
0.00315
0
0.088583
0
0
0.095276
0.011024
0
0.003937
0
0
0
0
0
0.230315
0.116929
0.270866
0.055906
0
0.003937
0
0
0
0
0
0
0.511811
1.01378
1.683071
0.233465
0.004724
0
0
0.099606
0
0
0
0
0
0
0
0
0
0
0
0.099606
0.637795
0.093701
0.134646
0.25315
0.08189
0.177165
0.316929
0.167323
0
0
0
0.065748
0.409449
0.238189
0.139764
0.061024
0
0
0
0.25315
0.022441
0
0
0
0
0
0
0
0
0
0
0.041339
0.031496
0
0
0
0
0
0
0
0.014961
0
0.090551
0
0
0
0
0
0.084646
0.100394
0
0
0
0
0.020472
0.201575
0.001181
0
0
0
0
0
0.003937
0.089764
0.001969
0.075591
0.011811
0.025591
0.025591
0.025591
0
0
0
0
0
0
0
0
0
0
0.05315
0
0.047244
0.020472
0.032283
0.258661
0.086614
0.05315
0.035433
0.012598
0.021654
0.244094
0.253937
0.089764
0.035433
0
0
0.02874
0.021654
0.025591
0.025591
0.024409
0.29252
0.251969
0.043307
0.237402
0.004724
0.006693
0.043307
0.012598
0
0.312992
0.114173
0.034646
0.003937
0.009843
0
0.264567
0.162205
0.02874
0
0.129921
0.896457
0.064961
0.044094
0.059843
0.047244
0.005906
0.08189
0.258661
0.074016
0.075591
0.673228
0.701969
0.307087
0.13189
0.035433
0.011024
0.041339
0.175984
0.095276
0.079921
0.501181
0.227559
0.02874
0
0.040157
0
0
0
0
0
0.054331
0.190945
0.011024
0.017717
0.005906
0.00315
0
0
0
0.021654
0.037402
0.033465
0
0
0
0
0
0
0
0.00315
0.021654
0.089764
0.110236
0.008661
0
0
0
0
0
0.008661
0
0
0
0
0
0
0
0
0
0
0
0
0
0.001969
0
0
0
0
0
0
0
0
0
0
0
0
0
0
0
0
0
0
0
0
0
0.10315
0
0
0
0
0
0
0
0
0
0
0
0
0
0
0
0
0
0
0
0
0
0
0
0
0
0
0
0
0
0
0
0
0
0
0
0
0
0
0
0
0.022441
0.035433
0
0
0.014961
0
0.05315
0.020472
0
0
0
0
0
0.192126
0
0
0
0
0
0
0.059843
0.135827
0.318898
0.025591
0
0
0
0
0.017717
0.004724
0.011811
0
0
0
0.12126
0.074016
0.025591
0
0
0
0
0
0
0
0.036614
0.014961
0.044094
0.235039
0.077953
0.038583
0
0.059055
0.282677
0.360236
0.723622
0.719291
1.059843
1.272835
0.978346
0.129134
0.095276
0.06811
0.083465
0.501969
0.33189
0.036614
0
0
0
0
0
0
0
0
0
0.390945
0.454724
0.15748
0.036614
1.033465
0.095276
1.114173
0.953937
0.544094
0.083465
0.026772
0
0
0.185827
0.059055
0
0
0
0
0
0
0
0
0.227559
0.485039
0.469685
0.284252
0.360236
0.363386
0.226378
0.187008
0.286614
0.650394
1.003937
0.833465
1.12874
2.110236
0.976378
0.558268
0
0.21063
0
0
0.05315
0.216535
0.173228
0.114961
1.009843
0.049213
0.201575
0.450787
0.134646
0.37874
0.56811
0.335433
0.164567
0.19685
0.44685
0
0
0
0
0.031496
0.183071
0.877953
0.520866
0.507087
0.18189
0.647638
0.268504
0.175984
0.12126
0.104331
0
0
0
0
0
0
0
0
0
0
0
0
0.099606
0
0
0
0
0
0
0
0
0.141732
0.984252
0.175197
0.11811
0
0.099606
0.06378
0.011024
0.116142
0.11811
0.244882
0.270866
0.149606
0.023622
0.017717
0.41063
0.364961
0.148819
0.133071
0.037402
0
0
0.169291
0
0.011024
0.003937
0.25315
0.101575
0
0
0.136614
0.026772
0.08189
0.208661
0.23622
0.251969
0.062205
0.051181
0.024409
0.049213
0
0
0.079921
0.096457
0.099606
0.059055
0
0.035433
0.337402
0.152756
0.022441
0
0
0.014961
0.052362
0.008661
0
0.025591
0
0
0
0
0
0
0
0
0
0
0
0
0
0
0
0
0
0
0
0
0
0
0.020472
0.09252
0.199606
0.093701
0.102362
0.044094
0.045276
0.030315
0.020472
0.216535
0.107087
0.030315
0
0
0
0.13189
0.079921
0.055118
0.011024
0
0
0
0
0
0
0
0
0.006693
0
0.062205
0
0
0
0
0
0
0
0
0
0
0
0.136614
0.054331
0.069685
0
0
0
0
0
0
0
0
0
0
0
0
0
0
0
0
0
0
0
0
0
0
0
0
0
0
0
0
0
0
0
0
0
0
0
0
0.001969
0.025591
0.030315
0.05
0
0
0
0
0
0
0
0
0
0
0
0
0
0
0
0
0
0
0
0
0
0
0
0
0
0
0
0
0
0
0
0
0
0
0
0
0.019685
0.035433
0.007874
0
0
0
0.040157
0
0
0
0
0
0
0
0
0
0
0
0
0
0.131102
0.098425
0.017717
0
0
0
0
0
0
0
0
0.454724
0.21063
0
0
0
0.022441
0
0
0
0
0
0
0
0
0
0
0
0.008661
0.32874
0.400787
0.30315
0.198819
0.021654
0.811811
0.393701
0
0.38189
0.269685
0.629921
1.391732
0.195669
0.28937
0.091732
0
0
0.316929
0.230315
0.360236
0.442126
0.205512
0.09252
0.21378
0.555118
0.496063
0.319685
0.007874
0.116142
0.009843
0
0
0
0
0
0
0
0.034646
0.170079
0.629134
0.941732
1.031496
0.485039
0.061024
0
0
0
0
0.33189
0.18189
0.076772
0.015748
0.185039
0.393701
1.046457
0.325591
0
0
0
0
0
0.274409
1.01063
0.200787
0.187008
0.450787
0.024409
0
0.001969
0.030315
0.036614
0
0
0
0
0.021654
0
0
0
0
0
0
0
0
0
0
0
0
0
0
0
0
0
0
0
0
0.025591
0.105118
0.257087
0.231496
0.22126
0.108268
0.009843
0
0.147638
0.178346
0.029528
0.101575
0
0
0.377953
0.848425
0.298031
0.114961
0.423228
0.129134
0.204724
0.216535
0.179921
0.080709
0.324803
0
0
0
0
0.151575
0.020472
0.026772
0
0
0
0
0
0
0
0
0
0.047244
0.01378
0
0
0
0.04252
0.148819
0.393701
0.129921
0.04252
0
0
0.011811
0
0.003937
0
0
0
0.041339
0.047244
0.13189
0.242126
0
0.296457
0.00315
0.040157
0.135827
0
0.003937
0.159449
0.02874
0.06378
0.051181
0.583465
0.086614
0.074016
0
0
0
0
0
0
0
0.316929
0.057087
0.046063
0.003937
0
0
0
0.06811
0.072835
0
0
0
0
0
0
0
0
0
0
0.021654
0
0
0.027559
0
0
0
0
0
0
0
0
0.026772
0.012598
0
0.202756
0.135827
0.012598
0
0
0.059843
0.004724
0
0
0
0
0
0
0
0
0
0
0
0
0
0
0
0
0
0
0
0
0
0
0
0
0
0.018504
0
0
0
0.104331
0.163386
0
0
0
0
0
0.338583
0.244094
0.14252
0
0
0
0
0
0
0
0
0
0
0
0
0
0
0
0
0
0
0
0
0
0
0
0
0
0
0
0
0
0.101575
0.046063
0.054331
0
0
0
0
0
0
0
0
0
0.155512
0.025591
0
0
0
0.077953
0
0
0
0
0
0
0
0
0
0
0.00315
0.070866
0
0
0.065748
0
0
0
0
0
0
0
0.025591
0.185039
0.05
0.175984
0
0.09252
0.043307
0.03937
0.014961
0
0
0
0.311024
0.055906
0.033465
0
0
0
0.234252
0.114961
0.192913
1.175197
0.807087
0.091732
0
0
0
0
0
0
0
0
0.119291
0
0
0
0
0
0
0
0
0
0
0.015748
0.398425
0.044094
0.417323
0.102362
0
0.134646
0.582677
0.594488
0.258661
0.179134
0
0
0
0
0
0
0.055906
0.051181
0
0
0
0.001181
0.11811
0.827559
0
0.070866
0.280315
0.144488
0.020472
0
0
0
0
0
0.016929
0
0.243307
0.13189
0.05315
1.12126
0.396457
0.033465
0.030315
0.178346
0.033465
0.466535
0.086614
0.655512
0.375984
0.30315
0.149606
0.023622
0
0
0.610236
0.924409
1.085827
0.472441
0.757874
0.542126
0.654331
0.647638
0.229134
0.140945
0.00315
0.102362
0
0.044094
0
0
0.195669
0.170079
0.009843
0
0.001181
0.044094
0.075591
0.957874
0.975197
0.526772
0.644882
0.617323
0.900787
0.33937
0.757087
0.244882
0
0.083465
0.238189
0.127953
0.007874
0
0
0
0.048425
0
0
0
0
0
0
0.011024
0.022441
0.044094
0.175984
0.089764
0.151575
0.17126
0
0.076772
0
0.169291
0.15748
0
0.012598
0
0
0
0.138976
0
0
0.05315
0
0.315748
0.158661
0.798031
0.293307
0.25315
0.187008
0.422441
0.49685
0.14252
0.01378
0
0.224409
0.057087
0.349606
0.268504
0.088583
0.185039
0.003937
0.011024
0
0
0
0
0.023622
0.062992
0.077953
0.051181
0.167323
0.001181
0
0
0
0.016929
0.098425
0.00315
0
0
0.001181
0.122835
0.163386
0.041339
0.348425
0.225197
0
0
0
0.11811
0.045276
0.316929
0.06378
0
0
0
0
0
0.015748
0
0
0
0
0
0
0
0
0
0
0
0
0.015748
0.156299
0.024409
0.058268
0.072047
0.031496
0.173228
0.082677
0.51378
0.467717
0.088583
0
0.12126
0
0.175197
0.113386
0.025591
0.034646
0.020472
0
0
0.017717
0
0
0
0
0
0
0
0
0
0
0
0.00315
0
0.001181
0
0
0
0
0.041339
0.05315
0
0
0
0
0
0
0
0
0
0
0
0
0
0
0
0
0
0
0
0
0
0.037402
0
0
0
0
0
0
0
0
0
0
0
0
0
0
0.058268
0.08189
0
0
0
0
0
0
0
0
0
0
0.024409
0.038583
0.131102
0.034646
0
0.001181
0
0
0
0
0
0
0
0
0
0
0
0
0
0
0
0
0
0
0
0
0
0
0
0
0
0
0
0
0
0.030315
0
0
0
0
0
0
0
0
0
0.045276
0.036614
1.021654
0.3
0.001969
0
0
0
0.093701
0
0
0
0
0
0
0
0
0.077953
0
0.00315
0
0
0
0
0
0
0
0
0
0.024409
0.036614
0.270866
0.204724
0.517717
0.234252
0.73622
0.10315
0.110236
0
0
0.084646
0.594488
0.037402
0.030315
0
0
0
0
0
0.021654
0.076772
0.011024
0.003937
0
0
0.006693
0
0
0
0
0
0
0
0
0
0
0
0.116142
0.009843
0
0
0
0.379921
0.061024
0.217717
0.087402
0
0.034646
0.455512
0.113386
0.415354
0.388976
0.257874
0.218504
0.633858
0.119291
0.190945
1.110236
0.531496
0.061024
0.011024
0.583465
0.641732
0.057087
0
0.430315
0.131102
0.244094
0.204724
0.02874
0
0
0
0
0
0
0
0
0
0
0
0
0.05
0.014961
0.004724
0.021654
0.178346
0
0.011024
0.019685
0
0
0.169291
0
0
0
0
0.149606
0
0
0.04252
0.011811
0.271654
0.029528
0.131102
0.21063
0.153543
0.021654
0.017717
0.025591
0
0
0
0.058268
0.583465
0.14252
0.003937
0.154331
0.014961
0
0.001969
0.164567
0.768504
0.437008
0.076772
0.13189
0
0
0.036614
0.093701
0
0
0
0
0.04252
0.711811
0.097244
0
0
0
0
0.177165
0.030315
0
0.003937
0.030315
0
0
0.098425
0
0
0.017717
0.138976
0.160236
0.012598
0
0
0
0.108268
0.188189
0.219291
0.065748
0.00315
0.062205
0.027559
0.004724
0
0
0.011024
0
0
0
0
0
0
0
0
0
0.012598
0.023622
0
0.148819
0.194882
0.942913
0.192126
0.820079
0.06811
0.072835
0
0
0
0
0.011811
0
0.25315
0.017717
0
0
0
0.001181
0.003937
0
0
0
0
0
0
0
0
0.152756
0.004724
0.074016
0.134646
0.179921
0.31378
0.259843
0.018504
0.159449
0
0
0
0.043307
0.302362
0.200787
0.02874
0.216535
0.011024
0.012598
0.001181
0
0.003937
0
0.005906
0.001181
0
0
0
0
0
0
0
0
0
0
0
0
0
0
0
0
0
0
0
0
0
0
0
0
0
0
0
0
0
0
0
0
0
0
0
0
0
0.007874
0
0.005906
0.09252
0.145669
0
0
0
0.024409
0.001181
0
0
0
0
0
0
0
0
0
0
0
0
0
0
0
0
0
0
0
0
0.005906
0
0
0
0
0
0
0
0.001181
0
0
0
0
0
0
0.019685
0.001181
0
0
0
0
0
0
0
0
0
0
0
0
0
0
0.017717
0.030315
0.007874
0
0
0.014961
0.011811
0
0
0
0
0
0
0
0.136614
0.435039
0.167323
0.004724
0
0.006693
0.004724
0.120079
0.001181
0.001181
0
0.072047
0
0
0.282677
0.024409
0.012598
0.038583
0.016929
0.022441
0
0
0
0
0.429134
0.072047
0.02874
0
0.162205
0
0.068898
0.10315
0.06378
0
0
0.005906
0.094488
0
0.003937
0.215354
0.580709
0.022441
0
0
0
0.129921
0.020472
0.011024
0.011024
0
0
0
0
0
0.001181
0.024409
0
0
0
0
0.129921
0.079921
0.001181
1.108268
0.731496
0.020472
0.029528
0.007874
0.046063
0.133071
0.21378
0.017717
0
0
0
0.090551
0
0
0.625197
0.438976
0.134646
0.265748
0.001181
0
0.074016
0.214567
0.06811
0.009843
0.114173
0.014961
0.001969
0.317717
0.459843
0.09252
0
0.004724
0.122047
0.122835
0.175197
0.058268
0.175984
0.093701
0.01378
0.612205
0.60315
0.458661
0.041339
0
0.001181
0.179134
0.041339
0.192913
0.145669
0.129921
0.074016
0.223622
0.106299
0.055906
0.009843
0.04252
0.001969
0.172441
0.133071
0.082677
0.102362
0.06378
0.025591
0.005906
0
0
0
0
0
0
0.714567
0.109449
0.037402
0.406299
0
0
0.008661
0.161417
0.405512
0.001181
0
0
0.031496
0.027559
0.204724
0.005906
0.038583
0.37126
0
0
0
0
0
0
0
0.003937
0.083465
0.00315
0
0.21378
0.162205
0.049213
0
0.37126
0.716535
0.141732
0.022441
0.296457
0.423228
0.029528
0.101575
0.125984
0.014961
0.05
0.001181
0
0.001181
0.085433
0.068898
0.003937
0.044094
0
0
0
0
0.06378
0.238976
0.030315
0
0
0
0.003937
0.633858
0.37874
0.105118
0.169291
0.023622
0.001181
0.00315
0.086614
0.001181
0.021654
0
0
0
0.162205
0.222441
0
0
0
0
0
0
0.048425
0.055118
0.216535
0.023622
0.225197
0.031496
0
0.00315
0.273622
0.100394
0.072047
0.009843
0
0.015748
0.017717
0.124803
0.379921
0.851181
0.045276
0.01378
0.011024
0.00315
0.025591
0.107087
0.047244
0
0
0
0
0
0.001969
0
0.005906
0
0
0
0
0
0.030315
0
0
0
0
0
0
0.001181
0
0
0
0
0
0.00315
0
0.016929
0
0
0
0
0
0
0
0
0
0
0
0
0
0
0
0
0.024409
0.009843
0
0.00315
0
0
0
0.022441
0
0
0
0
0
0
0
0
0
0
0
0.009843
0
0
0.031496
0
0
0
0
0
0
0
0
0
0
0.046063
0.026772
0.13189
0.009843
0.007874
0
0
0
0
0
0.032283
0.046063
0.016929
0
0.004724
0
0.00315
0
0
0.00315
0.137795
0.594488
0.285433
0.004724
0
0.00315
0
0
0.00315
0
0
0
0
0
0
0
0.06811
0
0
0
0.001181
0.124016
0.090551
0.027559
0
0
0
0
0
0
0
0
0
0
0
0.364173
1.584646
0.966535
0.393701
0.072835
0.345276
0.612205
0.020472
0.234252
0.001969
0
0
0
0
0
0.562992
0.163386
0.004724
0.477165
0.007874
0.00315
0
0.033465
0.017717
0.011811
0
0.144488
0.211811
0.091732
0.251181
0.391732
0.614961
0.051181
0.004724
0
0.614173
0.184252
0.011024
0.034646
0.721654
0.375984
0.332677
0.126772
0.004724
0.309055
0.003937
0.122047
0.051181
0.255906
0.45
0.198031
0.246063
0.646457
0.147638
0.001969
0
0.658661
0.485039
0.498031
0.049213
0.088583
0
0
0
0.19685
0.240945
0.810236
1.616142
0.316929
0
0
0.069685
0
0.005118
0.011024
0
0.001969
0.006299
0
0.000787
0.001969
0.008268
0.093307
0.200394
0.024409
0.06063
0.130709
0.034252
0.020472
0.000787
0
0
0
0
0
0
0
0
0
0.006299
0.016929
0.006299
0
0
0
0
0.001969
0.004724
0
0
0
0
0
0
0
0.009055
0.255512
0.449213
0.085827
0.079134
0.05748
0.012992
0.003543
0.02126
0.020472
0.083858
0.073622
0.011024
0.008661
0
0
0.005118
0.011024
0.009843
0.094882
0.250394
0.145276
0.01811
0.020866
0.041339
0.018898
0.003937
0.036614
0.083858
0.149213
0.163386
0.029528
0.052362
0.04252
0.129921
0.092913
0.020079
0.009055
0.016929
0.032283
0.049606
0.071654
0.043307
0.005906
0.00315
0.001969
0.021654
0.048819
0.001969
0.013386
0.016535
0.048819
0.068504
0.013386
0
0.007087
0.016535
0.043307
0.076772
0.035039
0.07126
0.048819
0.132677
0.094094
0.027953
0.138583
0.159449
0.005118
0.017717
0.054724
0.03622
0.005118
0
0.005118
0.004331
0
0
0
0
0
0
0
0.001969
0.005512
0
0
0.018898
0.029134
0
0
0.013386
0.037008
0.06063
0.062205
0.001181
0
0
0
0
0.035039
0.104724
0.046063
0.009055
0.009055
0.005512
0.001969
0.021654
0.051181
0.035433
0
0
0.006693
0.012598
0
0
0
0
0
0.001969
0.004724
0
0
0
0
0
0
0
0
0
0
0
0
0
0.005906
0.012598
0
0
0
0
0
0
0
0
0
0
0
0
0
0
0.024016
0.004331
0.010236
0.005118
0.002756
0.056693
0.106299
0
0
0
0
0
0
0
0
0
0
0
0.001575
0.000787
0
0
0
0
0
0
0
0
0
0
0
0
0
0
0
0
0
0
0
0
0
0
0
0
0
0
0
0
0
0
0
0
0
0
0
0
0
0
0
0.001181
0
0.07874
0.050787
0.029134
0.046063
0.022441
0
0
0
0
0
0
0
0
0
0
0
0
0
0
0
0
0.004331
0.03937
0.074803
0.016535
0
0
0.087795
0.169291
0.001969
0
0
0
0
0
0
0
0
0
0
0
0
0
0
0
0
0
0
0
0
0
0
0.001181
0.005906
0.032283
0.034252
0.005906
0
0
0
0
0
0
0
0.005906
0.012205
0.037402
0.103543
0.020079
0.027165
0.003937
0.005118
0.05315
0.116535
0.001181
0
0.020079
0.044488
0.001969
0.005118
0
0
0
0
0
0
0
0
0
0
0
0
0
0.001969
0.000787
0
0
0
0
0
0
0
0
0
0
0.002756
0.057087
0.147244
0.325984
0.09252
0.041732
0
0
0
0
0
0.001969
0
0
0
0
0
0
0
0
0.052756
0.032283
0.002756
0.024409
0.025984
0.154724
0.222441
0.046457
0.083071
0.06378
0.112992
0.131496
0.014173
0.005118
0.000787
0
0.013386
0.024409
0.004724
0
0
0
0
0.012205
0.037402
0.005512
0.004724
0.010236
0.077165
0.156693
0.014961
0.012205
0.004724
0.001969
0.004724
0.020472
0.111811
0.055118
0.005512
0
0.03189
0.006693
0.023228
0.014961
0.03189
0.042913
0.031496
0
0
0
0.005906
0.007874
0
0
0
0.043307
0.11378
0.061417
0.184252
0.242913
0.15748
0.441732
0.285433
0.014961
0.062598
0.078346
0.035433
0.048425
0.012205
0
0.003937
0.014173
0.124803
0.170472
0.052362
0.081496
0.13937
0.022835
0.006299
0.026772
0.064173
0.038189
0.013386
0
0
0
0.040551
0.109843
0.085827
0.040551
0.007087
0.00315
0.014567
0.031102
0.067323
0.096457
0.009449
0
0
0
0
0.109843
0.220079
0.001181
0
0
0
0
0.003543
0.016142
0.024409
0.007087
0
0
0
0
0
0
0
0
0
0
0.009843
0.027953
0
0
0
0
0
0.001969
0.133858
0.190157
0.058661
0.007087
0
0
0
0
0
0
0.071654
0.173228
0.070472
0.009843
0.011811
0
0
0
0
0
0
0
0
0
0
0
0
0
0.001969
0.037402
0.06063
0.000787
0.044094
0.088976
0
0
0
0.04252
0.103937
0
0
0
0
0
0
0
0
0
0
0
0
0
0
0.005118
0
0.005118
0.014567
0
0
0
0
0.004331
0.002756
0
0
0
0
0
0
0
0
0
0
0.033071
0.019685
0
0
0
0
0
0
0
0
0
0
0.008268
0.015354
0.000787
0
0
0
0
0
0
0
0
0
0
0
0
0
0
0
0
0
0
0
0
0
0
0
0
0
0
0
0
0
0
0
0
0
0
0
0
0
0
0
0
0
0
0
0
0
0
0
0
0
0
0
0
0
0.005512
0.019291
0.005512
0.058661
0.061417
0
0
0.008661
0.014961
0.008661
0.056299
0.185039
0.195276
0.11811
0.006299
0.003543
0.008661
0.005512
0.005512
0.075984
0.020079
0.011024
0.012205
0
0.001969
0.005118
0
0.035433
0.087402
0.026378
0.017323
0.041339
0.011024
0.014173
0
0.062205
0.164567
0.148819
0.007087
0.122835
0.08622
0
0.005118
0.014173
0
0
0
0.017323
0.375984
0.564567
0.266929
0.369685
0.171654
0.044882
0.04685
0.004724
0.003937
0.000787
0
0.001969
0.02874
0.051575
0.006299
0.026378
0.035433
0.070079
0.085039
0.001969
0
0.218504
0.418504
0.256693
0.368898
0.151181
0.115748
0.708268
0.04685
0.028346
0.030709
0.000787
0
0
0
0
0
0.150787
0.177165
0.202362
0.018898
0.082283
0.09685
0.012205
0
0
0
0
0
0
0
0
0
0
0
0.013386
0.069685
0.14252
0.028346
0.008268
0.009055
0
0
0
0
0
0
0.001969
0.005512
0.034252
0.076378
0.001181
0
0
0
0
0
0
0
0
0
0.084646
0.207874
0.010236
0
0.027165
0.100394
0.02874
0.001181
0
0.009055
0.022441
0.005906
0.011024
0.025197
0
0.028346
0.053543
0.029528
0.005118
0
0
0
0
0
0
0
0
0
0
0.007087
0.016142
0.005118
0
0
0
0.009055
0.018898
0.012205
0.005118
0
0.005118
0.194882
0.402362
0.012598
0.005118
0.001181
0.005118
0.013386
0.043307
0.03937
0
0.001969
0.001181
0
0
0.001969
0.009449
0.018504
0.004331
0
0
0
0
0
0
0
0
0
0
0
0
0
0
0
0
0
0.040551
0.147244
0.209449
0.176772
0.067717
0
0
0
0
0.001969
0.021654
0.125197
0.169685
0.014567
0
0
0.024409
0.03622
0.020079
0
0
0.044094
0.129134
0.073228
0.016929
0
0
0
0
0
0
0
0
0
0
0
0
0
0
0
0
0
0
0
0.01378
0.029134
0.002756
0
0.051181
0.298425
0.426772
0.103543
0.138976
0
0
0
0
0.012992
0.034252
0
0
0
0
0
0
0
0
0
0
0
0
0
0
0
0
0
0
0
0
0
0
0
0
0
0
0
0
0
0
0
0
0
0
0.022441
0.055512
0.001969
0.008268
0.001969
0
0.029528
0.014173
0
0
0
0
0
0
0
0.02874
0.080709
0.004331
0.017323
0.055512
0.006299
0
0
0
0
0
0
0
0
0
0.003543
0.002362
0
0
0
0
0
0
0
0
0
0.102756
0.249213
0.016929
0
0.180709
0.442126
0.084646
0.012598
0.072047
0.124803
0.016929
0
0.031496
0.161417
0.19252
